3.374478518962860107e-01
6.385231614112854004e-01
-4.047187474043312250e-07
3.987874984741210938e-01
5.842927694320678711e-01
-4.173633456230163574e-02
4.097549319267272949e-01
4.516841769218444824e-01
-6.192026287317276001e-02
3.282207846641540527e-01
3.866587281227111816e-01
-7.889857888221740723e-02
2.641879916191101074e-01
3.449354171752929688e-01
-8.759259432554244995e-02
4.047825932502746582e-01
3.561003506183624268e-01
-1.709277369081974030e-02
4.211527705192565918e-01
3.080652952194213867e-01
-6.559899449348449707e-02
4.186602532863616943e-01
4.056149125099182129e-01
-9.676845371723175049e-02
4.117968678474426270e-01
4.832074642181396484e-01
-1.109284758567810059e-01
3.463068008422851562e-01
3.614883422851562500e-01
-1.728528924286365509e-02
3.678708076477050781e-01
2.866160273551940918e-01
-6.971213221549987793e-02
3.773910403251647949e-01
3.950878381729125977e-01
-8.556693792343139648e-02
3.759457170963287354e-01
4.756011962890625000e-01
-8.209277689456939697e-02
2.928671240806579590e-01
3.821609616279602051e-01
-2.650758810341358185e-02
3.079428970813751221e-01
2.879565954208374023e-01
-7.888200879096984863e-02
3.345356583595275879e-01
3.925442993640899658e-01
-7.552059739828109741e-02
3.383289873600006104e-01
4.617271423339843750e-01
-5.931283161044120789e-02
2.427542805671691895e-01
4.210783839225769043e-01
-3.905063495039939880e-02
2.792148292064666748e-01
3.908162713050842285e-01
-8.123347163200378418e-02
3.056458830833435059e-01
4.684248566627502441e-01
-8.074489980936050415e-02
3.065182566642761230e-01
5.107572674751281738e-01
-7.050058990716934204e-02
