6.494930982589721680e-01
6.749821901321411133e-01
-8.385165415347728413e-07
5.677115917205810547e-01
5.983352065086364746e-01
-3.243476524949073792e-02
5.654575228691101074e-01
4.256342649459838867e-01
-4.887899756431579590e-02
6.512381434440612793e-01
3.367314338684082031e-01
-6.530434638261795044e-02
7.048736810684204102e-01
2.561041712760925293e-01
-7.898252457380294800e-02
5.579766631126403809e-01
3.440127372741699219e-01
-1.278885826468467712e-02
5.295600295066833496e-01
2.623927891254425049e-01
-5.803678557276725769e-02
5.278558731079101562e-01
3.587106168270111084e-01
-9.068448096513748169e-02
5.376774072647094727e-01
4.447529315948486328e-01
-1.064797043800354004e-01
6.163308024406433105e-01
3.289169073104858398e-01
-1.810307800769805908e-02
5.770697593688964844e-01
2.244795411825180054e-01
-6.301306188106536865e-02
5.682156682014465332e-01
3.338453769683837891e-01
-8.387808501720428467e-02
5.773731470108032227e-01
4.275620281696319580e-01
-8.757086843252182007e-02
6.758784651756286621e-01
3.396052718162536621e-01
-3.133764490485191345e-02
6.520968079566955566e-01
2.090970426797866821e-01
-6.954590231180191040e-02
6.349884867668151855e-01
3.166511952877044678e-01
-6.943628191947937012e-02
6.350679397583007812e-01
4.056328237056732178e-01
-6.227033957839012146e-02
7.316787242889404297e-01
3.676795363426208496e-01
-4.798988625407218933e-02
6.846375465393066406e-01
3.262644410133361816e-01
-7.753293961286544800e-02
6.749714612960815430e-01
4.174769222736358643e-01
-7.517320662736892700e-02
6.886244416236877441e-01
4.759840071201324463e-01
-6.852050870656967163e-02
