8.583891987800598145e-01
6.588626503944396973e-01
-6.608534022234380245e-07
7.966588139533996582e-01
5.779691934585571289e-01
-3.058367408812046051e-02
8.074687719345092773e-01
4.341253042221069336e-01
-4.652073234319686890e-02
8.933768868446350098e-01
3.601490855216979980e-01
-6.115616112947463989e-02
9.553564190864562988e-01
2.953021824359893799e-01
-7.342378795146942139e-02
7.838822007179260254e-01
3.583808541297912598e-01
-1.049303449690341949e-02
7.758628726005554199e-01
2.903440296649932861e-01
-4.464794322848320007e-02
7.890667319297790527e-01
3.756566941738128662e-01
-7.245121151208877563e-02
7.978272438049316406e-01
4.529905617237091064e-01
-8.738137781620025635e-02
8.422347307205200195e-01
3.504847884178161621e-01
-1.337041240185499191e-02
8.319281339645385742e-01
2.622105479240417480e-01
-5.091556534171104431e-02
8.344051837921142578e-01
3.675012886524200439e-01
-7.276963442564010620e-02
8.344197869300842285e-01
4.544437527656555176e-01
-7.840500771999359131e-02
8.992207646369934082e-01
3.687367439270019531e-01
-2.193103171885013580e-02
9.074100852012634277e-01
2.474036663770675659e-01
-5.834286659955978394e-02
9.002168178558349609e-01
3.332181572914123535e-01
-6.462685018777847290e-02
8.940463066101074219e-01
4.105061590671539307e-01
-6.123084947466850281e-02
9.497812986373901367e-01
4.038516581058502197e-01
-3.250680863857269287e-02
9.357283711433410645e-01
3.594363331794738770e-01
-6.302750855684280396e-02
9.240092635154724121e-01
4.342869818210601807e-01
-6.323289871215820312e-02
9.212962985038757324e-01
4.900283217430114746e-01
-5.747930333018302917e-02
