5.791791677474975586e-01
6.704560518264770508e-01
-8.821404549053113442e-07
5.051287412643432617e-01
6.141423583030700684e-01
-2.562550641596317291e-02
4.930094778537750244e-01
4.679257869720458984e-01
-4.266384616494178772e-02
5.587331056594848633e-01
3.872755467891693115e-01
-5.853618681430816650e-02
6.020079851150512695e-01
3.125146031379699707e-01
-7.310048490762710571e-02
4.879966080188751221e-01
3.810762763023376465e-01
-2.802947722375392914e-02
4.464208185672760010e-01
3.301719427108764648e-01
-7.302661985158920288e-02
4.387641847133636475e-01
4.247893393039703369e-01
-1.029455438256263733e-01
4.491152167320251465e-01
5.075039267539978027e-01
-1.169132739305496216e-01
5.376102328300476074e-01
3.646973967552185059e-01
-3.426461294293403625e-02
4.822230339050292969e-01
2.881406843662261963e-01
-7.842517644166946411e-02
4.700263440608978271e-01
3.946314454078674316e-01
-9.211669862270355225e-02
4.826548099517822266e-01
4.852130413055419922e-01
-9.143550693988800049e-02
5.918639898300170898e-01
3.733867108821868896e-01
-4.614741727709770203e-02
5.461348891258239746e-01
2.697848975658416748e-01
-8.249921351671218872e-02
5.300691127777099609e-01
3.712306618690490723e-01
-7.874398678541183472e-02
5.390796065330505371e-01
4.493622481822967529e-01
-7.025799155235290527e-02
6.422156095504760742e-01
3.987975716590881348e-01
-6.022255122661590576e-02
5.758065581321716309e-01
3.907116949558258057e-01
-8.863215893507003784e-02
5.680956840515136719e-01
4.729245901107788086e-01
-8.609459549188613892e-02
5.899596810340881348e-01
5.170040130615234375e-01
-7.990029454231262207e-02
