6.537005901336669922e-01
5.237258672714233398e-01
-7.183093089224712458e-07
5.827734470367431641e-01
4.868287742137908936e-01
-3.812065348029136658e-02
5.731905698776245117e-01
3.558094799518585205e-01
-5.933435261249542236e-02
6.520859599113464355e-01
2.731415331363677979e-01
-7.745338231325149536e-02
7.057596445083618164e-01
2.057932615280151367e-01
-9.234365820884704590e-02
5.438026189804077148e-01
2.488191574811935425e-01
-3.013018891215324402e-02
5.215339064598083496e-01
2.179512381553649902e-01
-7.671029865741729736e-02
5.434235930442810059e-01
3.186759054660797119e-01
-1.092783957719802856e-01
5.671396255493164062e-01
3.989136219024658203e-01
-1.259749978780746460e-01
5.999106764793395996e-01
2.293817102909088135e-01
-3.166740387678146362e-02
5.734802484512329102e-01
1.839478015899658203e-01
-8.223304897546768188e-02
5.858208537101745605e-01
3.047334253787994385e-01
-9.928684681653976440e-02
5.997629761695861816e-01
3.903833925724029541e-01
-9.963832050561904907e-02
6.562176346778869629e-01
2.396614849567413330e-01
-4.051158949732780457e-02
6.437261104583740234e-01
1.606139987707138062e-01
-8.647736161947250366e-02
6.419126391410827637e-01
2.720605432987213135e-01
-8.477392792701721191e-02
6.416472196578979492e-01
3.495026528835296631e-01
-7.439964264631271362e-02
7.066006064414978027e-01
2.667838633060455322e-01
-5.269104987382888794e-02
6.826578378677368164e-01
2.737068831920623779e-01
-9.119090437889099121e-02
6.720686554908752441e-01
3.627041876316070557e-01
-9.316390752792358398e-02
6.678502559661865234e-01
4.068529009819030762e-01
-8.699130266904830933e-02
