3.492162227630615234e-01
7.095155715942382812e-01
-4.919905336464580614e-07
4.202215075492858887e-01
6.377588510513305664e-01
-4.900601878762245178e-02
4.252912104129791260e-01
4.706232845783233643e-01
-7.269503921270370483e-02
3.226516842842102051e-01
4.000161886215209961e-01
-9.369140863418579102e-02
2.417094111442565918e-01
3.497565984725952148e-01
-1.048111692070960999e-01
4.147817790508270264e-01
3.500492274761199951e-01
-1.600725203752517700e-02
4.377981722354888916e-01
2.835216522216796875e-01
-7.302954047918319702e-02
4.439945518970489502e-01
3.993405103683471680e-01
-1.111200153827667236e-01
4.405778646469116211e-01
4.984974563121795654e-01
-1.288163959980010986e-01
3.441925346851348877e-01
3.583818078041076660e-01
-1.757965423166751862e-02
3.739939332008361816e-01
2.600871324539184570e-01
-7.833375781774520874e-02
3.918696045875549316e-01
3.893179595470428467e-01
-9.874052554368972778e-02
3.922664821147918701e-01
4.928548336029052734e-01
-9.650093317031860352e-02
2.787068188190460205e-01
3.864818215370178223e-01
-3.021950274705886841e-02
2.992719411849975586e-01
2.582635879516601562e-01
-9.423313289880752563e-02
3.362696766853332520e-01
3.842238783836364746e-01
-9.455346316099166870e-02
3.432303369045257568e-01
4.772727191448211670e-01
-7.859429717063903809e-02
2.184503674507141113e-01
4.392229318618774414e-01
-4.653739929199218750e-02
2.713614702224731445e-01
4.008412659168243408e-01
-1.026586219668388367e-01
3.063146471977233887e-01
5.001642107963562012e-01
-1.072064414620399475e-01
3.068000078201293945e-01
5.633919239044189453e-01
-9.842282533645629883e-02
