2.991021573543548584e-01
5.810587406158447266e-01
-3.257855212268623291e-07
3.485367298126220703e-01
5.282511711120605469e-01
-3.379178419709205627e-02
3.503715693950653076e-01
4.224051833152770996e-01
-5.044386535882949829e-02
2.833420336246490479e-01
3.746981024742126465e-01
-6.450149416923522949e-02
2.297489643096923828e-01
3.450469076633453369e-01
-7.202760130167007446e-02
3.439995050430297852e-01
3.439850211143493652e-01
-1.355970371514558792e-02
3.615073263645172119e-01
3.029109835624694824e-01
-5.288829654455184937e-02
3.607827126979827881e-01
3.820608258247375488e-01
-7.874684780836105347e-02
3.543527722358703613e-01
4.489606022834777832e-01
-9.064124524593353271e-02
2.970255017280578613e-01
3.486960828304290771e-01
-1.328178495168685913e-02
3.160188198089599609e-01
2.869825363159179688e-01
-5.529205128550529480e-02
3.252372145652770996e-01
3.743014037609100342e-01
-6.863723695278167725e-02
3.243593871593475342e-01
4.431964159011840820e-01
-6.644155830144882202e-02
2.532900869846343994e-01
3.674995899200439453e-01
-2.033610641956329346e-02
2.668272852897644043e-01
2.900387346744537354e-01
-6.283777207136154175e-02
2.906451523303985596e-01
3.726936876773834229e-01
-6.234677508473396301e-02
2.949811518192291260e-01
4.330821931362152100e-01
-5.084085837006568909e-02
2.125587612390518188e-01
4.030881226062774658e-01
-2.995379455387592316e-02
2.463989853858947754e-01
3.814520537853240967e-01
-6.604996323585510254e-02
2.706601917743682861e-01
4.425402581691741943e-01
-6.857287883758544922e-02
2.722871005535125732e-01
4.798522889614105225e-01
-6.212207302451133728e-02
