3.763495087623596191e-01
5.651959180831909180e-01
-2.935080942734202836e-07
4.244562387466430664e-01
5.230147838592529297e-01
-2.888097986578941345e-02
4.361808896064758301e-01
4.195391535758972168e-01
-4.346954450011253357e-02
3.774119913578033447e-01
3.649283945560455322e-01
-5.690979212522506714e-02
3.295521736145019531e-01
3.273181021213531494e-01
-6.417779624462127686e-02
4.291077554225921631e-01
3.456580340862274170e-01
-1.005617249757051468e-02
4.501633644104003906e-01
3.029345870018005371e-01
-4.918149486184120178e-02
4.501548707485198975e-01
3.763649463653564453e-01
-7.448579370975494385e-02
4.426713883876800537e-01
4.393558204174041748e-01
-8.562859892845153809e-02
3.845067024230957031e-01
3.472672700881958008e-01
-1.240577548742294312e-02
4.111644625663757324e-01
2.820899784564971924e-01
-5.331772565841674805e-02
4.196699559688568115e-01
3.642774820327758789e-01
-6.556642055511474609e-02
4.152062535285949707e-01
4.288172125816345215e-01
-6.289142370223999023e-02
3.419719934463500977e-01
3.612551391124725342e-01
-2.177801355719566345e-02
3.636768460273742676e-01
2.811208069324493408e-01
-6.318937242031097412e-02
3.826365172863006592e-01
3.644119203090667725e-01
-5.999390780925750732e-02
3.803920149803161621e-01
4.202179014682769775e-01
-4.696044698357582092e-02
3.003786802291870117e-01
3.906883001327514648e-01
-3.345825523138046265e-02
3.386592268943786621e-01
3.645631968975067139e-01
-6.691145151853561401e-02
3.542788028717041016e-01
4.281427264213562012e-01
-6.588981300592422485e-02
3.461542427539825439e-01
4.646821022033691406e-01
-5.748998373746871948e-02
