3.124247491359710693e-01
5.800745487213134766e-01
-2.119405166922661010e-07
3.597709238529205322e-01
5.340416431427001953e-01
-1.933890394866466522e-02
3.721422553062438965e-01
4.432979226112365723e-01
-3.256972134113311768e-02
3.300980031490325928e-01
3.980823457241058350e-01
-4.701705649495124817e-02
2.846972644329071045e-01
3.773506283760070801e-01
-5.522835254669189453e-02
3.448981940746307373e-01
3.610605597496032715e-01
-3.250536974519491196e-03
3.860278427600860596e-01
3.293196856975555420e-01
-4.270136356353759766e-02
3.937346339225769043e-01
3.984405994415283203e-01
-6.886468082666397095e-02
3.904671669006347656e-01
4.590791165828704834e-01
-8.088836073875427246e-02
3.072245121002197266e-01
3.618125319480895996e-01
-1.006812695413827896e-02
3.581906259059906006e-01
3.235765695571899414e-01
-5.009796842932701111e-02
3.754314780235290527e-01
3.996602892875671387e-01
-6.130348145961761475e-02
3.739564418792724609e-01
4.609837234020233154e-01
-5.899201706051826477e-02
2.744742333889007568e-01
3.775550425052642822e-01
-2.352586761116981506e-02
3.234491944313049316e-01
3.227035105228424072e-01
-5.840303376317024231e-02
3.438676595687866211e-01
3.966105878353118896e-01
-5.391045287251472473e-02
3.389053642749786377e-01
4.462698101997375488e-01
-4.246690496802330017e-02
2.463788688182830811e-01
4.090935885906219482e-01
-3.962142765522003174e-02
3.078746497631072998e-01
4.061448574066162109e-01
-6.538867205381393433e-02
3.181217312812805176e-01
4.570623338222503662e-01
-6.547664105892181396e-02
3.007842600345611572e-01
4.831558465957641602e-01
-5.975432321429252625e-02
