2.718119621276855469e-01
5.758799314498901367e-01
-4.490577509841386927e-07
3.283772468566894531e-01
5.106827020645141602e-01
-4.514034092426300049e-02
3.275306224822998047e-01
3.814030885696411133e-01
-6.406912207603454590e-02
2.457211017608642578e-01
3.099415302276611328e-01
-7.896365970373153687e-02
1.876159012317657471e-01
2.549252808094024658e-01
-8.709771186113357544e-02
3.431926667690277100e-01
2.959438264369964600e-01
-1.637900993227958679e-02
3.445739746093750000e-01
2.326391339302062988e-01
-6.113419309258460999e-02
3.328799605369567871e-01
3.207883536815643311e-01
-9.149557352066040039e-02
3.243119716644287109e-01
3.952481448650360107e-01
-1.059666201472282410e-01
2.860442101955413818e-01
2.999573349952697754e-01
-1.207995973527431488e-02
2.892371416091918945e-01
2.076222598552703857e-01
-6.177900731563568115e-02
2.854296565055847168e-01
3.110621273517608643e-01
-8.242232352495193481e-02
2.845485806465148926e-01
3.917336761951446533e-01
-8.313858509063720703e-02
2.327165305614471436e-01
3.171814382076263428e-01
-1.619365438818931580e-02
2.278949171304702759e-01
2.108465433120727539e-01
-6.772387772798538208e-02
2.440268397331237793e-01
3.083134889602661133e-01
-7.271715253591537476e-02
2.514171004295349121e-01
3.816817402839660645e-01
-6.203736364841461182e-02
1.815703809261322021e-01
3.513310551643371582e-01
-2.314701117575168610e-02
1.910761147737503052e-01
3.051207065582275391e-01
-6.695384532213211060e-02
2.186382263898849487e-01
3.784871697425842285e-01
-7.177373766899108887e-02
2.335804849863052368e-01
4.268202185630798340e-01
-6.503046303987503052e-02
