3.018451035022735596e-01
5.432676076889038086e-01
-3.490319215870840708e-07
3.542425036430358887e-01
4.853672981262207031e-01
-3.408518806099891663e-02
3.539400994777679443e-01
3.741279840469360352e-01
-4.960577562451362610e-02
2.841570973396301270e-01
3.181816637516021729e-01
-6.267624348402023315e-02
2.317279428243637085e-01
2.785231769084930420e-01
-6.972677260637283325e-02
3.528096973896026611e-01
3.040929436683654785e-01
-1.131212525069713593e-02
3.629532754421234131e-01
2.498969435691833496e-01
-4.810122027993202209e-02
3.601127564907073975e-01
3.257527351379394531e-01
-7.340166717767715454e-02
3.533057570457458496e-01
3.911831974983215332e-01
-8.576042205095291138e-02
3.064420521259307861e-01
3.075764179229736328e-01
-1.069333776831626892e-02
3.184743225574493408e-01
2.289518415927886963e-01
-5.085360258817672729e-02
3.244810998439788818e-01
3.153080046176910400e-01
-6.603027880191802979e-02
3.235628306865692139e-01
3.844231367111206055e-01
-6.565482169389724731e-02
2.623458802700042725e-01
3.241685032844543457e-01
-1.715492643415927887e-02
2.664721608161926270e-01
2.308159768581390381e-01
-5.933024361729621887e-02
2.871513366699218750e-01
3.128961324691772461e-01
-6.096087768673896790e-02
2.912195026874542236e-01
3.749939501285552979e-01
-5.111814290285110474e-02
2.190314829349517822e-01
3.575004339218139648e-01
-2.597291581332683563e-02
2.413695156574249268e-01
3.205986320972442627e-01
-6.217109039425849915e-02
2.644137442111968994e-01
3.856241405010223389e-01
-6.475254148244857788e-02
2.684011161327362061e-01
4.284465610980987549e-01
-5.885190144181251526e-02
