7.135868668556213379e-01
6.625370979309082031e-01
-8.212439865928899962e-07
6.400809288024902344e-01
6.018792986869812012e-01
-3.528901189565658569e-02
6.410918235778808594e-01
4.611643254756927490e-01
-5.610024929046630859e-02
7.265620827674865723e-01
3.912828266620635986e-01
-7.408829033374786377e-02
7.822891473770141602e-01
3.256219029426574707e-01
-9.043154120445251465e-02
6.392412781715393066e-01
3.661738038063049316e-01
-2.922447957098484039e-02
6.066426038742065430e-01
3.156425654888153076e-01
-7.655233144760131836e-02
6.026285290718078613e-01
4.143316745758056641e-01
-1.091356351971626282e-01
6.117067337036132812e-01
4.998838603496551514e-01
-1.248299703001976013e-01
6.958388686180114746e-01
3.583528995513916016e-01
-3.218415006995201111e-02
6.566019058227539062e-01
2.807711064815521240e-01
-7.955648005008697510e-02
6.455428600311279297e-01
3.920759856700897217e-01
-9.598178416490554810e-02
6.513707041740417480e-01
4.872728586196899414e-01
-9.633050858974456787e-02
7.526659369468688965e-01
3.771950602531433105e-01
-4.224558919668197632e-02
7.278288006782531738e-01
2.744562923908233643e-01
-8.557697385549545288e-02
7.086022496223449707e-01
3.777328729629516602e-01
-8.471739292144775391e-02
7.056147456169128418e-01
4.596182107925415039e-01
-7.610877603292465210e-02
8.023001551628112793e-01
4.134780764579772949e-01
-5.505496636033058167e-02
7.505286931991577148e-01
4.015851616859436035e-01
-9.144211560487747192e-02
7.378423810005187988e-01
4.931313097476959229e-01
-9.144815057516098022e-02
7.485224008560180664e-01
5.459302663803100586e-01
-8.508592844009399414e-02
