6.498152613639831543e-01
5.314577817916870117e-01
-6.642227390329935588e-07
5.963007211685180664e-01
4.873689413070678711e-01
-1.772263273596763611e-02
5.902395844459533691e-01
3.956773877143859863e-01
-3.283019736409187317e-02
6.428630948066711426e-01
3.431888520717620850e-01
-4.807377234101295471e-02
6.793776154518127441e-01
2.960346639156341553e-01
-6.374669075012207031e-02
5.930316448211669922e-01
3.346575200557708740e-01
-2.146625332534313202e-02
5.570414662361145020e-01
2.976017296314239502e-01
-5.616017431020736694e-02
5.505549311637878418e-01
3.649451434612274170e-01
-8.053251355886459351e-02
5.554060339927673340e-01
4.235636293888092041e-01
-9.265974164009094238e-02
6.319680213928222656e-01
3.276277482509613037e-01
-2.679124101996421814e-02
5.896623134613037109e-01
2.747321724891662598e-01
-6.128918007016181946e-02
5.802741050720214844e-01
3.522735834121704102e-01
-7.479743659496307373e-02
5.832192897796630859e-01
4.188368916511535645e-01
-7.738241553306579590e-02
6.734980940818786621e-01
3.357821106910705566e-01
-3.568601980805397034e-02
6.369499564170837402e-01
2.547976374626159668e-01
-6.718761473894119263e-02
6.269022822380065918e-01
3.301822841167449951e-01
-6.693044304847717285e-02
6.292923688888549805e-01
3.902613818645477295e-01
-6.157851219177246094e-02
7.128868699073791504e-01
3.553636968135833740e-01
-4.533708840608596802e-02
6.636487245559692383e-01
3.393994867801666260e-01
-7.208953797817230225e-02
6.597574353218078613e-01
4.022688865661621094e-01
-7.138369232416152954e-02
6.738865375518798828e-01
4.416734576225280762e-01
-6.639422476291656494e-02
