7.588931322097778320e-01
7.658426761627197266e-01
-1.038439904732513241e-06
6.661614179611206055e-01
6.875865459442138672e-01
-3.470949456095695496e-02
6.596136093139648438e-01
5.109342336654663086e-01
-5.501152947545051575e-02
7.529779076576232910e-01
4.253906905651092529e-01
-7.429200410842895508e-02
8.155364990234375000e-01
3.530768156051635742e-01
-9.089537709951400757e-02
6.599897146224975586e-01
4.096952676773071289e-01
-2.320221625268459320e-02
6.127883195877075195e-01
3.581496775150299072e-01
-7.468695938587188721e-02
6.080192327499389648e-01
4.762719273567199707e-01
-1.121761277318000793e-01
6.183847784996032715e-01
5.700861215591430664e-01
-1.317021548748016357e-01
7.214887738227844238e-01
3.924154639244079590e-01
-2.913766726851463318e-02
6.644424200057983398e-01
3.174532055854797363e-01
-8.289163559675216675e-02
6.532068848609924316e-01
4.494995474815368652e-01
-1.033469066023826599e-01
6.617374420166015625e-01
5.535916686058044434e-01
-1.053828150033950806e-01
7.858014702796936035e-01
4.056593179702758789e-01
-4.310618713498115540e-02
7.497920989990234375e-01
2.915692329406738281e-01
-8.722154051065444946e-02
7.317209839820861816e-01
4.128722548484802246e-01
-8.556123077869415283e-02
7.330932021141052246e-01
5.058039426803588867e-01
-7.692439854145050049e-02
8.446938395500183105e-01
4.397019743919372559e-01
-6.074132770299911499e-02
7.864837050437927246e-01
4.373978078365325928e-01
-9.527102857828140259e-02
7.739431262016296387e-01
5.370680093765258789e-01
-9.568509459495544434e-02
7.890651226043701172e-01
5.880873203277587891e-01
-9.053199738264083862e-02
