4.795002341270446777e-01
6.621276736259460449e-01
-9.719655054141185246e-07
3.968411982059478760e-01
6.015923023223876953e-01
-2.061577700078487396e-02
3.812820017337799072e-01
4.708181917667388916e-01
-3.913653269410133362e-02
4.485867619514465332e-01
3.963743746280670166e-01
-5.873848870396614075e-02
4.943338334560394287e-01
3.302317261695861816e-01
-7.865066826343536377e-02
3.857905268669128418e-01
3.749111592769622803e-01
-2.065262012183666229e-02
3.254513740539550781e-01
3.488281369209289551e-01
-6.627148389816284180e-02
3.176414072513580322e-01
4.478408694267272949e-01
-9.989388287067413330e-02
3.288613259792327881e-01
5.292246937751770020e-01
-1.173150315880775452e-01
4.348502755165100098e-01
3.572425842285156250e-01
-2.935189567506313324e-02
3.578461110591888428e-01
3.143497407436370850e-01
-7.322833687067031860e-02
3.505291342735290527e-01
4.262527823448181152e-01
-9.159258008003234863e-02
3.652166724205017090e-01
5.159714221954345703e-01
-9.597405791282653809e-02
4.884909987449645996e-01
3.619577288627624512e-01
-4.324873164296150208e-02
4.189011454582214355e-01
2.829427719116210938e-01
-8.118039369583129883e-02
4.109223783016204834e-01
3.904678225517272949e-01
-8.120324462652206421e-02
4.245279431343078613e-01
4.707004427909851074e-01
-7.596974819898605347e-02
5.400537848472595215e-01
3.843962550163269043e-01
-5.875696241855621338e-02
4.628373980522155762e-01
3.966017365455627441e-01
-8.984274417161941528e-02
4.634688496589660645e-01
4.853018820285797119e-01
-8.971086889505386353e-02
4.901511967182159424e-01
5.318773984909057617e-01
-8.515466749668121338e-02
