4.958885908126831055e-01
5.293378829956054688e-01
-7.023919010862300638e-07
4.390587210655212402e-01
4.791299700736999512e-01
-1.815911941230297089e-02
4.322143197059631348e-01
3.849655389785766602e-01
-3.411535918712615967e-02
4.893718659877777100e-01
3.367492556571960449e-01
-5.019446462392807007e-02
5.286604762077331543e-01
2.925683856010437012e-01
-6.702020764350891113e-02
4.343674778938293457e-01
3.111788928508758545e-01
-1.964379474520683289e-02
3.896837234497070312e-01
2.960481643676757812e-01
-5.548264458775520325e-02
3.814105391502380371e-01
3.715140521526336670e-01
-8.123201131820678711e-02
3.888170123100280762e-01
4.338067471981048584e-01
-9.457270056009292603e-02
4.729256331920623779e-01
3.009290397167205811e-01
-2.551151812076568604e-02
4.154396057128906250e-01
2.695289254188537598e-01
-6.127403303980827332e-02
4.055296480655670166e-01
3.572695851325988770e-01
-7.509705424308776855e-02
4.148349463939666748e-01
4.289385974407196045e-01
-7.782179862260818481e-02
5.141775012016296387e-01
3.104103505611419678e-01
-3.557713702321052551e-02
4.655456244945526123e-01
2.515324056148529053e-01
-6.979510933160781860e-02
4.552724063396453857e-01
3.344725370407104492e-01
-7.185033708810806274e-02
4.628408551216125488e-01
3.976746797561645508e-01
-6.766162067651748657e-02
5.525462627410888672e-01
3.342355191707611084e-01
-4.646512493491172791e-02
4.946564435958862305e-01
3.411270380020141602e-01
-7.575733214616775513e-02
4.922093451023101807e-01
4.092436134815216064e-01
-7.796697318553924561e-02
5.107402205467224121e-01
4.461755752563476562e-01
-7.489820569753646851e-02
