4.711836576461791992e-01
5.086861848831176758e-01
-6.437358024413697422e-07
4.177296161651611328e-01
4.640268087387084961e-01
-1.220557931810617447e-02
4.089830517768859863e-01
3.869098722934722900e-01
-2.548500895500183105e-02
4.520574510097503662e-01
3.455365300178527832e-01
-3.984246402978897095e-02
4.844595491886138916e-01
3.081589937210083008e-01
-5.497626587748527527e-02
4.206629991531372070e-01
3.262772560119628906e-01
-1.422146894037723541e-02
3.768769502639770508e-01
3.113949596881866455e-01
-4.475346207618713379e-02
3.667571246623992920e-01
3.762274384498596191e-01
-6.770861148834228516e-02
3.738704025745391846e-01
4.337085187435150146e-01
-7.989442348480224609e-02
4.522022902965545654e-01
3.155662715435028076e-01
-2.021178416907787323e-02
3.959340453147888184e-01
2.899526357650756836e-01
-4.929690062999725342e-02
3.828412890434265137e-01
3.637035787105560303e-01
-6.195884570479393005e-02
3.898086547851562500e-01
4.248027205467224121e-01
-6.546203047037124634e-02
4.852145016193389893e-01
3.203678131103515625e-01
-2.929182350635528564e-02
4.324565827846527100e-01
2.728330790996551514e-01
-5.379031971096992493e-02
4.236345589160919189e-01
3.423625826835632324e-01
-5.427901446819305420e-02
4.334846138954162598e-01
3.947607278823852539e-01
-5.128290876746177673e-02
5.158250331878662109e-01
3.379535675048828125e-01
-3.933465853333473206e-02
4.574269354343414307e-01
3.483060002326965332e-01
-6.022561714053153992e-02
4.581430852413177490e-01
4.018420279026031494e-01
-6.101673841476440430e-02
4.787682890892028809e-01
4.300862848758697510e-01
-5.841767415404319763e-02
