6.383056640625000000e-01
6.427713632583618164e-01
-7.993824056029552594e-07
5.628898739814758301e-01
5.923969149589538574e-01
-5.248095840215682983e-02
5.587143898010253906e-01
4.389890432357788086e-01
-8.151764422655105591e-02
6.537743806838989258e-01
3.564553260803222656e-01
-1.061935201287269592e-01
7.260582447052001953e-01
2.982097864151000977e-01
-1.261120289564132690e-01
5.362603664398193359e-01
2.991614043712615967e-01
-4.298598691821098328e-02
5.111353993415832520e-01
2.802138328552246094e-01
-1.059425547719001770e-01
5.198507308959960938e-01
4.095030725002288818e-01
-1.515835374593734741e-01
5.318180918693542480e-01
5.067076683044433594e-01
-1.756905019283294678e-01
6.014696955680847168e-01
2.809605896472930908e-01
-4.177037999033927917e-02
5.770592689514160156e-01
2.523044049739837646e-01
-1.079998239874839783e-01
5.793164372444152832e-01
4.038466215133666992e-01
-1.283194571733474731e-01
5.831590294837951660e-01
5.043593645095825195e-01
-1.286621838808059692e-01
6.668499112129211426e-01
3.028155267238616943e-01
-5.022218450903892517e-02
6.632852554321289062e-01
2.355296015739440918e-01
-1.048435121774673462e-01
6.490859389305114746e-01
3.746934831142425537e-01
-9.458017349243164062e-02
6.350815892219543457e-01
4.633587300777435303e-01
-7.707184553146362305e-02
7.263701558113098145e-01
3.437197506427764893e-01
-6.441923975944519043e-02
7.180460691452026367e-01
3.550680875778198242e-01
-1.041239500045776367e-01
6.932644248008728027e-01
4.573206603527069092e-01
-9.913103282451629639e-02
6.739391088485717773e-01
4.999098181724548340e-01
-8.745028078556060791e-02
