3.841268122196197510e-01
6.384708881378173828e-01
-4.271470288585987873e-07
4.541237354278564453e-01
5.827503800392150879e-01
3.057061694562435150e-02
4.816001653671264648e-01
4.935973584651947021e-01
4.638171941041946411e-02
4.747408032417297363e-01
4.207605123519897461e-01
5.508690327405929565e-02
4.411991536617279053e-01
3.858182430267333984e-01
6.206246465444564819e-02
4.991660714149475098e-01
4.216851890087127686e-01
3.349129110574722290e-02
4.732893705368041992e-01
3.299956321716308594e-01
3.936396911740303040e-02
4.459208846092224121e-01
3.414098620414733887e-01
4.039986804127693176e-02
4.370001852512359619e-01
3.694357275962829590e-01
4.068915918469429016e-02
4.675779342651367188e-01
3.880639076232910156e-01
1.842344738543033600e-02
4.402246773242950439e-01
2.983467578887939453e-01
2.979912795126438141e-02
4.130430817604064941e-01
3.220878839492797852e-01
3.471976891160011292e-02
4.073200225830078125e-01
3.577453494071960449e-01
3.651432320475578308e-02
4.267818331718444824e-01
3.674332499504089355e-01
5.789006594568490982e-03
4.024415016174316406e-01
2.879637479782104492e-01
1.596497558057308197e-02
3.802808225154876709e-01
3.142192363739013672e-01
2.111688628792762756e-02
3.790207803249359131e-01
3.471292257308959961e-01
2.140073664486408234e-02
3.798937201499938965e-01
3.576934933662414551e-01
-4.114371724426746368e-03
3.610297143459320068e-01
2.885444164276123047e-01
2.877603983506560326e-03
3.455215692520141602e-01
3.132387101650238037e-01
1.335725188255310059e-02
3.451962769031524658e-01
3.471424579620361328e-01
2.109624631702899933e-02
