3.188921213150024414e-01
6.280863285064697266e-01
-4.950939569425827358e-07
3.883059024810791016e-01
5.442624092102050781e-01
-5.180702358484268188e-02
3.858775198459625244e-01
3.776513338088989258e-01
-7.664006948471069336e-02
2.796899974346160889e-01
3.079253435134887695e-01
-9.710058569908142090e-02
2.009395807981491089e-01
2.559822201728820801e-01
-1.078499704599380493e-01
3.758569657802581787e-01
2.737024128437042236e-01
-2.459378354251384735e-02
3.972283601760864258e-01
1.976134926080703735e-01
-8.061785995960235596e-02
4.006212055683135986e-01
3.114100694656372070e-01
-1.164037063717842102e-01
3.934963643550872803e-01
4.069999158382415771e-01
-1.333349794149398804e-01
3.084242939949035645e-01
2.837152481079101562e-01
-2.429019100964069366e-02
3.319006264209747314e-01
1.683648526668548584e-01
-8.557754009962081909e-02
3.495053350925445557e-01
2.988254427909851074e-01
-1.052199974656105042e-01
3.506716787815093994e-01
4.017393589019775391e-01
-1.026364788413047791e-01
2.452203035354614258e-01
3.104978203773498535e-01
-3.444818779826164246e-02
2.568694651126861572e-01
1.763366311788558960e-01
-9.817831218242645264e-02
2.947187125682830811e-01
3.022448420524597168e-01
-9.770631045103073120e-02
3.025011122226715088e-01
3.939720392227172852e-01
-8.154358714818954468e-02
1.850640773773193359e-01
3.612462282180786133e-01
-4.835892096161842346e-02
2.288194298744201660e-01
3.156688213348388672e-01
-1.032380759716033936e-01
2.642586529254913330e-01
4.142218828201293945e-01
-1.076246052980422974e-01
2.652463912963867188e-01
4.748784899711608887e-01
-9.971007704734802246e-02
