3.654820024967193604e-01
8.764225244522094727e-01
-4.568511542402120540e-07
4.246514439582824707e-01
7.967482805252075195e-01
-3.563940152525901794e-02
4.166897535324096680e-01
6.463052034378051758e-01
-5.247641354799270630e-02
3.257575333118438721e-01
5.965413451194763184e-01
-6.895806640386581421e-02
2.533699274063110352e-01
5.626878142356872559e-01
-7.685185223817825317e-02
4.007941186428070068e-01
5.482349991798400879e-01
-3.523829858750104904e-03
4.178551137447357178e-01
4.908702373504638672e-01
-5.135331675410270691e-02
4.274202287197113037e-01
5.922282338142395020e-01
-8.428059518337249756e-02
4.248823225498199463e-01
6.773279905319213867e-01
-1.003556177020072937e-01
3.415375351905822754e-01
5.623646974563598633e-01
-8.322234265506267548e-03
3.670834600925445557e-01
4.790595769882202148e-01
-6.078749895095825195e-02
3.900985419750213623e-01
5.888754725456237793e-01
-7.937060296535491943e-02
3.924659490585327148e-01
6.758220791816711426e-01
-7.822269201278686523e-02
2.876124382019042969e-01
5.944272875785827637e-01
-2.255716733634471893e-02
3.039357960224151611e-01
4.831993579864501953e-01
-7.517831772565841675e-02
3.425732254981994629e-01
5.900929570198059082e-01
-7.438573986291885376e-02
3.471081852912902832e-01
6.654576063156127930e-01
-6.077565997838973999e-02
2.392885982990264893e-01
6.468845009803771973e-01
-3.993464261293411255e-02
2.882605195045471191e-01
6.132462620735168457e-01
-8.424133062362670898e-02
3.181062936782836914e-01
6.936753988265991211e-01
-8.723048120737075806e-02
3.112594187259674072e-01
7.395876646041870117e-01
-8.025521785020828247e-02
