3.636021018028259277e-01
7.145688533782958984e-01
-2.915358834343351191e-07
4.116024374961853027e-01
6.525171995162963867e-01
-3.008588775992393494e-02
4.082637131214141846e-01
5.387728810310363770e-01
-4.726872593164443970e-02
3.331456482410430908e-01
4.988433420658111572e-01
-6.378042697906494141e-02
2.724814116954803467e-01
4.744465351104736328e-01
-7.349764555692672729e-02
3.888822495937347412e-01
4.598028957843780518e-01
-1.051802374422550201e-02
4.073720574378967285e-01
4.110620915889739990e-01
-5.273586884140968323e-02
4.190630316734313965e-01
4.913841784000396729e-01
-8.099419623613357544e-02
4.203472435474395752e-01
5.626565814018249512e-01
-9.424716234207153320e-02
3.394416570663452148e-01
4.725427925586700439e-01
-1.424054522067308426e-02
3.629972338676452637e-01
4.028381109237670898e-01
-5.829489603638648987e-02
3.846071362495422363e-01
4.882937669754028320e-01
-7.232600450515747070e-02
3.882591128349304199e-01
5.613108277320861816e-01
-7.090779393911361694e-02
2.941192388534545898e-01
4.980570077896118164e-01
-2.553418837487697601e-02
3.115319013595581055e-01
4.069370627403259277e-01
-6.941246241331100464e-02
3.432825803756713867e-01
4.910965263843536377e-01
-6.738908588886260986e-02
3.468295931816101074e-01
5.536265373229980469e-01
-5.550552904605865479e-02
2.532212734222412109e-01
5.399532914161682129e-01
-3.934590518474578857e-02
2.997083365917205811e-01
5.123820304870605469e-01
-7.588011771440505981e-02
3.240426778793334961e-01
5.768129825592041016e-01
-7.739816606044769287e-02
3.159431517124176025e-01
6.173267364501953125e-01
-7.097221910953521729e-02
