3.203039765357971191e-01
8.534498214721679688e-01
-5.637307367578614503e-07
3.832309246063232422e-01
7.694745659828186035e-01
-5.303835496306419373e-02
3.730587959289550781e-01
6.083038449287414551e-01
-7.756556570529937744e-02
2.690547704696655273e-01
5.472930073738098145e-01
-9.731363505125045776e-02
1.897277235984802246e-01
5.031427145004272461e-01
-1.076936870813369751e-01
3.688995242118835449e-01
4.883554577827453613e-01
-2.102552913129329681e-02
3.808814287185668945e-01
4.337871670722961426e-01
-7.739933580160140991e-02
3.839485347270965576e-01
5.527388453483581543e-01
-1.162106543779373169e-01
3.813117742538452148e-01
6.488674879074096680e-01
-1.358217298984527588e-01
3.009047210216522217e-01
5.002398490905761719e-01
-1.903542131185531616e-02
3.166578412055969238e-01
4.166075885295867920e-01
-8.227495104074478149e-02
3.326594829559326172e-01
5.521167516708374023e-01
-1.059842258691787720e-01
3.372746706008911133e-01
6.538125872611999512e-01
-1.062295660376548767e-01
2.394936233758926392e-01
5.330931544303894043e-01
-2.774691581726074219e-02
2.409174740314483643e-01
4.260356724262237549e-01
-9.149615466594696045e-02
2.783362865447998047e-01
5.449753403663635254e-01
-9.573029726743698120e-02
2.902725338935852051e-01
6.316531300544738770e-01
-8.287201821804046631e-02
1.827393174171447754e-01
5.889870524406433105e-01
-4.036797955632209778e-02
2.132386267185211182e-01
5.595430135726928711e-01
-9.551722556352615356e-02
2.542552053928375244e-01
6.462892889976501465e-01
-1.031447201967239380e-01
2.658569216728210449e-01
6.957566738128662109e-01
-9.702835232019424438e-02
