6.169202327728271484e-01
7.837523818016052246e-01
-2.417878590676991735e-07
6.971320509910583496e-01
7.308490276336669922e-01
-2.445924840867519379e-02
7.289782762527465820e-01
6.063517332077026367e-01
-4.161067306995391846e-02
6.752281785011291504e-01
5.304614305496215820e-01
-6.046364456415176392e-02
6.202541589736938477e-01
4.840988814830780029e-01
-7.063172012567520142e-02
7.005356550216674805e-01
5.067920684814453125e-01
-4.921605344861745834e-03
7.651996612548828125e-01
4.725532531738281250e-01
-5.358383432030677795e-02
7.677994966506958008e-01
5.614960193634033203e-01
-8.436040580272674561e-02
7.535771727561950684e-01
6.373903155326843262e-01
-9.914637356996536255e-02
6.520524024963378906e-01
4.927370846271514893e-01
-1.514364499598741531e-02
7.325420975685119629e-01
4.454311728477478027e-01
-6.724550575017929077e-02
7.436733245849609375e-01
5.492352843284606934e-01
-8.266746252775192261e-02
7.278642654418945312e-01
6.300883293151855469e-01
-8.094245940446853638e-02
6.076105237007141113e-01
4.972445070743560791e-01
-3.376474231481552124e-02
6.865398287773132324e-01
4.311254620552062988e-01
-8.164295554161071777e-02
6.984739899635314941e-01
5.357938408851623535e-01
-7.894348353147506714e-02
6.763812899589538574e-01
5.982375144958496094e-01
-6.669430434703826904e-02
5.671520233154296875e-01
5.224558711051940918e-01
-5.546220764517784119e-02
6.528012156486511230e-01
5.404009222984313965e-01
-9.268797934055328369e-02
6.545675396919250488e-01
6.131596565246582031e-01
-9.699310362339019775e-02
6.197221279144287109e-01
6.384675502777099609e-01
-9.378020465373992920e-02
