3.816212117671966553e-01
6.929307579994201660e-01
-3.307447684619546635e-07
3.911665081977844238e-01
5.911381840705871582e-01
-3.482472896575927734e-02
3.209455609321594238e-01
4.930841922760009766e-01
-5.052584409713745117e-02
2.322050482034683228e-01
5.145540237426757812e-01
-6.434062868356704712e-02
1.649419069290161133e-01
5.377174615859985352e-01
-7.088015973567962646e-02
2.839382588863372803e-01
4.379589557647705078e-01
-8.997338823974132538e-03
2.659556269645690918e-01
3.731753826141357422e-01
-4.838801175355911255e-02
3.063638508319854736e-01
4.328944385051727295e-01
-7.480778545141220093e-02
3.367785811424255371e-01
4.944258630275726318e-01
-8.730582892894744873e-02
2.451291680335998535e-01
4.839605391025543213e-01
-9.523873217403888702e-03
2.201399058103561401e-01
4.004771411418914795e-01
-5.138866230845451355e-02
2.726489305496215820e-01
4.594193100929260254e-01
-6.496393680572509766e-02
3.085230588912963867e-01
5.195845365524291992e-01
-6.316349655389785767e-02
2.129021584987640381e-01
5.429047346115112305e-01
-1.824370026588439941e-02
1.741639673709869385e-01
4.494986534118652344e-01
-6.220111250877380371e-02
2.370624393224716187e-01
4.954709708690643311e-01
-6.201797723770141602e-02
2.718864977359771729e-01
5.465707182884216309e-01
-5.112325027585029602e-02
1.910086274147033691e-01
6.155623793601989746e-01
-2.979593537747859955e-02
2.073686122894287109e-01
5.535441040992736816e-01
-6.804689764976501465e-02
2.619192004203796387e-01
5.889403223991394043e-01
-7.124041020870208740e-02
2.822248935699462891e-01
6.294375061988830566e-01
-6.609283387660980225e-02
