3.193206787109375000e-01
7.433614730834960938e-01
-3.170813442920916714e-07
3.947415053844451904e-01
7.481258511543273926e-01
-3.067036904394626617e-02
4.656823277473449707e-01
6.598813533782958984e-01
-4.621395096182823181e-02
4.401929080486297607e-01
5.512250661849975586e-01
-6.206218525767326355e-02
4.139274954795837402e-01
4.689964652061462402e-01
-6.984503567218780518e-02
4.939761757850646973e-01
5.748516917228698730e-01
-2.107852138578891754e-03
5.397948026657104492e-01
5.654804110527038574e-01
-4.830640554428100586e-02
5.045515298843383789e-01
6.364303231239318848e-01
-7.886762917041778564e-02
4.658638238906860352e-01
6.913219094276428223e-01
-9.342723339796066284e-02
4.527927935123443604e-01
5.317162871360778809e-01
-7.363136392086744308e-03
5.125964283943176270e-01
5.081036090850830078e-01
-5.761836841702461243e-02
4.808006584644317627e-01
5.976471900939941406e-01
-7.496473938226699829e-02
4.428069293498992920e-01
6.597187519073486328e-01
-7.396540790796279907e-02
4.078673422336578369e-01
5.053766965866088867e-01
-2.144953981041908264e-02
4.733202755451202393e-01
4.664472937583923340e-01
-7.142461836338043213e-02
4.461167454719543457e-01
5.625505447387695312e-01
-7.131793349981307983e-02
4.131770431995391846e-01
6.092645525932312012e-01
-5.906806886196136475e-02
3.568494319915771484e-01
4.973125755786895752e-01
-3.841915726661682129e-02
4.053813517093658447e-01
5.386528372764587402e-01
-7.943727076053619385e-02
3.828681707382202148e-01
6.054571866989135742e-01
-8.434054255485534668e-02
3.523539304733276367e-01
6.165504455566406250e-01
-7.966301590204238892e-02
