3.055070042610168457e-01
6.514531970024108887e-01
-2.492893713679222856e-07
3.686006665229797363e-01
6.364789605140686035e-01
-2.549975551664829254e-02
4.126361608505249023e-01
5.524685382843017578e-01
-3.864293918013572693e-02
3.773269057273864746e-01
4.741767048835754395e-01
-5.178085714578628540e-02
3.430076241493225098e-01
4.173506498336791992e-01
-5.946692451834678650e-02
4.236297309398651123e-01
4.795804619789123535e-01
-2.251108177006244659e-03
4.565026760101318359e-01
4.642954766750335693e-01
-4.067155346274375916e-02
4.376433491706848145e-01
5.262064337730407715e-01
-6.808330863714218140e-02
4.125320017337799072e-01
5.772203207015991211e-01
-8.147501945495605469e-02
3.856899142265319824e-01
4.546339511871337891e-01
-6.113030947744846344e-03
4.293261170387268066e-01
4.210137724876403809e-01
-4.594592377543449402e-02
4.139696359634399414e-01
4.962350726127624512e-01
-6.105896085500717163e-02
3.889347314834594727e-01
5.521075129508972168e-01
-6.157097220420837402e-02
3.458921909332275391e-01
4.436783194541931152e-01
-1.712717115879058838e-02
3.912623524665832520e-01
3.928287327289581299e-01
-5.750709027051925659e-02
3.819133937358856201e-01
4.766696989536285400e-01
-5.661731958389282227e-02
3.603904545307159424e-01
5.245096087455749512e-01
-4.595858603715896606e-02
3.020586669445037842e-01
4.475482106208801270e-01
-3.042225353419780731e-02
3.436368405818939209e-01
4.549313783645629883e-01
-6.276626139879226685e-02
3.345278203487396240e-01
5.160605907440185547e-01
-6.338844448328018188e-02
3.115758299827575684e-01
5.372670292854309082e-01
-5.703961104154586792e-02
