6.825201511383056641e-01
6.334332227706909180e-01
-7.327247431021532975e-07
6.030398011207580566e-01
6.277108192443847656e-01
-2.649723924696445465e-02
5.575409531593322754e-01
5.388889312744140625e-01
-4.768937826156616211e-02
5.988692045211791992e-01
4.408800005912780762e-01
-6.791240721940994263e-02
6.261265873908996582e-01
3.608517944812774658e-01
-8.832894265651702881e-02
5.365228652954101562e-01
4.654322862625122070e-01
-2.926949784159660339e-02
4.869088530540466309e-01
4.637236297130584717e-01
-7.107501477003097534e-02
5.121784210205078125e-01
5.386994481086730957e-01
-1.002359837293624878e-01
5.464183688163757324e-01
5.948620438575744629e-01
-1.149363070726394653e-01
5.720204114913940430e-01
4.266700744628906250e-01
-3.258420526981353760e-02
5.072695016860961914e-01
4.150592386722564697e-01
-7.432679086923599243e-02
5.369681715965270996e-01
5.059174895286560059e-01
-8.913394808769226074e-02
5.767622590065002441e-01
5.743474960327148438e-01
-9.094863384962081909e-02
6.162819862365722656e-01
4.036442041397094727e-01
-4.094778746366500854e-02
5.470162630081176758e-01
3.620938360691070557e-01
-7.813181728124618530e-02
5.687246918678283691e-01
4.479050636291503906e-01
-7.873132079839706421e-02
6.003277897834777832e-01
5.100119113922119141e-01
-7.309415191411972046e-02
6.625673174858093262e-01
3.966747522354125977e-01
-5.111249536275863647e-02
6.114819645881652832e-01
4.319184720516204834e-01
-8.224651217460632324e-02
6.358866691589355469e-01
5.010215044021606445e-01
-8.387974649667739868e-02
6.693171262741088867e-01
5.307480096817016602e-01
-8.014905452728271484e-02
