3.250487446784973145e-01
6.682103872299194336e-01
-4.564613789170834934e-07
3.849835693836212158e-01
5.962880849838256836e-01
-4.234294965863227844e-02
3.814043700695037842e-01
4.503096044063568115e-01
-6.173807010054588318e-02
2.871924042701721191e-01
3.912049531936645508e-01
-7.792328298091888428e-02
2.168431580066680908e-01
3.502675294876098633e-01
-8.565837889909744263e-02
3.803445398807525635e-01
3.577186167240142822e-01
-1.650076545774936676e-02
3.923693895339965820e-01
2.825915813446044922e-01
-6.251518428325653076e-02
3.936762809753417969e-01
3.818801045417785645e-01
-9.242478013038635254e-02
3.908916115760803223e-01
4.656633138656616211e-01
-1.065283343195915222e-01
3.196120560169219971e-01
3.663486838340759277e-01
-1.628806255757808685e-02
3.350031971931457520e-01
2.682806849479675293e-01
-6.645444780588150024e-02
3.471702039241790771e-01
3.782321810722351074e-01
-8.367881178855895996e-02
3.494827449321746826e-01
4.629420936107635498e-01
-8.209614455699920654e-02
2.619584500789642334e-01
3.903585374355316162e-01
-2.488743513822555542e-02
2.657503783702850342e-01
2.731690406799316406e-01
-7.694315910339355469e-02
2.981018126010894775e-01
3.801946341991424561e-01
-7.761625200510025024e-02
3.077573180198669434e-01
4.573849439620971680e-01
-6.509004533290863037e-02
2.080407887697219849e-01
4.351094365119934082e-01
-3.649257123470306396e-02
2.401042431592941284e-01
3.942641615867614746e-01
-8.258287608623504639e-02
2.739825844764709473e-01
4.763990044593811035e-01
-8.680314570665359497e-02
2.817438244819641113e-01
5.261090993881225586e-01
-8.023007214069366455e-02
