3.741984963417053223e-01
7.848978042602539062e-01
-3.566777024843759136e-07
4.366805553436279297e-01
7.300428748130798340e-01
-3.413733094930648804e-02
4.450443983078002930e-01
6.013522744178771973e-01
-5.153898522257804871e-02
3.723656833171844482e-01
5.429216027259826660e-01
-6.804381310939788818e-02
3.101856112480163574e-01
5.066834688186645508e-01
-7.620937377214431763e-02
4.288642704486846924e-01
4.988735616207122803e-01
-4.636427387595176697e-03
4.617250561714172363e-01
4.694772660732269287e-01
-5.513777583837509155e-02
4.680714011192321777e-01
5.620223879814147949e-01
-8.782810717821121216e-02
4.628985524177551270e-01
6.410751938819885254e-01
-1.027690395712852478e-01
3.734323382377624512e-01
4.992838501930236816e-01
-9.176234714686870575e-03
4.168459177017211914e-01
4.466769099235534668e-01
-6.243978813290596008e-02
4.333659708499908447e-01
5.536377429962158203e-01
-7.787476480007171631e-02
4.303790330886840820e-01
6.365435123443603516e-01
-7.418942451477050781e-02
3.229885697364807129e-01
5.214765071868896484e-01
-2.328529953956604004e-02
3.616639673709869385e-01
4.481838941574096680e-01
-7.522986084222793579e-02
3.875295817852020264e-01
5.517757534980773926e-01
-7.163046300411224365e-02
3.832876682281494141e-01
6.167643666267395020e-01
-5.577880516648292542e-02
2.770749628543853760e-01
5.648509263992309570e-01
-4.069624841213226318e-02
3.357111811637878418e-01
5.603846907615661621e-01
-8.210752159357070923e-02
3.536285758018493652e-01
6.339548230171203613e-01
-8.375372737646102905e-02
3.373951911926269531e-01
6.665281057357788086e-01
-7.557345926761627197e-02
