3.366499543190002441e-01
7.483329772949218750e-01
-3.133177131076081423e-07
3.872479498386383057e-01
6.947833299636840820e-01
-2.924595400691032410e-02
3.897850513458251953e-01
5.840564370155334473e-01
-4.466259479522705078e-02
3.230315744876861572e-01
5.402376055717468262e-01
-5.920199304819107056e-02
2.668626606464385986e-01
5.134978294372558594e-01
-6.676283478736877441e-02
3.749733269214630127e-01
5.073068737983703613e-01
-9.176176972687244415e-03
3.987549543380737305e-01
4.597897827625274658e-01
-4.878327250480651855e-02
4.044556021690368652e-01
5.371320247650146484e-01
-7.350420206785202026e-02
4.008864760398864746e-01
6.045517921447753906e-01
-8.470998704433441162e-02
3.275925219058990479e-01
5.139126181602478027e-01
-1.215122360736131668e-02
3.550643026828765869e-01
4.514264762401580811e-01
-5.423002317547798157e-02
3.714652955532073975e-01
5.371829271316528320e-01
-6.637576222419738770e-02
3.717225790023803711e-01
6.054497957229614258e-01
-6.409122794866561890e-02
2.837606668472290039e-01
5.339472293853759766e-01
-2.260331809520721436e-02
3.070483803749084473e-01
4.538247883319854736e-01
-6.433109194040298462e-02
3.331329226493835449e-01
5.382124185562133789e-01
-6.159085035324096680e-02
3.328408002853393555e-01
5.959380865097045898e-01
-4.982291534543037415e-02
2.443731129169464111e-01
5.699086785316467285e-01
-3.556259721517562866e-02
2.908889055252075195e-01
5.492817759513854980e-01
-6.984208524227142334e-02
3.100732862949371338e-01
6.118928790092468262e-01
-7.128760218620300293e-02
2.988979220390319824e-01
6.462174654006958008e-01
-6.538147479295730591e-02
