3.020321428775787354e-01
7.471091747283935547e-01
-3.200021012617071392e-07
3.403953909873962402e-01
6.855046749114990234e-01
-3.120948560535907745e-02
3.281538486480712891e-01
5.784342885017395020e-01
-4.587797448039054871e-02
2.579927146434783936e-01
5.448330044746398926e-01
-5.859514325857162476e-02
2.032096087932586670e-01
5.236681699752807617e-01
-6.487386673688888550e-02
3.168699145317077637e-01
5.071154832839965820e-01
-9.973076172173023224e-03
3.303779363632202148e-01
4.595192670822143555e-01
-4.564389213919639587e-02
3.393134772777557373e-01
5.349674820899963379e-01
-6.886909157037734985e-02
3.409200608730316162e-01
5.999402999877929688e-01
-7.954492419958114624e-02
2.727324366569519043e-01
5.194404721260070801e-01
-1.027504540979862213e-02
2.876131534576416016e-01
4.541597366333007812e-01
-4.875642433762550354e-02
3.044700622558593750e-01
5.376464128494262695e-01
-6.061067804694175720e-02
3.099456429481506348e-01
6.057919859886169434e-01
-5.836421996355056763e-02
2.310199290513992310e-01
5.443007946014404297e-01
-1.763998158276081085e-02
2.375831753015518188e-01
4.616695642471313477e-01
-5.806165561079978943e-02
2.674391567707061768e-01
5.401800870895385742e-01
-5.769833922386169434e-02
2.768645584583282471e-01
6.012146472930908203e-01
-4.707448557019233704e-02
1.926742792129516602e-01
5.854523181915283203e-01
-2.736088261008262634e-02
2.251891791820526123e-01
5.574818849563598633e-01
-6.368842720985412598e-02
2.550920248031616211e-01
6.151508092880249023e-01
-6.752043217420578003e-02
2.604851424694061279e-01
6.533653140068054199e-01
-6.241674721240997314e-02
