3.016242980957031250e-01
6.873208880424499512e-01
-2.797380034280649852e-07
3.425547182559967041e-01
6.304688453674316406e-01
-2.843624725937843323e-02
3.373883366584777832e-01
5.326449871063232422e-01
-4.283732548356056213e-02
2.745373249053955078e-01
4.931311607360839844e-01
-5.588489025831222534e-02
2.246974110603332520e-01
4.658218920230865479e-01
-6.314419955015182495e-02
3.289234340190887451e-01
4.681036174297332764e-01
-1.047942694276571274e-02
3.441862761974334717e-01
4.170692265033721924e-01
-4.472534731030464172e-02
3.505446910858154297e-01
4.847334623336791992e-01
-6.741425395011901855e-02
3.491715192794799805e-01
5.467894673347473145e-01
-7.779920846223831177e-02
2.879625558853149414e-01
4.761795997619628906e-01
-1.112849824130535126e-02
3.020047247409820557e-01
4.079197347164154053e-01
-4.605588316917419434e-02
3.166044950485229492e-01
4.823261797428131104e-01
-5.792392417788505554e-02
3.188619613647460938e-01
5.434645414352416992e-01
-5.732333660125732422e-02
2.480282783508300781e-01
4.954264760017395020e-01
-1.819180697202682495e-02
2.545145153999328613e-01
4.114213287830352783e-01
-5.477591603994369507e-02
2.808919548988342285e-01
4.839527308940887451e-01
-5.439568310976028442e-02
2.859578132629394531e-01
5.399194359779357910e-01
-4.524688795208930969e-02
2.097555398941040039e-01
5.300592780113220215e-01
-2.739994972944259644e-02
2.399746477603912354e-01
4.998921751976013184e-01
-5.895119160413742065e-02
2.642735838890075684e-01
5.545781254768371582e-01
-6.106428429484367371e-02
2.632938325405120850e-01
5.919085741043090820e-01
-5.616347864270210266e-02
