2.339935749769210815e-01
7.535352110862731934e-01
-3.755827435725223040e-07
2.846583724021911621e-01
6.686338782310485840e-01
-3.490384295582771301e-02
2.724981606006622314e-01
5.488695502281188965e-01
-5.176515132188796997e-02
1.901229023933410645e-01
4.945636987686157227e-01
-6.660134345293045044e-02
1.287730634212493896e-01
4.602226614952087402e-01
-7.583875954151153564e-02
2.764754891395568848e-01
4.845473766326904297e-01
-1.365017425268888474e-02
2.751314043998718262e-01
4.100716412067413330e-01
-5.370235070586204529e-02
2.701679170131683350e-01
4.874362647533416748e-01
-7.996735721826553345e-02
2.677211463451385498e-01
5.563365817070007324e-01
-9.192808717489242554e-02
2.246656715869903564e-01
4.957109391689300537e-01
-1.281296741217374802e-02
2.234278619289398193e-01
3.930799067020416260e-01
-5.549403280019760132e-02
2.270358800888061523e-01
4.845942556858062744e-01
-7.095339894294738770e-02
2.306701987981796265e-01
5.594518780708312988e-01
-6.970024108886718750e-02
1.757121980190277100e-01
5.176889896392822266e-01
-1.890988275408744812e-02
1.654436439275741577e-01
4.139400422573089600e-01
-6.116368621587753296e-02
1.886873096227645874e-01
5.017819404602050781e-01
-5.949278920888900757e-02
2.012634575366973877e-01
5.697095990180969238e-01
-4.626593366265296936e-02
1.274383962154388428e-01
5.548739433288574219e-01
-2.754351310431957245e-02
1.329177320003509521e-01
4.980868697166442871e-01
-5.961390584707260132e-02
1.624270081520080566e-01
5.595930218696594238e-01
-5.682698637247085571e-02
1.784240901470184326e-01
6.033888459205627441e-01
-4.692382365465164185e-02
