2.607472836971282959e-01
7.582035660743713379e-01
-3.158775996325857705e-07
3.044780790805816650e-01
6.879683732986450195e-01
-3.006508573889732361e-02
2.940789461135864258e-01
5.799983143806457520e-01
-4.406325519084930420e-02
2.242818176746368408e-01
5.350337624549865723e-01
-5.598344653844833374e-02
1.714244633913040161e-01
5.071169734001159668e-01
-6.269032508134841919e-02
2.906584739685058594e-01
5.198571085929870605e-01
-1.170511823147535324e-02
2.917255163192749023e-01
4.578509628772735596e-01
-4.508468508720397949e-02
2.924731373786926270e-01
5.263771414756774902e-01
-6.745059043169021606e-02
2.915815711021423340e-01
5.876381993293762207e-01
-7.789879292249679565e-02
2.454047501087188721e-01
5.311676263809204102e-01
-1.130113657563924789e-02
2.427169382572174072e-01
4.442453980445861816e-01
-4.576411470770835876e-02
2.532217204570770264e-01
5.234544873237609863e-01
-5.812479555606842041e-02
2.586948871612548828e-01
5.876526236534118652e-01
-5.706585198640823364e-02
2.031960487365722656e-01
5.539464354515075684e-01
-1.688487827777862549e-02
1.942898482084274292e-01
4.671853184700012207e-01
-5.166662856936454773e-02
2.205461263656616211e-01
5.410671830177307129e-01
-4.965969920158386230e-02
2.314032614231109619e-01
5.977894663810729980e-01
-3.871102631092071533e-02
1.629882454872131348e-01
5.907090306282043457e-01
-2.472484484314918518e-02
1.731300055980682373e-01
5.407838821411132812e-01
-5.150647088885307312e-02
2.005475014448165894e-01
5.927600264549255371e-01
-4.852310195565223694e-02
2.103217691183090210e-01
6.301982402801513672e-01
-4.013348743319511414e-02
