4.097879230976104736e-01
6.251628398895263672e-01
-4.837797291656897869e-07
4.827529191970825195e-01
5.459712147712707520e-01
-5.294730514287948608e-02
4.828336834907531738e-01
3.759680688381195068e-01
-7.776924967765808105e-02
3.701540231704711914e-01
3.043756186962127686e-01
-9.748257696628570557e-02
2.839024662971496582e-01
2.578571140766143799e-01
-1.082071587443351746e-01
4.715744256973266602e-01
2.752353847026824951e-01
-2.684716507792472839e-02
4.910519421100616455e-01
1.930027008056640625e-01
-7.935154438018798828e-02
4.905182421207427979e-01
3.078102469444274902e-01
-1.144629344344139099e-01
4.841854572296142578e-01
4.062974154949188232e-01
-1.322004646062850952e-01
4.024088978767395020e-01
2.817555069923400879e-01
-2.550511620938777924e-02
4.171047210693359375e-01
1.554032266139984131e-01
-8.266871422529220581e-02
4.310756921768188477e-01
2.823051214218139648e-01
-1.040597259998321533e-01
4.344085752964019775e-01
3.914886116981506348e-01
-1.042429283261299133e-01
3.373686075210571289e-01
3.075899183750152588e-01
-3.408441320061683655e-02
3.351325094699859619e-01
1.588156372308731079e-01
-9.697916358709335327e-02
3.702221214771270752e-01
2.737188041210174561e-01
-1.039275750517845154e-01
3.813760876655578613e-01
3.688066601753234863e-01
-9.393537789583206177e-02
2.761299312114715576e-01
3.587832748889923096e-01
-4.573132097721099854e-02
3.151433765888214111e-01
3.023084700107574463e-01
-1.036610305309295654e-01
3.559316992759704590e-01
3.963411450386047363e-01
-1.135863885283470154e-01
3.650372028350830078e-01
4.651330113410949707e-01
-1.102712750434875488e-01
