4.306460618972778320e-01
5.062891840934753418e-01
-3.412187083995377179e-07
4.889675378799438477e-01
4.458141326904296875e-01
-3.954336419701576233e-02
4.924281239509582520e-01
3.153769373893737793e-01
-5.940282717347145081e-02
4.124720990657806396e-01
2.552703619003295898e-01
-7.638708502054214478e-02
3.470587730407714844e-01
2.166731208562850952e-01
-8.608546853065490723e-02
4.840734601020812988e-01
2.363838255405426025e-01
-2.027840912342071533e-02
5.083127021789550781e-01
1.732656657695770264e-01
-6.452658027410507202e-02
5.106550455093383789e-01
2.628025710582733154e-01
-9.311453253030776978e-02
5.038814544677734375e-01
3.410489559173583984e-01
-1.066278740763664246e-01
4.293528795242309570e-01
2.384365051984786987e-01
-2.057804539799690247e-02
4.535213112831115723e-01
1.459830850362777710e-01
-6.810970604419708252e-02
4.670040309429168701e-01
2.453046739101409912e-01
-8.362769335508346558e-02
4.660108387470245361e-01
3.294321298599243164e-01
-8.198107033967971802e-02
3.768646121025085449e-01
2.554126977920532227e-01
-2.894516848027706146e-02
3.926924765110015869e-01
1.438485234975814819e-01
-7.922289520502090454e-02
4.198958277702331543e-01
2.413144111633300781e-01
-7.990533113479614258e-02
4.230227470397949219e-01
3.168211579322814941e-01
-6.794524937868118286e-02
3.273039162158966064e-01
2.922851145267486572e-01
-4.003057256340980530e-02
3.710339665412902832e-01
2.555270791053771973e-01
-8.440887182950973511e-02
3.967551290988922119e-01
3.321844041347503662e-01
-8.915644139051437378e-02
3.931410908699035645e-01
3.837302029132843018e-01
-8.375340700149536133e-02
