3.402522206306457520e-01
5.840874314308166504e-01
-5.627551900033722632e-07
4.010721147060394287e-01
4.977730512619018555e-01
-5.375902727246284485e-02
3.855642378330230713e-01
3.268071413040161133e-01
-7.522314786911010742e-02
2.780613303184509277e-01
2.587310969829559326e-01
-9.221355617046356201e-02
1.990953981876373291e-01
2.079614102840423584e-01
-9.946057200431823730e-02
3.947918713092803955e-01
2.300379127264022827e-01
-1.999272406101226807e-02
4.005090594291687012e-01
1.350067257881164551e-01
-7.226161658763885498e-02
3.984536528587341309e-01
2.522821128368377686e-01
-1.058609187602996826e-01
3.946703374385833740e-01
3.487415015697479248e-01
-1.218834817409515381e-01
3.262053728103637695e-01
2.427685856819152832e-01
-1.654325425624847412e-02
3.286290466785430908e-01
1.217036545276641846e-01
-7.522273063659667969e-02
3.407473564147949219e-01
2.514531910419464111e-01
-9.826121479272842407e-02
3.485854268074035645e-01
3.464883863925933838e-01
-9.859669208526611328e-02
2.619254589080810547e-01
2.724160850048065186e-01
-2.357483282685279846e-02
2.505090236663818359e-01
1.343413144350051880e-01
-8.316506445407867432e-02
2.866584956645965576e-01
2.545941770076751709e-01
-8.811412006616592407e-02
3.028500080108642578e-01
3.407610654830932617e-01
-7.673502713441848755e-02
2.033438086509704590e-01
3.240424096584320068e-01
-3.436248004436492920e-02
2.265675216913223267e-01
2.703167200088500977e-01
-8.584579825401306152e-02
2.679308056831359863e-01
3.584558069705963135e-01
-9.314266592264175415e-02
2.845937907695770264e-01
4.135331809520721436e-01
-8.804550021886825562e-02
