2.768400311470031738e-01
5.576103925704956055e-01
-3.800802517162082950e-07
3.236322999000549316e-01
4.825662374496459961e-01
-3.964461758732795715e-02
3.084074556827545166e-01
3.660830557346343994e-01
-5.618643388152122498e-02
2.314618974924087524e-01
3.195442557334899902e-01
-6.975178420543670654e-02
1.725177168846130371e-01
2.883918285369873047e-01
-7.687532901763916016e-02
3.080524802207946777e-01
2.959381043910980225e-01
-1.295922789722681046e-02
3.087744116783142090e-01
2.347939312458038330e-01
-5.418707802891731262e-02
3.079805970191955566e-01
3.164674043655395508e-01
-8.112009614706039429e-02
3.065519034862518311e-01
3.862419724464416504e-01
-9.346992522478103638e-02
2.588284611701965332e-01
3.090400099754333496e-01
-9.525438770651817322e-03
2.557604014873504639e-01
2.249311357736587524e-01
-5.610501393675804138e-02
2.662229239940643311e-01
3.197621703147888184e-01
-7.367336004972457886e-02
2.748789489269256592e-01
3.925030529499053955e-01
-7.286552339792251587e-02
2.135957032442092896e-01
3.339821100234985352e-01
-1.413688901811838150e-02
2.018887102603912354e-01
2.384807467460632324e-01
-6.142535060644149780e-02
2.295638322830200195e-01
3.231757879257202148e-01
-6.464989483356475830e-02
2.452598661184310913e-01
3.883460462093353271e-01
-5.353416502475738525e-02
1.713076382875442505e-01
3.738516569137573242e-01
-2.140885777771472931e-02
1.822905391454696655e-01
3.299978375434875488e-01
-6.032974645495414734e-02
2.138686627149581909e-01
3.882131576538085938e-01
-6.451357156038284302e-02
2.298123240470886230e-01
4.295875728130340576e-01
-5.823351815342903137e-02
