7.018485069274902344e-01
6.837812066078186035e-01
4.034802429941919399e-07
6.432466506958007812e-01
6.795123219490051270e-01
-1.930338516831398010e-02
5.941821932792663574e-01
6.196185946464538574e-01
-2.833149582147598267e-02
5.988951921463012695e-01
5.398863554000854492e-01
-3.714458644390106201e-02
6.314896345138549805e-01
5.093713998794555664e-01
-4.629133269190788269e-02
5.571275353431701660e-01
5.357525348663330078e-01
-6.636763457208871841e-03
5.243657827377319336e-01
4.613706469535827637e-01
-1.856874674558639526e-02
5.074599981307983398e-01
4.145870804786682129e-01
-3.339668363332748413e-02
4.937953948974609375e-01
3.717176318168640137e-01
-4.669938609004020691e-02
5.809407234191894531e-01
5.032062530517578125e-01
-1.049716118723154068e-02
5.426738858222961426e-01
4.205739796161651611e-01
-1.805596798658370972e-02
5.208275914192199707e-01
3.685188889503479004e-01
-2.983764931559562683e-02
5.005539059638977051e-01
3.237206339836120605e-01
-4.061880335211753845e-02
6.113554835319519043e-01
4.892210960388183594e-01
-1.794935390353202820e-02
5.764517784118652344e-01
4.135306477546691895e-01
-2.443886920809745789e-02
5.541878938674926758e-01
3.686442077159881592e-01
-3.358761221170425415e-02
5.332012176513671875e-01
3.308812379837036133e-01
-4.251301661133766174e-02
6.487247943878173828e-01
4.878121614456176758e-01
-2.873913384974002838e-02
6.220127940177917480e-01
4.289319217205047607e-01
-3.438983857631683350e-02
6.037014722824096680e-01
3.935657739639282227e-01
-3.762268275022506714e-02
5.863912105560302734e-01
3.643094003200531006e-01
-4.198370873928070068e-02
