7.162309885025024414e-01
7.192687988281250000e-01
3.356381625962967519e-07
6.595925688743591309e-01
7.078800201416015625e-01
-1.429461501538753510e-02
6.166732311248779297e-01
6.310355663299560547e-01
-1.705146580934524536e-02
6.248766779899597168e-01
5.582622885704040527e-01
-2.075925841927528381e-02
6.626777648925781250e-01
5.434760451316833496e-01
-2.497761324048042297e-02
6.204342842102050781e-01
5.454409122467041016e-01
4.484406672418117523e-03
6.067805290222167969e-01
4.752092063426971436e-01
-3.028094535693526268e-03
5.989835858345031738e-01
4.294959902763366699e-01
-1.368024200201034546e-02
5.951492190361022949e-01
3.881251215934753418e-01
-2.367612719535827637e-02
6.417768001556396484e-01
5.232131481170654297e-01
-7.516192272305488586e-05
6.237083077430725098e-01
4.407324194908142090e-01
-5.043190903961658478e-03
6.138754487037658691e-01
3.865444660186767578e-01
-1.277004461735486984e-02
6.074529886245727539e-01
3.406186103820800781e-01
-1.952572353184223175e-02
6.668053865432739258e-01
5.192573666572570801e-01
-8.652443997561931610e-03
6.500976681709289551e-01
4.394868612289428711e-01
-1.412696950137615204e-02
6.394336819648742676e-01
3.895835876464843750e-01
-2.187594585120677948e-02
6.314359307289123535e-01
3.469451069831848145e-01
-2.877582423388957977e-02
6.945628523826599121e-01
5.267925262451171875e-01
-2.026017755270004272e-02
6.784198284149169922e-01
4.637311100959777832e-01
-2.533272281289100647e-02
6.683588624000549316e-01
4.243742227554321289e-01
-2.870699577033519745e-02
6.605039238929748535e-01
3.901084661483764648e-01
-3.272732719779014587e-02
