6.979738473892211914e-01
7.430453300476074219e-01
2.010634432281221962e-07
7.444404363632202148e-01
6.647355556488037109e-01
2.241584286093711853e-02
7.552210092544555664e-01
5.909323096275329590e-01
2.437464706599712372e-02
7.384513020515441895e-01
5.388735532760620117e-01
2.125021070241928101e-02
7.119587063789367676e-01
5.131160020828247070e-01
1.348602492362260818e-02
7.641713619232177734e-01
5.596199631690979004e-01
-8.512331172823905945e-03
7.560108304023742676e-01
4.535503685474395752e-01
-2.061266452074050903e-02
7.541943192481994629e-01
3.978303074836730957e-01
-2.583223022520542145e-02
7.537984251976013184e-01
3.540521264076232910e-01
-2.820172533392906189e-02
7.311672568321228027e-01
5.535342097282409668e-01
-2.866252884268760681e-02
7.301848530769348145e-01
4.304959774017333984e-01
-3.879220038652420044e-02
7.303032279014587402e-01
3.594822883605957031e-01
-4.340027272701263428e-02
7.327623367309570312e-01
3.039766550064086914e-01
-4.638280719518661499e-02
6.942423582077026367e-01
5.589434504508972168e-01
-4.583659395575523376e-02
6.984316706657409668e-01
4.400478601455688477e-01
-5.339352041482925415e-02
7.009520530700683594e-01
3.739872574806213379e-01
-5.851911380887031555e-02
7.060689926147460938e-01
3.238986134529113770e-01
-6.236980110406875610e-02
6.563975811004638672e-01
5.738265514373779297e-01
-6.017556786537170410e-02
6.620610356330871582e-01
4.781354665756225586e-01
-6.729902327060699463e-02
6.690265536308288574e-01
4.260699152946472168e-01
-6.794925034046173096e-02
6.781607866287231445e-01
3.819214403629302979e-01
-6.792020797729492188e-02
