6.722296476364135742e-01
7.945818305015563965e-01
2.089444990360789234e-07
6.126378774642944336e-01
7.252468466758728027e-01
4.591316450387239456e-03
6.049149632453918457e-01
6.570035815238952637e-01
1.344337651971727610e-04
6.057500243186950684e-01
6.101085543632507324e-01
-8.858940564095973969e-03
6.076455712318420410e-01
5.776125788688659668e-01
-1.925871893763542175e-02
6.756542921066284180e-01
5.760896205902099609e-01
5.190102849155664444e-03
6.596239209175109863e-01
4.884211421012878418e-01
-7.317861076444387436e-03
6.519800424575805664e-01
4.277122020721435547e-01
-2.001889795064926147e-02
6.472122669219970703e-01
3.757357299327850342e-01
-3.102992847561836243e-02
6.865820288658142090e-01
5.800511240959167480e-01
-1.085288356989622116e-02
6.623636484146118164e-01
4.762323498725891113e-01
-2.684514969587326050e-02
6.533015966415405273e-01
4.090260863304138184e-01
-4.276534169912338257e-02
6.500192880630493164e-01
3.488744497299194336e-01
-5.534414201974868774e-02
6.831123232841491699e-01
5.944098234176635742e-01
-2.771355025470256805e-02
6.605614423751831055e-01
4.915741384029388428e-01
-4.286677390336990356e-02
6.524721384048461914e-01
4.266313016414642334e-01
-5.278402194380760193e-02
6.514024734497070312e-01
3.705450296401977539e-01
-6.049056723713874817e-02
6.650319695472717285e-01
6.132898926734924316e-01
-4.479740560054779053e-02
6.518550515174865723e-01
5.358613729476928711e-01
-5.600817129015922546e-02
6.457986235618591309e-01
4.860354661941528320e-01
-6.084695830941200256e-02
6.447440981864929199e-01
4.401671290397644043e-01
-6.549067050218582153e-02
