4.016872644424438477e-01
7.079070806503295898e-01
4.637927304429467767e-07
3.567353487014770508e-01
6.348704099655151367e-01
3.805631073191761971e-03
3.565892279148101807e-01
5.446077585220336914e-01
-1.521071651950478554e-03
3.835574090480804443e-01
4.719598591327667236e-01
-6.298854947090148926e-03
4.073622822761535645e-01
4.275493621826171875e-01
-1.261019892990589142e-02
3.629046976566314697e-01
5.206862092018127441e-01
-3.455076739192008972e-02
3.885859847068786621e-01
4.049828648567199707e-01
-4.820323362946510315e-02
4.057939052581787109e-01
3.445550799369812012e-01
-5.076839774847030640e-02
4.188093543052673340e-01
3.011248409748077393e-01
-5.059511214494705200e-02
4.058639705181121826e-01
5.321504473686218262e-01
-4.425243660807609558e-02
4.269435107707977295e-01
4.077080488204956055e-01
-5.602494999766349792e-02
4.421343505382537842e-01
3.379327654838562012e-01
-5.945246294140815735e-02
4.519489705562591553e-01
2.876083552837371826e-01
-6.063428521156311035e-02
4.494571089744567871e-01
5.545926690101623535e-01
-5.092314630746841431e-02
4.648407399654388428e-01
4.349039196968078613e-01
-6.073031574487686157e-02
4.750099480152130127e-01
3.696309328079223633e-01
-6.473574042320251465e-02
4.802313446998596191e-01
3.207082152366638184e-01
-6.702615320682525635e-02
4.895284771919250488e-01
5.846069455146789551e-01
-5.572052299976348877e-02
4.993698000907897949e-01
4.933923184871673584e-01
-6.539794057607650757e-02
5.040135383605957031e-01
4.388097822666168213e-01
-6.610263884067535400e-02
5.078389644622802734e-01
3.921136260032653809e-01
-6.451727449893951416e-02
