3.834227919578552246e-01
8.558196425437927246e-01
2.267724852345054387e-07
3.383073210716247559e-01
7.495939731597900391e-01
2.161047793924808502e-02
3.394241631031036377e-01
6.617682576179504395e-01
2.519133500754833221e-02
3.704515993595123291e-01
6.074105501174926758e-01
2.505393885076045990e-02
4.018486142158508301e-01
5.831966996192932129e-01
2.283680811524391174e-02
3.530566394329071045e-01
6.185620427131652832e-01
-9.914034046232700348e-03
3.645441532135009766e-01
4.878539443016052246e-01
-1.784683205187320709e-02
3.735627233982086182e-01
4.208011031150817871e-01
-1.631450094282627106e-02
3.819949626922607422e-01
3.721483051776885986e-01
-1.230991259217262268e-02
4.006974399089813232e-01
6.251043081283569336e-01
-2.474038861691951752e-02
4.046011269092559814e-01
4.822943806648254395e-01
-3.378974646329879761e-02
4.092496335506439209e-01
4.066194891929626465e-01
-3.275998309254646301e-02
4.152300059795379639e-01
3.537804782390594482e-01
-2.853386849164962769e-02
4.436443746089935303e-01
6.428933143615722656e-01
-3.572334721684455872e-02
4.437601566314697266e-01
5.087367892265319824e-01
-4.111711680889129639e-02
4.438961148262023926e-01
4.370306134223937988e-01
-3.860261291265487671e-02
4.439807832241058350e-01
3.848563432693481445e-01
-3.409655392169952393e-02
4.790197312831878662e-01
6.709131002426147461e-01
-4.405715316534042358e-02
4.806770384311676025e-01
5.633381009101867676e-01
-4.378283768892288208e-02
4.789910912513732910e-01
5.054756402969360352e-01
-3.572687134146690369e-02
4.780512154102325439e-01
4.586967229843139648e-01
-2.700495161116123199e-02
