3.465806245803833008e-01
7.106821537017822266e-01
4.479722690575727029e-07
3.386580348014831543e-01
6.054516434669494629e-01
7.354986853897571564e-03
3.728008270263671875e-01
5.334174633026123047e-01
4.625191446393728256e-03
4.213075935840606689e-01
5.035840272903442383e-01
1.784468069672584534e-03
4.578566253185272217e-01
4.966345429420471191e-01
-2.154115121811628342e-03
3.999814391136169434e-01
5.121490955352783203e-01
-2.684305794537067413e-02
4.746715128421783447e-01
4.381853342056274414e-01
-3.823702037334442139e-02
5.175580382347106934e-01
4.009792804718017578e-01
-4.011547192931175232e-02
5.497637987136840820e-01
3.757483661174774170e-01
-3.879354894161224365e-02
4.354530870914459229e-01
5.517264604568481445e-01
-3.512099757790565491e-02
5.113784074783325195e-01
4.668395817279815674e-01
-4.431343078613281250e-02
5.543130636215209961e-01
4.211173653602600098e-01
-4.498958215117454529e-02
5.850503444671630859e-01
3.894457817077636719e-01
-4.404364153742790222e-02
4.628232419490814209e-01
5.942383408546447754e-01
-4.023899510502815247e-02
5.273069143295288086e-01
5.151168107986450195e-01
-4.411921277642250061e-02
5.626403689384460449e-01
4.687989354133605957e-01
-4.340074956417083740e-02
5.867145657539367676e-01
4.356467723846435547e-01
-4.283150658011436462e-02
4.787928164005279541e-01
6.357072591781616211e-01
-4.407510533928871155e-02
5.239811539649963379e-01
5.756931900978088379e-01
-4.348041489720344543e-02
5.466226935386657715e-01
5.370433926582336426e-01
-3.797199204564094543e-02
5.632568597793579102e-01
5.056517720222473145e-01
-3.296903520822525024e-02
