2.392956018447875977e-01
7.258654236793518066e-01
4.865211167270899750e-07
3.082073628902435303e-01
7.155121564865112305e-01
-3.228984773159027100e-02
3.731756508350372314e-01
6.512321233749389648e-01
-3.957629948854446411e-02
3.649812042713165283e-01
5.539516210556030273e-01
-4.382139444351196289e-02
3.224737048149108887e-01
5.071672201156616211e-01
-4.629244655370712280e-02
4.162188470363616943e-01
5.549907088279724121e-01
-1.383530325256288052e-03
4.700207710266113281e-01
4.780262112617492676e-01
-1.063398458063602448e-02
4.964334666728973389e-01
4.298395812511444092e-01
-2.332343347370624542e-02
5.165096521377563477e-01
3.845079541206359863e-01
-3.406634554266929626e-02
3.880365788936614990e-01
5.146750211715698242e-01
4.936296609230339527e-04
4.465432763099670410e-01
4.322462379932403564e-01
-5.189799703657627106e-03
4.810795187950134277e-01
3.803973495960235596e-01
-1.672520674765110016e-02
5.067177414894104004e-01
3.355959057807922363e-01
-2.593164891004562378e-02
3.537528812885284424e-01
4.954474866390228271e-01
-3.473514225333929062e-03
4.046843945980072021e-01
4.171156287193298340e-01
-1.128388196229934692e-02
4.408815503120422363e-01
3.739728927612304688e-01
-2.252895198762416840e-02
4.669860005378723145e-01
3.370627164840698242e-01
-3.049596212804317474e-02
3.109709918498992920e-01
4.885668456554412842e-01
-1.168899517506361008e-02
3.516944050788879395e-01
4.254844784736633301e-01
-1.913555152714252472e-02
3.794061839580535889e-01
3.871923089027404785e-01
-2.269090339541435242e-02
4.026009440422058105e-01
3.527126908302307129e-01
-2.551483362913131714e-02
