3.202628791332244873e-01
9.921185970306396484e-01
5.945576617705228273e-07
3.957856893539428711e-01
9.216186404228210449e-01
-4.579331725835800171e-02
4.403877258300781250e-01
7.835900187492370605e-01
-5.838153138756752014e-02
3.753900229930877686e-01
6.766965985298156738e-01
-6.653564423322677612e-02
3.002928793430328369e-01
6.458741426467895508e-01
-7.327418029308319092e-02
4.254628717899322510e-01
6.104321479797363281e-01
-1.708134263753890991e-02
4.353898763656616211e-01
4.654792547225952148e-01
-3.669686242938041687e-02
4.353179931640625000e-01
3.765927851200103760e-01
-5.809171125292778015e-02
4.310185313224792480e-01
2.953886091709136963e-01
-7.600601762533187866e-02
3.669939637184143066e-01
5.939020514488220215e-01
-1.675469428300857544e-02
3.790605962276458740e-01
4.396680295467376709e-01
-3.038159199059009552e-02
3.843934834003448486e-01
3.375830948352813721e-01
-5.090024322271347046e-02
3.858447372913360596e-01
2.489721775054931641e-01
-6.823905557394027710e-02
3.143830597400665283e-01
6.119881868362426758e-01
-2.364281564950942993e-02
3.207314610481262207e-01
4.698240756988525391e-01
-3.984671086072921753e-02
3.312210440635681152e-01
3.783257007598876953e-01
-5.970421805977821350e-02
3.353861570358276367e-01
2.992338240146636963e-01
-7.502844184637069702e-02
2.587121129035949707e-01
6.545108556747436523e-01
-3.596770018339157104e-02
2.631409764289855957e-01
5.418272018432617188e-01
-5.277428403496742249e-02
2.694962024688720703e-01
4.684061408042907715e-01
-6.232561916112899780e-02
2.730241119861602783e-01
3.999448418617248535e-01
-7.016810774803161621e-02
