1.552761495113372803e-01
8.897792100906372070e-01
3.754915667286695680e-07
1.026693284511566162e-01
8.231415748596191406e-01
1.510731596499681473e-02
8.429625630378723145e-02
7.416441440582275391e-01
1.188058592379093170e-02
9.877751767635345459e-02
6.652237176895141602e-01
5.965380463749170303e-03
1.282305568456649780e-01
6.167849898338317871e-01
-1.439747633412480354e-03
8.084947615861892700e-02
7.109718322753906250e-01
-1.959295757114887238e-02
1.065985783934593201e-01
5.972241163253784180e-01
-2.975775860249996185e-02
1.247064620256423950e-01
5.362774133682250977e-01
-2.902377583086490631e-02
1.387691199779510498e-01
4.968483150005340576e-01
-2.613850869238376617e-02
1.206808909773826599e-01
7.090562582015991211e-01
-3.489841893315315247e-02
1.417726278305053711e-01
5.864781737327575684e-01
-4.456727951765060425e-02
1.593364030122756958e-01
5.245217680931091309e-01
-4.381219297647476196e-02
1.740271449089050293e-01
4.827421307563781738e-01
-4.048960283398628235e-02
1.672239154577255249e-01
7.136368155479431152e-01
-4.653426259756088257e-02
1.776906847953796387e-01
5.935244560241699219e-01
-5.234291404485702515e-02
1.881215423345565796e-01
5.324209332466125488e-01
-4.701497405767440796e-02
1.975433826446533203e-01
4.880976676940917969e-01
-4.189455136656761169e-02
2.151954472064971924e-01
7.262590527534484863e-01
-5.591465532779693604e-02
2.131362855434417725e-01
6.240270733833312988e-01
-5.942401662468910217e-02
2.136666029691696167e-01
5.672733783721923828e-01
-5.212623253464698792e-02
2.173271179199218750e-01
5.204781293869018555e-01
-4.391131922602653503e-02
