3.075316548347473145e-01
8.187111020088195801e-01
4.159844309015170438e-07
2.746241092681884766e-01
7.145000696182250977e-01
1.424861699342727661e-02
2.853717207908630371e-01
6.232892870903015137e-01
1.164698041975498199e-02
3.212589621543884277e-01
5.669330954551696777e-01
6.143034901469945908e-03
3.570520579814910889e-01
5.418255329132080078e-01
-1.388050615787506104e-03
2.904120087623596191e-01
5.847623348236083984e-01
-2.491799369454383850e-02
3.294371366500854492e-01
4.611814916133880615e-01
-4.077223688364028931e-02
3.548348248004913330e-01
3.963919579982757568e-01
-4.577921330928802490e-02
3.756170868873596191e-01
3.474501073360443115e-01
-4.724211245775222778e-02
3.332261145114898682e-01
6.007413268089294434e-01
-4.076474905014038086e-02
3.710122704505920410e-01
4.642663598060607910e-01
-5.438366159796714783e-02
3.960388898849487305e-01
3.876276016235351562e-01
-5.913763493299484253e-02
4.153028130531311035e-01
3.303501605987548828e-01
-6.116091459989547729e-02
3.745500147342681885e-01
6.273043155670166016e-01
-5.310772359371185303e-02
4.042801558971405029e-01
4.974152445793151855e-01
-6.218578666448593140e-02
4.220661818981170654e-01
4.257494807243347168e-01
-6.460977345705032349e-02
4.346203505992889404e-01
3.710807263851165771e-01
-6.577882915735244751e-02
4.107703566551208496e-01
6.619243025779724121e-01
-6.361485272645950317e-02
4.304932951927185059e-01
5.621093511581420898e-01
-6.976193934679031372e-02
4.376365840435028076e-01
5.036035180091857910e-01
-6.803411245346069336e-02
4.441215693950653076e-01
4.544333815574645996e-01
-6.509315967559814453e-02
