7.007542252540588379e-01
8.264110088348388672e-01
4.838528866457636468e-07
6.358592510223388672e-01
7.939736843109130859e-01
-2.641083672642707825e-02
5.946340560913085938e-01
6.953560709953308105e-01
-3.737818822264671326e-02
6.311979293823242188e-01
6.074947118759155273e-01
-4.731809347867965698e-02
6.870616078376770020e-01
5.885624885559082031e-01
-5.748219415545463562e-02
5.774310231208801270e-01
5.726550221443176270e-01
-1.264730747789144516e-02
5.608537793159484863e-01
4.682157933712005615e-01
-2.585085295140743256e-02
5.551390647888183594e-01
4.051696956157684326e-01
-4.197898879647254944e-02
5.507453083992004395e-01
3.499275147914886475e-01
-5.716813355684280396e-02
6.183177232742309570e-01
5.475894212722778320e-01
-1.540629286319017410e-02
5.969306826591491699e-01
4.345210194587707520e-01
-2.340592816472053528e-02
5.866966247558593750e-01
3.647724390029907227e-01
-3.628751263022422791e-02
5.760309100151062012e-01
3.053542077541351318e-01
-4.862574860453605652e-02
6.618067622184753418e-01
5.477735996246337891e-01
-2.258543856441974640e-02
6.431255340576171875e-01
4.441659450531005859e-01
-3.012372925877571106e-02
6.314785480499267578e-01
3.823848068714141846e-01
-4.137454181909561157e-02
6.185155510902404785e-01
3.286537230014801025e-01
-5.245414003729820251e-02
7.072384357452392578e-01
5.667141079902648926e-01
-3.384329006075859070e-02
6.947937607765197754e-01
4.878677129745483398e-01
-4.206584766507148743e-02
6.849610805511474609e-01
4.386956095695495605e-01
-4.733586311340332031e-02
6.750665307044982910e-01
3.957049250602722168e-01
-5.335328727960586548e-02
