7.212616205215454102e-01
8.440848588943481445e-01
5.059185923528275453e-07
6.544030904769897461e-01
8.095182180404663086e-01
-2.723557874560356140e-02
6.103009581565856934e-01
7.098028063774108887e-01
-3.938053548336029053e-02
6.466382741928100586e-01
6.170363426208496094e-01
-5.101002007722854614e-02
7.044412493705749512e-01
5.981746912002563477e-01
-6.321007013320922852e-02
5.877578258514404297e-01
5.814464092254638672e-01
-1.258509512990713120e-02
5.655840039253234863e-01
4.735776185989379883e-01
-2.807481959462165833e-02
5.560605525970458984e-01
4.060304760932922363e-01
-4.686885699629783630e-02
5.489261746406555176e-01
3.451723754405975342e-01
-6.424044817686080933e-02
6.285532712936401367e-01
5.539165139198303223e-01
-1.676539890468120575e-02
5.996334552764892578e-01
4.363144636154174805e-01
-2.688858844339847565e-02
5.851975679397583008e-01
3.607293367385864258e-01
-4.243312776088714600e-02
5.713131427764892578e-01
2.941951453685760498e-01
-5.688913911581039429e-02
6.736158728599548340e-01
5.530948042869567871e-01
-2.563751116394996643e-02
6.491720676422119141e-01
4.441167712211608887e-01
-3.513800352811813354e-02
6.341927647590637207e-01
3.783111572265625000e-01
-4.864399135112762451e-02
6.177359223365783691e-01
3.202592134475708008e-01
-6.127169355750083923e-02
7.217077016830444336e-01
5.717924237251281738e-01
-3.883655369281768799e-02
7.041457891464233398e-01
4.880502820014953613e-01
-4.869946837425231934e-02
6.900953054428100586e-01
4.355981349945068359e-01
-5.535244196653366089e-02
6.757781505584716797e-01
3.897942006587982178e-01
-6.248771026730537415e-02
