7.159759402275085449e-01
8.250534534454345703e-01
5.749620868300553411e-07
6.892589926719665527e-01
7.313216924667358398e-01
-2.953461743891239166e-02
7.194048166275024414e-01
6.279692649841308594e-01
-4.269265383481979370e-02
7.948427200317382812e-01
6.025098562240600586e-01
-5.465457960963249207e-02
8.435168862342834473e-01
6.361756324768066406e-01
-6.661008298397064209e-02
7.823330760002136230e-01
5.203514695167541504e-01
-9.833071380853652954e-03
8.370561003684997559e-01
4.383831024169921875e-01
-2.571472898125648499e-02
8.756241202354431152e-01
3.947083950042724609e-01
-4.575059935450553894e-02
9.122450351715087891e-01
3.581122756004333496e-01
-6.357458978891372681e-02
8.272914886474609375e-01
5.456930994987487793e-01
-1.274023111909627914e-02
8.866567611694335938e-01
4.499872326850891113e-01
-2.192916721105575562e-02
9.267431497573852539e-01
3.950861692428588867e-01
-3.839566558599472046e-02
9.612033367156982422e-01
3.442027270793914795e-01
-5.367841199040412903e-02
8.573861122131347656e-01
5.906040072441101074e-01
-2.083053253591060638e-02
9.117141962051391602e-01
5.041571855545043945e-01
-2.949400991201400757e-02
9.447684884071350098e-01
4.516543745994567871e-01
-4.289867728948593140e-02
9.719040393829345703e-01
4.011080861091613770e-01
-5.580670759081840515e-02
8.783693909645080566e-01
6.523661613464355469e-01
-3.350095823407173157e-02
9.194425344467163086e-01
5.846408009529113770e-01
-4.157351329922676086e-02
9.429658651351928711e-01
5.420960783958435059e-01
-4.654712229967117310e-02
9.621233940124511719e-01
5.013476014137268066e-01
-5.274417251348495483e-02
