6.733451485633850098e-01
8.310451507568359375e-01
2.323802164028165862e-07
7.214006781578063965e-01
7.357722520828247070e-01
2.441477216780185699e-02
7.276207208633422852e-01
6.521576642990112305e-01
2.746988274157047272e-02
7.074754834175109863e-01
5.969246625900268555e-01
2.545862272381782532e-02
6.799927353858947754e-01
5.681332945823669434e-01
1.922336593270301819e-02
7.328853607177734375e-01
6.121070384979248047e-01
-8.208989165723323822e-03
7.174505591392517090e-01
4.945488274097442627e-01
-1.989518478512763977e-02
7.101352214813232422e-01
4.322867393493652344e-01
-2.455515414476394653e-02
7.046293616294860840e-01
3.836801052093505859e-01
-2.625836059451103210e-02
6.947454810142517090e-01
6.106684803962707520e-01
-2.823583036661148071e-02
6.838907599449157715e-01
4.749455451965332031e-01
-3.736892715096473694e-02
6.779368519783020020e-01
3.985468745231628418e-01
-4.112012311816215515e-02
6.760800480842590332e-01
3.401654362678527832e-01
-4.328290000557899475e-02
6.543288826942443848e-01
6.218171715736389160e-01
-4.478507861495018005e-02
6.496059894561767578e-01
4.938259720802307129e-01
-5.032007768750190735e-02
6.475335955619812012e-01
4.239847958087921143e-01
-5.443057790398597717e-02
6.491749882698059082e-01
3.720970451831817627e-01
-5.767844244837760925e-02
6.152158379554748535e-01
6.444045305252075195e-01
-5.832686275243759155e-02
6.137301921844482422e-01
5.449886322021484375e-01
-6.337469816207885742e-02
6.157535910606384277e-01
4.910652041435241699e-01
-6.253649294376373291e-02
6.203538179397583008e-01
4.459256529808044434e-01
-6.111883744597434998e-02
