3.275347948074340820e-01
8.872618675231933594e-01
5.365770903154043481e-07
2.661306262016296387e-01
7.603949308395385742e-01
1.232722029089927673e-02
2.675183415412902832e-01
6.366235613822937012e-01
5.201488267630338669e-03
3.085525631904602051e-01
5.497193932533264160e-01
-3.268025815486907959e-03
3.517976105213165283e-01
5.059573650360107422e-01
-1.426222734153270721e-02
2.767544388771057129e-01
5.886897444725036621e-01
-5.315364897251129150e-02
3.063977658748626709e-01
4.060196280479431152e-01
-7.823110371828079224e-02
3.289513289928436279e-01
3.087710440158843994e-01
-8.369718492031097412e-02
3.466588258743286133e-01
2.369082272052764893e-01
-8.341127634048461914e-02
3.394915759563446045e-01
6.077108383178710938e-01
-7.057289779186248779e-02
3.626236617565155029e-01
4.051560461521148682e-01
-9.536392241716384888e-02
3.812225461006164551e-01
2.917491495609283447e-01
-9.993293881416320801e-02
3.951144516468048096e-01
2.105595469474792480e-01
-9.973399341106414795e-02
4.005703926086425781e-01
6.374323964118957520e-01
-8.293994516134262085e-02
4.160364270210266113e-01
4.462377429008483887e-01
-1.011896729469299316e-01
4.251354932785034180e-01
3.389938771724700928e-01
-1.043242514133453369e-01
4.302769601345062256e-01
2.609697580337524414e-01
-1.038198322057723999e-01
4.538818299770355225e-01
6.758419871330261230e-01
-9.267123788595199585e-02
4.652139246463775635e-01
5.306605100631713867e-01
-1.036362797021865845e-01
4.668990075588226318e-01
4.459879994392395020e-01
-1.014965400099754333e-01
4.690494835376739502e-01
3.763201832771301270e-01
-9.685775637626647949e-02
