3.207006752490997314e-01
7.013506293296813965e-01
5.855057452208711766e-07
3.131676316261291504e-01
5.697886943817138672e-01
9.954627603292465210e-03
3.579201698303222656e-01
4.765688478946685791e-01
4.266100004315376282e-03
4.206475019454956055e-01
4.430335462093353271e-01
-3.479038132354617119e-03
4.674074947834014893e-01
4.440441429615020752e-01
-1.366658322513103485e-02
3.806941211223602295e-01
4.353317916393280029e-01
-3.424653038382530212e-02
4.677739441394805908e-01
3.359767794609069824e-01
-5.328395962715148926e-02
5.203557610511779785e-01
2.835528552532196045e-01
-6.075126305222511292e-02
5.612451434135437012e-01
2.443713843822479248e-01
-6.358689069747924805e-02
4.231086969375610352e-01
4.825025796890258789e-01
-4.986409842967987061e-02
5.120850801467895508e-01
3.672136664390563965e-01
-6.454779952764511108e-02
5.671693086624145508e-01
3.025503456592559814e-01
-7.085714489221572876e-02
6.089589595794677734e-01
2.536387145519256592e-01
-7.477989792823791504e-02
4.597576558589935303e-01
5.365790724754333496e-01
-6.199709698557853699e-02
5.365329384803771973e-01
4.268420934677124023e-01
-7.143740355968475342e-02
5.832011699676513672e-01
3.623450994491577148e-01
-7.620760053396224976e-02
6.173471212387084961e-01
3.127114474773406982e-01
-7.982569187879562378e-02
4.862997233867645264e-01
5.912085175514221191e-01
-7.265561819076538086e-02
5.418024659156799316e-01
5.023435354232788086e-01
-7.870382070541381836e-02
5.735055804252624512e-01
4.467738866806030273e-01
-7.743663340806961060e-02
6.015709638595581055e-01
4.005706906318664551e-01
-7.543571293354034424e-02
