2.497299611568450928e-01
7.326376438140869141e-01
5.649365562021557707e-07
3.331767618656158447e-01
7.280624508857727051e-01
-3.506322205066680908e-02
4.111941158771514893e-01
6.656171083450317383e-01
-4.310341924428939819e-02
4.104539453983306885e-01
5.542567968368530273e-01
-4.846455901861190796e-02
3.703632652759552002e-01
4.888704717159271240e-01
-5.252493545413017273e-02
4.674706459045410156e-01
5.567792057991027832e-01
-2.382888458669185638e-03
5.389224290847778320e-01
4.793729782104492188e-01
-1.523722987622022629e-02
5.766636133193969727e-01
4.286194741725921631e-01
-3.112962655723094940e-02
6.064756512641906738e-01
3.784098029136657715e-01
-4.446294158697128296e-02
4.374397993087768555e-01
5.086075663566589355e-01
-2.095437142997980118e-03
5.135471224784851074e-01
4.272543191909790039e-01
-1.118647120893001556e-02
5.573651790618896484e-01
3.727369308471679688e-01
-2.623836323618888855e-02
5.914568305015563965e-01
3.227766454219818115e-01
-3.823415935039520264e-02
3.977333009243011475e-01
4.831209480762481689e-01
-8.295984938740730286e-03
4.629624187946319580e-01
4.018936157226562500e-01
-1.949496753513813019e-02
5.075454711914062500e-01
3.563530445098876953e-01
-3.299219161272048950e-02
5.418519377708435059e-01
3.151533901691436768e-01
-4.281611740589141846e-02
3.462554216384887695e-01
4.687184691429138184e-01
-1.906513795256614685e-02
3.959877192974090576e-01
4.005931913852691650e-01
-2.928993292152881622e-02
4.308124780654907227e-01
3.606854975223541260e-01
-3.361592069268226624e-02
4.617687463760375977e-01
3.246670365333557129e-01
-3.714911267161369324e-02
