3.475605845451354980e-01
8.711628317832946777e-01
4.094073915439366829e-07
3.952446281909942627e-01
8.224765062332153320e-01
-3.241607174277305603e-02
4.138579070568084717e-01
7.297509908676147461e-01
-4.126473143696784973e-02
3.625488877296447754e-01
6.673305034637451172e-01
-4.685823619365692139e-02
3.110682964324951172e-01
6.544991135597229004e-01
-5.165240541100502014e-02
3.978563249111175537e-01
6.194462776184082031e-01
-1.410062238574028015e-02
3.950115144252777100e-01
5.224150419235229492e-01
-2.802552655339241028e-02
3.885195851325988770e-01
4.629691243171691895e-01
-4.276039823889732361e-02
3.798055350780487061e-01
4.099775850772857666e-01
-5.486277490854263306e-02
3.560171127319335938e-01
6.143637895584106445e-01
-1.265770290046930313e-02
3.547941148281097412e-01
5.111013650894165039e-01
-2.261736430227756500e-02
3.512773215770721436e-01
4.434322118759155273e-01
-3.669569268822669983e-02
3.463324308395385742e-01
3.867282271385192871e-01
-4.833056777715682983e-02
3.213309347629547119e-01
6.314238905906677246e-01
-1.605265773832798004e-02
3.168143033981323242e-01
5.388332605361938477e-01
-2.711097337305545807e-02
3.186160922050476074e-01
4.792954027652740479e-01
-3.998461738228797913e-02
3.177548944950103760e-01
4.312553107738494873e-01
-4.977391660213470459e-02
2.867591381072998047e-01
6.640397906303405762e-01
-2.332061529159545898e-02
2.830888330936431885e-01
5.920045375823974609e-01
-3.403590619564056396e-02
2.840618789196014404e-01
5.445429682731628418e-01
-3.995065391063690186e-02
2.848165631294250488e-01
5.015927553176879883e-01
-4.483882710337638855e-02
