3.657060265541076660e-01
8.438029289245605469e-01
2.054107710591779323e-07
3.327639102935791016e-01
7.646294832229614258e-01
1.344202086329460144e-02
3.356583118438720703e-01
6.978760957717895508e-01
1.387308072298765182e-02
3.610911667346954346e-01
6.546359658241271973e-01
1.203584577888250351e-02
3.865649700164794922e-01
6.357906460762023926e-01
8.775969035923480988e-03
3.430015146732330322e-01
6.640402674674987793e-01
-1.457324251532554626e-02
3.573209941387176514e-01
5.631879568099975586e-01
-2.453605830669403076e-02
3.666226267814636230e-01
5.104050040245056152e-01
-2.575044706463813782e-02
3.741145730018615723e-01
4.710921049118041992e-01
-2.447216957807540894e-02
3.779054582118988037e-01
6.707276701927185059e-01
-2.604963071644306183e-02
3.882409334182739258e-01
5.588117837905883789e-01
-3.654342144727706909e-02
3.966625630855560303e-01
4.973076879978179932e-01
-3.740075975656509399e-02
4.031924307346343994e-01
4.536417126655578613e-01
-3.556073084473609924e-02
4.103813171386718750e-01
6.873521804809570312e-01
-3.476924449205398560e-02
4.161948561668395996e-01
5.831153988838195801e-01
-4.310677945613861084e-02
4.200022220611572266e-01
5.260093808174133301e-01
-4.351121932268142700e-02
4.212634265422821045e-01
4.844656288623809814e-01
-4.161672666668891907e-02
4.396352469921112061e-01
7.126674652099609375e-01
-4.158884286880493164e-02
4.450171291828155518e-01
6.314388513565063477e-01
-4.607576131820678711e-02
4.444936513900756836e-01
5.849827527999877930e-01
-4.312784224748611450e-02
4.429678320884704590e-01
5.474687218666076660e-01
-3.876221552491188049e-02
