6.485261321067810059e-01
8.665623664855957031e-01
2.366712692492001224e-07
6.924952268600463867e-01
7.868134975433349609e-01
2.011485584080219269e-02
6.964858174324035645e-01
7.152158021926879883e-01
2.257498167455196381e-02
6.757002472877502441e-01
6.649146676063537598e-01
2.112728543579578400e-02
6.502048373222351074e-01
6.396529078483581543e-01
1.559261977672576904e-02
6.971405744552612305e-01
6.825934648513793945e-01
-1.174217835068702698e-02
6.842456459999084473e-01
5.756100416183471680e-01
-2.268983982503414154e-02
6.789428591728210449e-01
5.193305611610412598e-01
-2.628041058778762817e-02
6.748661398887634277e-01
4.759486317634582520e-01
-2.726391330361366272e-02
6.609212160110473633e-01
6.823960542678833008e-01
-2.873762138187885284e-02
6.549769639968872070e-01
5.604606866836547852e-01
-3.796064853668212891e-02
6.509355306625366211e-01
4.912812709808349609e-01
-4.167040064930915833e-02
6.504465341567993164e-01
4.396449327468872070e-01
-4.366721585392951965e-02
6.242273449897766113e-01
6.928345561027526855e-01
-4.250530526041984558e-02
6.228462457656860352e-01
5.777440071105957031e-01
-4.907665401697158813e-02
6.213446259498596191e-01
5.146676301956176758e-01
-5.454119294881820679e-02
6.233276128768920898e-01
4.686480760574340820e-01
-5.845228210091590881e-02
5.902521610260009766e-01
7.130864858627319336e-01
-5.340324714779853821e-02
5.884016752243041992e-01
6.236655116081237793e-01
-6.004253774881362915e-02
5.903320312500000000e-01
5.766813158988952637e-01
-6.109699234366416931e-02
5.947726964950561523e-01
5.378011465072631836e-01
-6.091861054301261902e-02
