6.110576391220092773e-01
7.987239956855773926e-01
3.824060286206076853e-07
5.603662133216857910e-01
7.760585546493530273e-01
-1.620113849639892578e-02
5.295755267143249512e-01
7.092757821083068848e-01
-2.436871826648712158e-02
5.539119839668273926e-01
6.487752199172973633e-01
-3.301276639103889465e-02
5.911298990249633789e-01
6.298681497573852539e-01
-4.275020211935043335e-02
5.236110091209411621e-01
6.076917052268981934e-01
-7.682734169065952301e-03
5.139318108558654785e-01
5.278320312500000000e-01
-2.130302973091602325e-02
5.115564465522766113e-01
4.785481691360473633e-01
-3.606572747230529785e-02
5.111710429191589355e-01
4.346795678138732910e-01
-4.862373694777488708e-02
5.538870692253112793e-01
5.910639762878417969e-01
-1.315188780426979065e-02
5.413566231727600098e-01
4.999170005321502686e-01
-2.321491949260234833e-02
5.361514687538146973e-01
4.419351518154144287e-01
-3.602603077888488770e-02
5.315801501274108887e-01
3.916572332382202148e-01
-4.702421650290489197e-02
5.846804380416870117e-01
5.931796431541442871e-01
-2.187741547822952271e-02
5.733639597892761230e-01
5.090520977973937988e-01
-3.117208741605281830e-02
5.666697621345520020e-01
4.586287438869476318e-01
-4.141154140233993530e-02
5.592822432518005371e-01
4.138372540473937988e-01
-5.044254660606384277e-02
6.161489486694335938e-01
6.106860041618347168e-01
-3.324753418564796448e-02
6.057280302047729492e-01
5.466699004173278809e-01
-4.196451604366302490e-02
5.985539555549621582e-01
5.062942504882812500e-01
-4.662716016173362732e-02
5.910354852676391602e-01
4.698544144630432129e-01
-5.141686275601387024e-02
