6.392706036567687988e-01
8.270799517631530762e-01
9.194643979526517796e-08
6.529819369316101074e-01
7.529774308204650879e-01
2.927066944539546967e-02
6.518715620040893555e-01
6.917797923088073730e-01
3.688081353902816772e-02
6.429458260536193848e-01
6.491619348526000977e-01
3.721882402896881104e-02
6.357173919677734375e-01
6.172091960906982422e-01
3.463709726929664612e-02
6.627596616744995117e-01
6.530792117118835449e-01
8.848629891872406006e-03
6.524604558944702148e-01
5.582234859466552734e-01
-3.132361685857176781e-03
6.494402289390563965e-01
5.006179809570312500e-01
-9.130463004112243652e-03
6.489949226379394531e-01
4.521744251251220703e-01
-1.334257982671260834e-02
6.585169434547424316e-01
6.564121842384338379e-01
-1.557221543043851852e-02
6.515918374061584473e-01
5.403903126716613770e-01
-2.922683209180831909e-02
6.506925821304321289e-01
4.734323024749755859e-01
-3.643732145428657532e-02
6.527470350265502930e-01
4.182440638542175293e-01
-4.210215806961059570e-02
6.413661241531372070e-01
6.648945808410644531e-01
-3.817194327712059021e-02
6.376012563705444336e-01
5.529316663742065430e-01
-4.861777275800704956e-02
6.380389928817749023e-01
4.897297322750091553e-01
-5.465064197778701782e-02
6.436480879783630371e-01
4.380890130996704102e-01
-6.003802269697189331e-02
6.147190928459167480e-01
6.746644377708435059e-01
-5.809296295046806335e-02
6.114813685417175293e-01
5.949768424034118652e-01
-7.032426446676254272e-02
6.134381890296936035e-01
5.454631447792053223e-01
-7.701332122087478638e-02
6.182538866996765137e-01
5.023072361946105957e-01
-8.239117264747619629e-02
