6.380512118339538574e-01
8.190183639526367188e-01
2.704223618366086157e-07
6.886184811592102051e-01
7.499176263809204102e-01
1.431441493332386017e-02
6.997482180595397949e-01
6.752209663391113281e-01
1.484289299696683884e-02
6.849907040596008301e-01
6.209064722061157227e-01
1.206626463681459427e-02
6.643648743629455566e-01
5.906047224998474121e-01
5.970466416329145432e-03
7.026156187057495117e-01
6.447659134864807129e-01
-1.312361843883991241e-02
7.003911733627319336e-01
5.399771928787231445e-01
-2.430656924843788147e-02
7.003288865089416504e-01
4.849446415901184082e-01
-2.880012057721614838e-02
6.993352174758911133e-01
4.417144060134887695e-01
-3.064196743071079254e-02
6.668387651443481445e-01
6.395627260208129883e-01
-2.769699320197105408e-02
6.714986562728881836e-01
5.219877362251281738e-01
-3.708841279149055481e-02
6.736341714859008789e-01
4.546213150024414062e-01
-4.178836941719055176e-02
6.765455603599548340e-01
4.032592177391052246e-01
-4.485443979501724243e-02
6.295521259307861328e-01
6.434780359268188477e-01
-3.978379443287849426e-02
6.385437250137329102e-01
5.334172844886779785e-01
-4.617651924490928650e-02
6.437087059020996094e-01
4.717305004596710205e-01
-5.195300653576850891e-02
6.491395235061645508e-01
4.267193377017974854e-01
-5.643073096871376038e-02
5.939845442771911621e-01
6.552454233169555664e-01
-4.977684095501899719e-02
6.018623709678649902e-01
5.694527626037597656e-01
-5.503653362393379211e-02
6.089389920234680176e-01
5.229083299636840820e-01
-5.600031837821006775e-02
6.166539788246154785e-01
4.844270050525665283e-01
-5.636944994330406189e-02
