6.753852963447570801e-01
7.751654982566833496e-01
4.467894996196264401e-07
6.221166849136352539e-01
7.475218772888183594e-01
-2.072125487029552460e-02
5.914822816848754883e-01
6.702216267585754395e-01
-3.088047541677951813e-02
6.207366585731506348e-01
6.006329059600830078e-01
-4.046617448329925537e-02
6.644266247749328613e-01
5.890345573425292969e-01
-5.084312707185745239e-02
5.833501815795898438e-01
5.700458288192749023e-01
-1.289427839219570160e-02
5.751969814300537109e-01
4.851296246051788330e-01
-2.682637423276901245e-02
5.734312534332275391e-01
4.317670166492462158e-01
-4.217404499650001526e-02
5.733565092086791992e-01
3.842441439628601074e-01
-5.578503012657165527e-02
6.153394579887390137e-01
5.518280863761901855e-01
-1.667662523686885834e-02
6.038956642150878906e-01
4.563520550727844238e-01
-2.649722434580326080e-02
5.989708304405212402e-01
3.959445059299468994e-01
-3.886400908231735229e-02
5.938877463340759277e-01
3.438204526901245117e-01
-4.981070384383201599e-02
6.487511396408081055e-01
5.547925829887390137e-01
-2.385854534804821014e-02
6.386151909828186035e-01
4.662711024284362793e-01
-3.285744041204452515e-02
6.318277120590209961e-01
4.127506613731384277e-01
-4.353494942188262939e-02
6.240947246551513672e-01
3.655058443546295166e-01
-5.314939096570014954e-02
6.833700537681579590e-01
5.739490985870361328e-01
-3.419713675975799561e-02
6.758913397789001465e-01
5.064035058021545410e-01
-4.320115968585014343e-02
6.694243550300598145e-01
4.634335041046142578e-01
-4.869483783841133118e-02
6.624513268470764160e-01
4.257487654685974121e-01
-5.424717813730239868e-02
