6.872800588607788086e-01
8.833520412445068359e-01
6.110841468398575671e-07
6.127732992172241211e-01
8.381987810134887695e-01
-2.955215051770210266e-02
5.747074484825134277e-01
6.994449496269226074e-01
-3.699582442641258240e-02
6.275542378425598145e-01
6.011162996292114258e-01
-4.359389096498489380e-02
6.960614323616027832e-01
6.004463434219360352e-01
-5.019807815551757812e-02
5.683894753456115723e-01
5.655122995376586914e-01
-3.276746952906250954e-03
5.656799077987670898e-01
4.453333020210266113e-01
-1.410756446421146393e-02
5.686612725257873535e-01
3.733000755310058594e-01
-3.094930574297904968e-02
5.728167295455932617e-01
3.097968995571136475e-01
-4.765228554606437683e-02
6.164355874061584473e-01
5.437424182891845703e-01
-5.770318675786256790e-03
6.063301563262939453e-01
4.115546941757202148e-01
-1.109200716018676758e-02
6.038635969161987305e-01
3.296950161457061768e-01
-2.428662590682506561e-02
5.994903445243835449e-01
2.577159404754638672e-01
-3.692977502942085266e-02
6.653887629508972168e-01
5.533011555671691895e-01
-1.422787550836801529e-02
6.567351818084716797e-01
4.296628832817077637e-01
-1.946045644581317902e-02
6.508683562278747559e-01
3.565085530281066895e-01
-3.176764026284217834e-02
6.419470310211181641e-01
2.909293174743652344e-01
-4.401717334985733032e-02
7.148086428642272949e-01
5.823783874511718750e-01
-2.776941284537315369e-02
7.073146700859069824e-01
4.868390262126922607e-01
-3.442301228642463684e-02
7.005932927131652832e-01
4.277380704879760742e-01
-3.976025432348251343e-02
6.927038431167602539e-01
3.737913668155670166e-01
-4.632121697068214417e-02
