6.934270262718200684e-01
9.048430919647216797e-01
4.782138489645149093e-07
7.775278687477111816e-01
7.801299095153808594e-01
3.077664040029048920e-02
7.995431423187255859e-01
6.561580896377563477e-01
3.012323006987571716e-02
7.765917778015136719e-01
5.585880279541015625e-01
2.348956279456615448e-02
7.408902049064636230e-01
4.999259710311889648e-01
9.587489999830722809e-03
8.112439513206481934e-01
6.025183796882629395e-01
-3.359895199537277222e-02
8.037080764770507812e-01
4.092460274696350098e-01
-5.776886641979217529e-02
8.016417622566223145e-01
3.051092922687530518e-01
-6.691539287567138672e-02
7.989237904548645020e-01
2.213937640190124512e-01
-7.040069252252578735e-02
7.452529668807983398e-01
6.008005142211914062e-01
-6.388325244188308716e-02
7.481904029846191406e-01
3.798371553421020508e-01
-8.626783639192581177e-02
7.491779923439025879e-01
2.529785037040710449e-01
-9.642565250396728516e-02
7.534104585647583008e-01
1.564410328865051270e-01
-1.023373305797576904e-01
6.762279272079467773e-01
6.137446761131286621e-01
-8.825699985027313232e-02
6.883434653282165527e-01
4.079011678695678711e-01
-1.056880801916122437e-01
6.960209012031555176e-01
2.938853800296783447e-01
-1.179148331284523010e-01
7.066803574562072754e-01
2.105490267276763916e-01
-1.260857284069061279e-01
6.114945411682128906e-01
6.391243338584899902e-01
-1.077400222420692444e-01
6.240108609199523926e-01
4.783082604408264160e-01
-1.248102262616157532e-01
6.365139484405517578e-01
3.944520354270935059e-01
-1.296340078115463257e-01
6.517589092254638672e-01
3.247523307800292969e-01
-1.312384903430938721e-01
