4.660504758358001709e-01
9.322307705879211426e-01
6.495047273347154260e-07
5.386012792587280273e-01
8.065949678421020508e-01
1.533432118594646454e-02
5.459560155868530273e-01
6.750010251998901367e-01
1.070209871977567673e-02
5.126560926437377930e-01
5.787097811698913574e-01
4.359375685453414917e-03
4.763923585414886475e-01
5.261347293853759766e-01
-6.986711174249649048e-03
5.330155491828918457e-01
6.314314007759094238e-01
-4.663798585534095764e-02
5.148326158523559570e-01
4.420465826988220215e-01
-6.939893960952758789e-02
5.063139200210571289e-01
3.437732160091400146e-01
-7.713316380977630615e-02
4.983283281326293945e-01
2.665099203586578369e-01
-7.955045998096466064e-02
4.637618064880371094e-01
6.362684369087219238e-01
-6.548468768596649170e-02
4.583564996719360352e-01
4.276562333106994629e-01
-8.436675369739532471e-02
4.544781446456909180e-01
3.095431923866271973e-01
-9.110795706510543823e-02
4.540467262268066406e-01
2.211676836013793945e-01
-9.509642422199249268e-02
4.005584716796875000e-01
6.548316478729248047e-01
-7.933571189641952515e-02
4.009177684783935547e-01
4.601529538631439209e-01
-8.946942538022994995e-02
4.048917293548583984e-01
3.505634367465972900e-01
-9.677812457084655762e-02
4.125900268554687500e-01
2.696136534214019775e-01
-1.036077737808227539e-01
3.495202064514160156e-01
6.849280595779418945e-01
-9.021217375993728638e-02
3.518172502517700195e-01
5.352711677551269531e-01
-9.804011136293411255e-02
3.611072897911071777e-01
4.502973258495330811e-01
-9.881279617547988892e-02
3.725855648517608643e-01
3.778603672981262207e-01
-9.922081977128982544e-02
