5.964853763580322266e-01
1.039212703704833984e+00
7.304745395231293514e-07
5.186763405799865723e-01
9.614286422729492188e-01
-3.817325830459594727e-02
4.774287045001983643e-01
8.154754042625427246e-01
-6.182565540075302124e-02
5.450846552848815918e-01
7.207908630371093750e-01
-8.512054383754730225e-02
6.308044791221618652e-01
7.229906916618347168e-01
-1.098061725497245789e-01
4.991087615489959717e-01
6.177427172660827637e-01
-3.508125245571136475e-02
4.976646304130554199e-01
4.515702128410339355e-01
-6.640841066837310791e-02
5.015274286270141602e-01
3.486613035202026367e-01
-9.693297743797302246e-02
5.091017484664916992e-01
2.558902204036712646e-01
-1.236724182963371277e-01
5.607657432556152344e-01
6.040793061256408691e-01
-4.610728099942207336e-02
5.535694360733032227e-01
4.165703952312469482e-01
-7.129620015621185303e-02
5.535614490509033203e-01
2.952751219272613525e-01
-9.995562583208084106e-02
5.527650713920593262e-01
1.862487792968750000e-01
-1.246741935610771179e-01
6.207180619239807129e-01
6.300636529922485352e-01
-6.265952438116073608e-02
6.193613409996032715e-01
4.611057639122009277e-01
-8.470600843429565430e-02
6.206131577491760254e-01
3.549047112464904785e-01
-1.092922240495681763e-01
6.178064942359924316e-01
2.583107650279998779e-01
-1.304199993610382080e-01
6.804064512252807617e-01
6.866205334663391113e-01
-8.476934581995010376e-02
6.801059842109680176e-01
5.591136813163757324e-01
-1.058471798896789551e-01
6.744739413261413574e-01
4.737890064716339111e-01
-1.199040710926055908e-01
6.674041748046875000e-01
3.980362415313720703e-01
-1.331556141376495361e-01
