4.096564948558807373e-01
1.052095174789428711e+00
6.000414032314438373e-07
3.396158218383789062e-01
9.421609640121459961e-01
4.611457698047161102e-03
3.347485363483428955e-01
8.192341923713684082e-01
-6.497185677289962769e-03
3.713652193546295166e-01
7.266854643821716309e-01
-1.684964448213577271e-02
4.087197184562683105e-01
6.776155233383178711e-01
-2.885699644684791565e-02
3.388303518295288086e-01
7.868593335151672363e-01
-6.188987568020820618e-02
3.631181120872497559e-01
6.044800877571105957e-01
-8.591717481613159180e-02
3.810660839080810547e-01
5.101368427276611328e-01
-9.054291248321533203e-02
3.949211239814758301e-01
4.420931935310363770e-01
-8.988267183303833008e-02
4.050603508949279785e-01
8.034936189651489258e-01
-7.555638253688812256e-02
4.179489612579345703e-01
6.025215387344360352e-01
-1.001629531383514404e-01
4.284512102603912354e-01
4.938434660434722900e-01
-1.050189882516860962e-01
4.353927969932556152e-01
4.174102842807769775e-01
-1.051440313458442688e-01
4.682538509368896484e-01
8.246715068817138672e-01
-8.419165760278701782e-02
4.723927974700927734e-01
6.334837675094604492e-01
-1.021255627274513245e-01
4.744399189949035645e-01
5.281367897987365723e-01
-1.054284349083900452e-01
4.734270870685577393e-01
4.520300030708312988e-01
-1.052906587719917297e-01
5.230326652526855469e-01
8.502218127250671387e-01
-9.054567664861679077e-02
5.251582860946655273e-01
7.048190832138061523e-01
-1.018184721469879150e-01
5.208849310874938965e-01
6.218951940536499023e-01
-9.956789016723632812e-02
5.174772739410400391e-01
5.550284981727600098e-01
-9.494303166866302490e-02
