4.398222267627716064e-01
1.016177415847778320e+00
4.087866045665577985e-07
5.016776323318481445e-01
9.181973934173583984e-01
2.488181926310062408e-02
5.123608112335205078e-01
8.182458877563476562e-01
2.510116249322891235e-02
5.129358172416687012e-01
7.624200582504272461e-01
1.576319895684719086e-02
5.084812045097351074e-01
7.417226433753967285e-01
2.478347858414053917e-03
4.227999150753021240e-01
7.267210483551025391e-01
-2.745998324826359749e-03
4.498427808284759521e-01
6.002068519592285156e-01
-2.747173234820365906e-02
4.627458453178405762e-01
5.167007446289062500e-01
-4.754011705517768860e-02
4.690934121608734131e-01
4.481385946273803711e-01
-6.480731070041656494e-02
4.096311032772064209e-01
7.450469732284545898e-01
-3.907546028494834900e-02
4.432848393917083740e-01
5.844499468803405762e-01
-6.671740859746932983e-02
4.615534842014312744e-01
4.875729978084564209e-01
-9.068138152360916138e-02
4.682044982910156250e-01
4.029132425785064697e-01
-1.093707010149955750e-01
4.119590818881988525e-01
7.741792201995849609e-01
-7.397713512182235718e-02
4.384065568447113037e-01
6.164932250976562500e-01
-9.946954995393753052e-02
4.552390575408935547e-01
5.281579494476318359e-01
-1.191610023379325867e-01
4.606031775474548340e-01
4.496431350708007812e-01
-1.353496313095092773e-01
4.306089282035827637e-01
8.064278364181518555e-01
-1.068166494369506836e-01
4.429370164871215820e-01
7.030605077743530273e-01
-1.311184912919998169e-01
4.472365975379943848e-01
6.338648796081542969e-01
-1.453171968460083008e-01
4.482554197311401367e-01
5.694357156753540039e-01
-1.576462984085083008e-01
