4.106981754302978516e-01
1.179763436317443848e+00
7.114501840987941250e-07
4.891562461853027344e-01
1.111427783966064453e+00
-4.348039627075195312e-02
5.258930921554565430e-01
9.978611469268798828e-01
-6.212088093161582947e-02
4.541069269180297852e-01
9.289806485176086426e-01
-7.717283070087432861e-02
3.741624653339385986e-01
9.239575862884521484e-01
-9.293412417173385620e-02
4.972897768020629883e-01
8.305411934852600098e-01
-3.372963145375251770e-02
4.988762736320495605e-01
6.848079562187194824e-01
-6.037706509232521057e-02
4.893506765365600586e-01
5.939086675643920898e-01
-8.318353444337844849e-02
4.751734733581542969e-01
5.134955644607543945e-01
-1.002687513828277588e-01
4.384663403034210205e-01
8.270429968833923340e-01
-3.624522686004638672e-02
4.449855983257293701e-01
6.730259656906127930e-01
-5.723455548286437988e-02
4.397749602794647217e-01
5.676680803298950195e-01
-7.918513566255569458e-02
4.300773441791534424e-01
4.783755540847778320e-01
-9.582194685935974121e-02
3.881677985191345215e-01
8.553057312965393066e-01
-4.425779730081558228e-02
3.875752687454223633e-01
7.147459983825683594e-01
-6.418310850858688354e-02
3.903163969516754150e-01
6.256946921348571777e-01
-8.117195963859558105e-02
3.888792395591735840e-01
5.491442680358886719e-01
-9.293622523546218872e-02
3.376402258872985840e-01
9.077521562576293945e-01
-5.694812908768653870e-02
3.351245522499084473e-01
8.011325597763061523e-01
-7.273953408002853394e-02
3.390486836433410645e-01
7.309606075286865234e-01
-7.785260677337646484e-02
3.413740992546081543e-01
6.642026901245117188e-01
-8.170711994171142578e-02
