4.981245100498199463e-01
9.347671270370483398e-01
6.424741059163352475e-07
4.173503518104553223e-01
8.957750797271728516e-01
-3.281680494546890259e-02
3.665676116943359375e-01
7.769963145256042480e-01
-4.920282214879989624e-02
4.088190197944641113e-01
6.778898835182189941e-01
-6.463429331779479980e-02
4.722223281860351562e-01
6.567905545234680176e-01
-8.122286200523376465e-02
3.684790730476379395e-01
6.047944426536560059e-01
-2.183194085955619812e-02
3.625475764274597168e-01
4.793740510940551758e-01
-4.508361592888832092e-02
3.660307526588439941e-01
4.004774987697601318e-01
-6.947530806064605713e-02
3.732852041721343994e-01
3.296866416931152344e-01
-9.066197276115417480e-02
4.188463985919952393e-01
5.844072103500366211e-01
-2.843443304300308228e-02
4.100561439990997314e-01
4.415495395660400391e-01
-4.606525599956512451e-02
4.108348786830902100e-01
3.508790731430053711e-01
-6.634582579135894775e-02
4.119894206523895264e-01
2.706170082092285156e-01
-8.383616805076599121e-02
4.678028225898742676e-01
5.968397855758666992e-01
-4.063876345753669739e-02
4.598772823810577393e-01
4.640014171600341797e-01
-5.719807371497154236e-02
4.550601243972778320e-01
3.813606798648834229e-01
-7.508056610822677612e-02
4.493949115276336670e-01
3.070488572120666504e-01
-9.052512794733047485e-02
5.174437165260314941e-01
6.344480514526367188e-01
-5.774441733956336975e-02
5.083743333816528320e-01
5.285528302192687988e-01
-7.366922497749328613e-02
5.013127326965332031e-01
4.601400494575500488e-01
-8.388661593198776245e-02
4.950561523437500000e-01
3.986558318138122559e-01
-9.359198808670043945e-02
