6.057154536247253418e-01
8.490165472030639648e-01
2.526235221012029797e-07
6.762683987617492676e-01
7.522383928298950195e-01
3.608829900622367859e-02
6.895827054977416992e-01
6.530149579048156738e-01
4.518323764204978943e-02
6.739388108253479004e-01
5.679414868354797363e-01
4.890307039022445679e-02
6.456944346427917480e-01
5.224890112876892090e-01
4.690009728074073792e-02
6.955801248550415039e-01
6.023357510566711426e-01
-1.156251225620508194e-02
6.869023442268371582e-01
4.552544355392456055e-01
-2.219983376562595367e-02
6.829190254211425781e-01
3.777046799659729004e-01
-2.351945266127586365e-02
6.790505051612854004e-01
3.173170983791351318e-01
-2.246132865548133850e-02
6.438998579978942871e-01
5.959442853927612305e-01
-3.543199971318244934e-02
6.453201174736022949e-01
4.285807609558105469e-01
-4.780751094222068787e-02
6.453495025634765625e-01
3.347646594047546387e-01
-5.021410435438156128e-02
6.483697891235351562e-01
2.651160657405853271e-01
-5.002393200993537903e-02
5.918819904327392578e-01
6.049103736877441406e-01
-5.363886803388595581e-02
6.009796857833862305e-01
4.469999372959136963e-01
-6.283189356327056885e-02
6.059569716453552246e-01
3.584860861301422119e-01
-6.832790374755859375e-02
6.128319501876831055e-01
2.932921350002288818e-01
-7.151035964488983154e-02
5.451785326004028320e-01
6.288753747940063477e-01
-6.670556962490081787e-02
5.536814332008361816e-01
4.999924898147583008e-01
-7.528875768184661865e-02
5.622990131378173828e-01
4.322769641876220703e-01
-7.575860619544982910e-02
5.731765627861022949e-01
3.747650980949401855e-01
-7.453110069036483765e-02
