6.425371766090393066e-01
8.542379140853881836e-01
1.848648309987765970e-07
5.580809712409973145e-01
7.570310831069946289e-01
3.871130943298339844e-02
5.403618216514587402e-01
6.599021553993225098e-01
4.927743598818778992e-02
5.442696809768676758e-01
5.862598419189453125e-01
4.528367519378662109e-02
5.733537077903747559e-01
5.731662511825561523e-01
3.919346630573272705e-02
5.836025476455688477e-01
5.479097366333007812e-01
5.761585384607315063e-02
5.683619379997253418e-01
4.323958754539489746e-01
5.775131657719612122e-02
5.581254363059997559e-01
3.634560108184814453e-01
5.239814519882202148e-02
5.543057918548583984e-01
3.055363297462463379e-01
4.365688189864158630e-02
6.037707924842834473e-01
5.443330407142639160e-01
1.909019984304904938e-02
5.838469266891479492e-01
4.064231216907501221e-01
8.605086244642734528e-03
5.750306248664855957e-01
3.257890641689300537e-01
-5.673646228387951851e-04
5.701480507850646973e-01
2.529793083667755127e-01
-7.486301474273204803e-03
6.204880475997924805e-01
5.626134276390075684e-01
-2.073721587657928467e-02
6.039467453956604004e-01
4.243183732032775879e-01
-2.934344857931137085e-02
5.914635658264160156e-01
3.430716395378112793e-01
-2.982017956674098969e-02
5.856400728225708008e-01
2.738551795482635498e-01
-3.196803480386734009e-02
6.355175375938415527e-01
5.959448218345642090e-01
-5.990024656057357788e-02
6.184282302856445312e-01
4.772996008396148682e-01
-6.643953174352645874e-02
6.062709689140319824e-01
4.090970754623413086e-01
-6.504120677709579468e-02
6.016195416450500488e-01
3.520721197128295898e-01
-6.626669317483901978e-02
