6.387172341346740723e-01
8.542783260345458984e-01
5.833796876686392352e-07
5.606729388236999512e-01
8.087466955184936523e-01
-3.189352527260780334e-02
5.167169570922851562e-01
6.893314123153686523e-01
-4.695492610335350037e-02
5.617234706878662109e-01
5.905531048774719238e-01
-6.135850027203559875e-02
6.236923336982727051e-01
5.701612830162048340e-01
-7.603624463081359863e-02
5.024717450141906738e-01
5.291571617126464844e-01
-1.268551032990217209e-02
4.901724457740783691e-01
4.046471416950225830e-01
-3.177039697766304016e-02
4.885953962802886963e-01
3.272129297256469727e-01
-5.528243258595466614e-02
4.885515272617340088e-01
2.557367384433746338e-01
-7.669922709465026855e-02
5.527604818344116211e-01
5.013291835784912109e-01
-1.836089603602886200e-02
5.330636501312255859e-01
3.610206842422485352e-01
-3.087322227656841278e-02
5.254654288291931152e-01
2.744244039058685303e-01
-4.999119415879249573e-02
5.159833431243896484e-01
1.940292119979858398e-01
-6.782826781272888184e-02
6.037739515304565430e-01
5.061019659042358398e-01
-2.978451550006866455e-02
5.856591463088989258e-01
3.733343482017517090e-01
-4.109457135200500488e-02
5.754004120826721191e-01
2.951464653015136719e-01
-5.555811151862144470e-02
5.629961490631103516e-01
2.235682308673858643e-01
-6.966674327850341797e-02
6.577770709991455078e-01
5.352306962013244629e-01
-4.643923789262771606e-02
6.423977017402648926e-01
4.324107170104980469e-01
-5.763631686568260193e-02
6.311658620834350586e-01
3.690209090709686279e-01
-6.426367163658142090e-02
6.181597113609313965e-01
3.122434020042419434e-01
-7.194463908672332764e-02
