7.011689543724060059e-01
8.757334947586059570e-01
4.894262701782281511e-07
6.229003071784973145e-01
8.365949392318725586e-01
-2.403652667999267578e-02
5.757518410682678223e-01
7.057133316993713379e-01
-3.023660182952880859e-02
6.124002337455749512e-01
6.036525964736938477e-01
-3.739545866847038269e-02
6.748503446578979492e-01
6.029568910598754883e-01
-4.489925503730773926e-02
5.822468996047973633e-01
5.728501081466674805e-01
4.324241541326045990e-03
5.748024582862854004e-01
4.656936526298522949e-01
-6.856827531009912491e-03
5.728320479393005371e-01
3.997964262962341309e-01
-2.439920790493488312e-02
5.738314390182495117e-01
3.382504284381866455e-01
-4.194793850183486938e-02
6.242583394050598145e-01
5.502675771713256836e-01
-2.062873914837837219e-03
6.110899448394775391e-01
4.277576506137847900e-01
-9.220579639077186584e-03
6.048924326896667480e-01
3.504870533943176270e-01
-2.280038036406040192e-02
5.989668965339660645e-01
2.807354032993316650e-01
-3.546159714460372925e-02
6.677290797233581543e-01
5.582750439643859863e-01
-1.451272144913673401e-02
6.575367450714111328e-01
4.406912922859191895e-01
-2.215118333697319031e-02
6.486792564392089844e-01
3.701147139072418213e-01
-3.456270694732666016e-02
6.385679841041564941e-01
3.066154718399047852e-01
-4.645926132798194885e-02
7.132043838500976562e-01
5.849146842956542969e-01
-3.177274763584136963e-02
7.025828957557678223e-01
4.912368357181549072e-01
-3.969510644674301147e-02
6.934866309165954590e-01
4.330019354820251465e-01
-4.548558220267295837e-02
6.841531991958618164e-01
3.797217905521392822e-01
-5.255921185016632080e-02
