2.555988729000091553e-01
6.715013980865478516e-01
-4.973121008333691861e-07
3.221856057643890381e-01
6.174002289772033691e-01
-1.742668636143207550e-02
3.542687296867370605e-01
5.160086750984191895e-01
-1.939806714653968811e-02
3.569826483726501465e-01
4.239082932472229004e-01
-2.240115404129028320e-02
3.688353598117828369e-01
3.620483875274658203e-01
-1.909056864678859711e-02
3.165156245231628418e-01
4.433848559856414795e-01
2.015501027926802635e-03
3.186133503913879395e-01
3.677645027637481689e-01
-2.551442012190818787e-02
3.199382126331329346e-01
4.482042789459228516e-01
-3.328493237495422363e-02
3.146237432956695557e-01
4.848995506763458252e-01
-3.256699442863464355e-02
2.754449546337127686e-01
4.475378096103668213e-01
4.498702473938465118e-04
2.781342864036560059e-01
3.774821758270263672e-01
-2.955491468310356140e-02
2.862355113029479980e-01
4.684958457946777344e-01
-2.993963472545146942e-02
2.804396152496337891e-01
4.972953200340270996e-01
-2.147201448678970337e-02
2.349381595849990845e-01
4.608384966850280762e-01
-6.613492965698242188e-03
2.363200634717941284e-01
3.904586136341094971e-01
-4.027904570102691650e-02
2.509675025939941406e-01
4.799042642116546631e-01
-2.368178963661193848e-02
2.490363270044326782e-01
5.141428709030151367e-01
-2.129467902705073357e-03
1.910580247640609741e-01
4.808013439178466797e-01
-1.484751421958208084e-02
1.987052410840988159e-01
4.194846451282501221e-01
-3.407539799809455872e-02
2.147140651941299438e-01
4.779939651489257812e-01
-1.851261407136917114e-02
2.150442004203796387e-01
5.105784535408020020e-01
-1.901778159663081169e-04
