6.294966936111450195e-01
7.115427851676940918e-01
-9.361824595544021577e-07
5.578166842460632324e-01
6.489673256874084473e-01
-2.303985320031642914e-02
5.238746404647827148e-01
5.043255090713500977e-01
-2.616945840418338776e-02
5.133770108222961426e-01
3.822625875473022461e-01
-3.249904885888099670e-02
4.916927218437194824e-01
3.042176961898803711e-01
-3.014011867344379425e-02
5.655375719070434570e-01
4.124173521995544434e-01
1.385242119431495667e-02
5.566989183425903320e-01
3.171979784965515137e-01
-2.440503053367137909e-02
5.550690889358520508e-01
4.202201068401336670e-01
-3.503683209419250488e-02
5.657450556755065918e-01
4.562118947505950928e-01
-3.500514850020408630e-02
6.149888634681701660e-01
4.215040802955627441e-01
9.390125051140785217e-03
6.019366383552551270e-01
3.365465402603149414e-01
-2.941308543086051941e-02
5.879022479057312012e-01
4.559340775012969971e-01
-2.508487552404403687e-02
6.016286611557006836e-01
4.712259173393249512e-01
-9.849567897617816925e-03
6.643765568733215332e-01
4.460085630416870117e-01
-4.850733093917369843e-03
6.527288556098937988e-01
3.661540746688842773e-01
-4.718489572405815125e-02
6.324989795684814453e-01
4.789056181907653809e-01
-2.115970477461814880e-02
6.438661813735961914e-01
5.039812326431274414e-01
9.076286107301712036e-03
7.120378613471984863e-01
4.755052030086517334e-01
-2.213477529585361481e-02
6.980562806129455566e-01
4.087424874305725098e-01
-4.139646887779235840e-02
6.765221357345581055e-01
4.783046543598175049e-01
-1.988979056477546692e-02
6.846533417701721191e-01
5.056780576705932617e-01
2.814181847497820854e-03
