6.688140630722045898e-01
5.961169600486755371e-01
-3.264520955781335942e-07
6.050556302070617676e-01
5.338355302810668945e-01
-7.932952791452407837e-02
5.602106451988220215e-01
4.098040759563446045e-01
-9.604750573635101318e-02
5.438716411590576172e-01
2.834673225879669189e-01
-1.037515327334403992e-01
5.206745266914367676e-01
1.834420263767242432e-01
-9.764975309371948242e-02
5.070189237594604492e-01
3.133690655231475830e-01
7.576965726912021637e-03
5.303583741188049316e-01
2.054114192724227905e-01
-4.253186285495758057e-02
5.646191239356994629e-01
2.819047272205352783e-01
-6.624847650527954102e-02
5.656197071075439453e-01
3.195824325084686279e-01
-6.970040500164031982e-02
5.650571584701538086e-01
3.027697503566741943e-01
3.598593547940254211e-02
6.009088158607482910e-01
2.025307267904281616e-01
-1.833742111921310425e-02
6.228138804435729980e-01
3.095583915710449219e-01
-3.029108420014381409e-02
6.040623188018798828e-01
3.334739506244659424e-01
-1.968140527606010437e-02
6.199512481689453125e-01
3.020991086959838867e-01
4.706280305981636047e-02
6.531568169593811035e-01
2.304743528366088867e-01
-1.573265157639980316e-02
6.620551943778991699e-01
3.326702415943145752e-01
-1.415488962084054947e-02
6.371541023254394531e-01
3.538754582405090332e-01
7.290000095963478088e-03
6.640164852142333984e-01
3.071488738059997559e-01
5.191047862172126770e-02
6.907119750976562500e-01
2.518584728240966797e-01
1.742184907197952271e-02
6.926944255828857422e-01
3.246240615844726562e-01
2.291647344827651978e-02
6.716199517250061035e-01
3.523985743522644043e-01
3.944553434848785400e-02
