2.813378870487213135e-01
7.171003818511962891e-01
-6.562534053955459967e-07
3.609912395477294922e-01
6.749951839447021484e-01
-3.468820452690124512e-02
4.136321842670440674e-01
5.339431762695312500e-01
-3.856338560581207275e-02
4.339264631271362305e-01
3.997198641300201416e-01
-4.095113649964332581e-02
4.490926563739776611e-01
3.145524263381958008e-01
-3.452117368578910828e-02
3.848310112953186035e-01
4.354471564292907715e-01
-3.407714830245822668e-04
3.852300941944122314e-01
3.397350311279296875e-01
-3.810123354196548462e-02
3.717582225799560547e-01
4.370470941066741943e-01
-5.016172677278518677e-02
3.700577914714813232e-01
4.785487651824951172e-01
-5.119026824831962585e-02
3.290771543979644775e-01
4.370566010475158691e-01
3.547023748978972435e-03
3.263535797595977783e-01
3.407120108604431152e-01
-4.353424534201622009e-02
3.264841437339782715e-01
4.594600200653076172e-01
-4.499880969524383545e-02
3.282254636287689209e-01
5.020043253898620605e-01
-3.098408132791519165e-02
2.754117250442504883e-01
4.487371444702148438e-01
-1.691199722699820995e-03
2.694063484668731689e-01
3.646821975708007812e-01
-5.403402820229530334e-02
2.806152403354644775e-01
4.823600947856903076e-01
-3.448210284113883972e-02
2.860106229782104492e-01
5.285910964012145996e-01
-4.431287758052349091e-03
2.206054776906967163e-01
4.649253189563751221e-01
-9.617688134312629700e-03
2.201277315616607666e-01
3.940651714801788330e-01
-4.175011813640594482e-02
2.322405725717544556e-01
4.756314158439636230e-01
-2.607857435941696167e-02
2.387562394142150879e-01
5.178694725036621094e-01
-3.706478979438543320e-03
