3.221092820167541504e-01
7.062233090400695801e-01
-4.200642536034138175e-07
3.806169331073760986e-01
6.247410774230957031e-01
3.785658336710184813e-04
3.939355909824371338e-01
5.293481945991516113e-01
2.107473323121666908e-03
4.021898806095123291e-01
4.584962129592895508e-01
-3.408515825867652893e-03
4.160872399806976318e-01
3.982031941413879395e-01
-3.508301684632897377e-03
3.476720154285430908e-01
4.765277802944183350e-01
3.032456710934638977e-02
3.786447346210479736e-01
4.126850664615631104e-01
1.705389819107949734e-03
3.841330111026763916e-01
4.824413657188415527e-01
-8.812610059976577759e-03
3.635318279266357422e-01
5.152170658111572266e-01
-1.000001840293407440e-02
3.179886341094970703e-01
4.797459244728088379e-01
1.750036329030990601e-02
3.534610867500305176e-01
4.169012308120727539e-01
-1.548268366605043411e-02
3.613894879817962646e-01
5.044369697570800781e-01
-2.186512388288974762e-02
3.349965810775756836e-01
5.295389890670776367e-01
-1.721766591072082520e-02
2.837387919425964355e-01
4.886232018470764160e-01
-1.121457433328032494e-03
3.214858770370483398e-01
4.251365065574645996e-01
-3.933723270893096924e-02
3.315205276012420654e-01
5.128723382949829102e-01
-3.019786626100540161e-02
3.032414317131042480e-01
5.399134755134582520e-01
-1.291158143430948257e-02
2.418563663959503174e-01
5.037180185317993164e-01
-1.906687766313552856e-02
2.858701646327972412e-01
4.479188919067382812e-01
-4.019954428076744080e-02
3.001417219638824463e-01
5.063606500625610352e-01
-2.717346139252185822e-02
2.771984040737152100e-01
5.342747569084167480e-01
-1.116451527923345566e-02
