3.060897886753082275e-01
6.478831768035888672e-01
-4.987147690371784847e-07
3.742854297161102295e-01
6.277472972869873047e-01
-2.410013228654861450e-02
4.290767014026641846e-01
5.299391746520996094e-01
-2.680782787501811981e-02
4.522318243980407715e-01
4.314503967761993408e-01
-2.844442240893840790e-02
4.711311161518096924e-01
3.712832033634185791e-01
-2.329386025667190552e-02
3.970127999782562256e-01
4.543481767177581787e-01
-1.499216188676655293e-03
4.186009466648101807e-01
3.863040208816528320e-01
-2.884380519390106201e-02
4.045681953430175781e-01
4.649914205074310303e-01
-3.510000556707382202e-02
3.914594948291778564e-01
4.938677847385406494e-01
-3.388353064656257629e-02
3.559134304523468018e-01
4.478646814823150635e-01
3.016401024069637060e-04
3.759242594242095947e-01
3.791379630565643311e-01
-3.270463272929191589e-02
3.672158420085906982e-01
4.728085398674011230e-01
-3.301504999399185181e-02
3.538548648357391357e-01
4.971957504749298096e-01
-2.325937524437904358e-02
3.140926659107208252e-01
4.482051134109497070e-01
-4.132449161261320114e-03
3.318365812301635742e-01
3.832174837589263916e-01
-4.234934970736503601e-02
3.304009437561035156e-01
4.791096746921539307e-01
-2.588618546724319458e-02
3.191111087799072266e-01
5.089661478996276855e-01
-3.263876074925065041e-03
2.675909698009490967e-01
4.505808055400848389e-01
-9.983421303331851959e-03
2.895725369453430176e-01
4.000451266765594482e-01
-3.253575414419174194e-02
2.933134138584136963e-01
4.657663404941558838e-01
-1.823637448251247406e-02
2.838938534259796143e-01
4.923663735389709473e-01
-7.071626605466008186e-04
