3.207633197307586670e-01
4.623084068298339844e-01
-4.509660129770054482e-07
3.683829009532928467e-01
5.037718415260314941e-01
-2.132545597851276398e-02
4.496619701385498047e-01
4.835341572761535645e-01
-2.347519248723983765e-02
5.038422346115112305e-01
4.368741810321807861e-01
-2.297755889594554901e-02
5.407012104988098145e-01
4.299455881118774414e-01
-1.594252884387969971e-02
4.599182307720184326e-01
4.117637872695922852e-01
-9.662718512117862701e-03
4.956111013889312744e-01
3.791801631450653076e-01
-2.968106046319007874e-02
4.533720016479492188e-01
4.197443723678588867e-01
-3.203737363219261169e-02
4.393742084503173828e-01
4.276486337184906006e-01
-3.072262555360794067e-02
4.330373406410217285e-01
3.752774894237518311e-01
-6.529067642986774445e-03
4.670061767101287842e-01
3.439626097679138184e-01
-3.143756091594696045e-02
4.235807657241821289e-01
4.011343419551849365e-01
-2.825781889259815216e-02
4.126943349838256836e-01
4.057319760322570801e-01
-1.914502121508121490e-02
4.048709869384765625e-01
3.467764854431152344e-01
-7.845787331461906433e-03
4.351706504821777344e-01
3.180574476718902588e-01
-3.608835488557815552e-02
3.981574475765228271e-01
3.785530030727386475e-01
-2.026336081326007843e-02
3.864167332649230957e-01
3.864714503288269043e-01
-2.087605884298682213e-03
3.747571408748626709e-01
3.161315917968750000e-01
-1.046697422862052917e-02
3.996943533420562744e-01
2.989701330661773682e-01
-2.670106105506420135e-02
3.782717883586883545e-01
3.447056710720062256e-01
-1.434290781617164612e-02
3.676388859748840332e-01
3.543338179588317871e-01
-6.360380211845040321e-04
