3.157651424407958984e-01
6.069670915603637695e-01
-3.222526743229536805e-07
3.134236633777618408e-01
5.077911019325256348e-01
6.213910412043333054e-03
3.536222875118255615e-01
4.297850430011749268e-01
2.988534746691584587e-03
4.053357243537902832e-01
3.752593398094177246e-01
-6.627038965234532952e-05
4.277904331684112549e-01
3.324682116508483887e-01
7.006954547250643373e-05
3.747713267803192139e-01
3.984578549861907959e-01
-1.650076545774936676e-02
4.532172679901123047e-01
3.982395827770233154e-01
-2.330294623970985413e-02
4.403434395790100098e-01
4.262253046035766602e-01
-2.181650139391422272e-02
4.153549671173095703e-01
4.339333176612854004e-01
-1.959449797868728638e-02
3.999806642532348633e-01
4.502175450325012207e-01
-2.493973076343536377e-02
4.711014330387115479e-01
4.484516382217407227e-01
-2.089579775929450989e-02
4.559555649757385254e-01
4.708577990531921387e-01
-1.268181018531322479e-02
4.338542819023132324e-01
4.737843275070190430e-01
-1.094853412359952927e-02
4.231864809989929199e-01
5.070088505744934082e-01
-3.157011047005653381e-02
4.811967015266418457e-01
5.041903257369995117e-01
-2.645047567784786224e-02
4.635595977306365967e-01
5.238136053085327148e-01
-1.202452834695577621e-02
4.419858753681182861e-01
5.262850522994995117e-01
-6.842022761702537537e-03
4.416547417640686035e-01
5.609352588653564453e-01
-3.749084845185279846e-02
4.848651289939880371e-01
5.499795079231262207e-01
-2.827892452478408813e-02
4.659239649772644043e-01
5.685662627220153809e-01
-1.182502694427967072e-02
4.475380778312683105e-01
5.731229186058044434e-01
-2.468820894137024879e-03
