5.239585638046264648e-01
7.254133224487304688e-01
-2.150244853282856639e-07
5.276795029640197754e-01
6.017994880676269531e-01
4.857938271015882492e-03
4.854833781719207764e-01
5.087059736251831055e-01
5.866833496838808060e-03
4.211976528167724609e-01
4.493301510810852051e-01
7.661890704184770584e-03
3.811060488224029541e-01
4.024696350097656250e-01
1.112048793584108353e-02
4.174691736698150635e-01
4.868369698524475098e-01
-1.687362603843212128e-02
3.510991632938385010e-01
4.592302441596984863e-01
-1.817439682781696320e-02
3.771552443504333496e-01
4.816316664218902588e-01
-1.523542497307062149e-02
4.066549837589263916e-01
4.999679923057556152e-01
-1.184455398470163345e-02
3.843908309936523438e-01
5.512672066688537598e-01
-1.852471008896827698e-02
3.404687047004699707e-01
5.253041386604309082e-01
-7.488901726901531219e-03
3.643156588077545166e-01
5.430464744567871094e-01
3.556917654350399971e-03
3.869779109954833984e-01
5.574642419815063477e-01
6.540997885167598724e-03
3.624126911163330078e-01
6.181105375289916992e-01
-1.773320324718952179e-02
3.369069695472717285e-01
5.883443951606750488e-01
-5.011376459151506424e-03
3.578927814960479736e-01
6.004743576049804688e-01
9.223644621670246124e-03
3.790932297706604004e-01
6.170712113380432129e-01
1.307747792452573776e-02
3.492649793624877930e-01
6.811616420745849609e-01
-1.654316112399101257e-02
3.394419252872467041e-01
6.460187435150146484e-01
-4.536264576017856598e-03
3.609898388385772705e-01
6.572789549827575684e-01
9.626481682062149048e-03
3.776533007621765137e-01
6.720882654190063477e-01
1.861182227730751038e-02
