5.559794902801513672e-01
7.287667393684387207e-01
-8.076643780441372655e-07
5.141423940658569336e-01
6.299108266830444336e-01
3.278653323650360107e-02
4.509108066558837891e-01
5.618880391120910645e-01
3.712964802980422974e-02
3.869433999061584473e-01
5.275883078575134277e-01
3.272821754217147827e-02
3.429340124130249023e-01
5.093894004821777344e-01
3.019568696618080139e-02
4.290864169597625732e-01
4.862223267555236816e-01
1.565629243850708008e-02
3.239136040210723877e-01
5.099878311157226562e-01
8.134298841468989849e-04
3.382906317710876465e-01
5.636751055717468262e-01
-4.063284024596214294e-03
3.666042685508728027e-01
5.736417174339294434e-01
-6.349033676087856293e-03
4.253058731555938721e-01
5.079051256179809570e-01
-8.773595094680786133e-03
3.147197067737579346e-01
5.713469982147216797e-01
-1.961228437721729279e-02
3.407194912433624268e-01
6.144497990608215332e-01
-1.182643044739961624e-02
3.726815581321716309e-01
6.074621677398681641e-01
-8.401849307119846344e-03
4.205691516399383545e-01
5.495311617851257324e-01
-3.216031566262245178e-02
3.212905228137969971e-01
6.183151602745056152e-01
-3.576806187629699707e-02
3.527616560459136963e-01
6.558715105056762695e-01
-1.759060472249984741e-02
3.839161992073059082e-01
6.446058154106140137e-01
-1.020515523850917816e-02
4.178435504436492920e-01
6.005657911300659180e-01
-5.423440411686897278e-02
3.412648439407348633e-01
6.600196361541748047e-01
-5.858398601412773132e-02
3.691282272338867188e-01
6.883438229560852051e-01
-4.993802681565284729e-02
3.987863659858703613e-01
6.794955730438232422e-01
-4.455257952213287354e-02
