5.288166999816894531e-01
6.246120929718017578e-01
-1.752754457129412913e-07
5.760948657989501953e-01
5.187529921531677246e-01
7.838245481252670288e-03
5.764057636260986328e-01
4.130767285823822021e-01
1.154675520956516266e-02
5.465451478958129883e-01
3.173458874225616455e-01
1.707305945456027985e-02
5.371433496475219727e-01
2.536780238151550293e-01
2.489588037133216858e-02
5.130451321601867676e-01
3.649577796459197998e-01
-1.382168568670749664e-02
4.883291423320770264e-01
2.935414016246795654e-01
-6.202158983796834946e-03
5.134129524230957031e-01
3.276095986366271973e-01
3.438006155192852020e-03
5.285745263099670410e-01
3.656743466854095459e-01
1.106553804129362106e-02
4.622103273868560791e-01
3.976623713970184326e-01
-1.313891634345054626e-02
4.608699083328247070e-01
3.389273285865783691e-01
9.510649368166923523e-03
4.826151132583618164e-01
3.639937043190002441e-01
2.416407316923141479e-02
4.940407872200012207e-01
3.932809829711914062e-01
2.760381437838077545e-02
4.266426563262939453e-01
4.398185908794403076e-01
-8.898291736841201782e-03
4.346507489681243896e-01
3.924806118011474609e-01
1.526419725269079208e-02
4.523078799247741699e-01
4.112659990787506104e-01
2.956197783350944519e-02
4.626712501049041748e-01
4.417534470558166504e-01
3.050044365227222443e-02
4.005646705627441406e-01
4.834882020950317383e-01
-4.068477079272270203e-03
4.146155714988708496e-01
4.426336288452148438e-01
1.567125692963600159e-02
4.317190945148468018e-01
4.611739814281463623e-01
3.035628609359264374e-02
4.404213428497314453e-01
4.860057830810546875e-01
3.784274682402610779e-02
