5.961355566978454590e-01
7.070552706718444824e-01
-1.803747409212519415e-07
6.559278368949890137e-01
6.441640853881835938e-01
1.826253347098827362e-02
6.801516413688659668e-01
5.688993334770202637e-01
2.337212674319744110e-02
6.961575746536254883e-01
4.932088851928710938e-01
2.744594216346740723e-02
7.095745205879211426e-01
4.494599103927612305e-01
3.212543204426765442e-02
6.669771075248718262e-01
5.199366807937622070e-01
-1.067194249480962753e-02
6.630729436874389648e-01
4.440825581550598145e-01
-5.080580711364746094e-03
6.644741892814636230e-01
4.746582508087158203e-01
4.667558241635560989e-03
6.646524667739868164e-01
5.064330101013183594e-01
1.247108913958072662e-02
6.219992637634277344e-01
5.151954889297485352e-01
-1.661600358784198761e-02
6.279962658882141113e-01
4.526226818561553955e-01
-2.075296360999345779e-03
6.296411156654357910e-01
4.806838035583496094e-01
1.278925314545631409e-02
6.286020874977111816e-01
5.076891183853149414e-01
1.910723187029361725e-02
5.797576308250427246e-01
5.204518437385559082e-01
-1.838896796107292175e-02
5.924456715583801270e-01
4.718296229839324951e-01
-2.185378107242286205e-04
5.953436493873596191e-01
4.957684278488159180e-01
1.586116105318069458e-02
5.930357575416564941e-01
5.218641161918640137e-01
2.036108262836933136e-02
5.417707562446594238e-01
5.339652299880981445e-01
-1.842540875077247620e-02
5.576686263084411621e-01
4.984588623046875000e-01
-1.239379867911338806e-03
5.610924959182739258e-01
5.231416225433349609e-01
1.507121603935956955e-02
5.590825676918029785e-01
5.461357235908508301e-01
2.419327199459075928e-02
