6.111762523651123047e-01
6.342278718948364258e-01
-5.957609801043872721e-07
5.631935000419616699e-01
5.832167267799377441e-01
3.808702458627521992e-04
5.378077626228332520e-01
5.137848258018493652e-01
-2.538896223995834589e-04
5.255770683288574219e-01
4.575705528259277344e-01
-7.553290110081434250e-03
5.079652070999145508e-01
4.114369451999664307e-01
-1.176104508340358734e-02
5.762898325920104980e-01
4.620474576950073242e-01
2.058833092451095581e-02
5.529807209968566895e-01
4.049812853336334229e-01
-5.594510585069656372e-03
5.488092303276062012e-01
4.596441984176635742e-01
-1.732411980628967285e-02
5.617486834526062012e-01
4.878634810447692871e-01
-1.992979273200035095e-02
5.991801619529724121e-01
4.668933153152465820e-01
9.746921248733997345e-03
5.746911764144897461e-01
4.062584638595581055e-01
-1.915085874497890472e-02
5.678529739379882812e-01
4.743140339851379395e-01
-2.237602509558200836e-02
5.863820314407348633e-01
4.961838722229003906e-01
-1.528913620859384537e-02
6.273144483566284180e-01
4.732566475868225098e-01
-5.956307519227266312e-03
6.005977392196655273e-01
4.128515422344207764e-01
-3.298496827483177185e-02
5.925554037094116211e-01
4.806886315345764160e-01
-2.084566093981266022e-02
6.111774444580078125e-01
5.051269531250000000e-01
-3.485950874164700508e-03
6.606709361076354980e-01
4.845703840255737305e-01
-2.247301675379276276e-02
6.337943673133850098e-01
4.300042986869812012e-01
-3.518870100378990173e-02
6.205500364303588867e-01
4.718296825885772705e-01
-2.290052734315395355e-02
6.329959034919738770e-01
4.990595877170562744e-01
-8.409365080296993256e-03
