4.065959453582763672e-01
5.780622959136962891e-01
-4.551191636892326642e-07
4.753257632255554199e-01
5.679092407226562500e-01
-1.589693129062652588e-02
5.436608195304870605e-01
4.882653951644897461e-01
-1.793381012976169586e-02
5.858752727508544922e-01
4.206050932407379150e-01
-2.049375511705875397e-02
6.250502467155456543e-01
3.885831236839294434e-01
-1.639553345739841461e-02
5.325638055801391602e-01
4.132147729396820068e-01
1.718061161227524281e-03
5.682734251022338867e-01
3.625798523426055908e-01
-2.240625955164432526e-02
5.385624170303344727e-01
4.336798787117004395e-01
-2.741774357855319977e-02
5.195790529251098633e-01
4.508741199970245361e-01
-2.627741731703281403e-02
4.948360919952392578e-01
3.914557993412017822e-01
-4.542497335933148861e-04
5.276455879211425781e-01
3.432458341121673584e-01
-2.826354093849658966e-02
4.998530447483062744e-01
4.289552271366119385e-01
-2.688096463680267334e-02
4.820205569267272949e-01
4.393008649349212646e-01
-1.761259697377681732e-02
4.536562263965606689e-01
3.791341781616210938e-01
-7.604655809700489044e-03
4.852687120437622070e-01
3.348700106143951416e-01
-3.903380036354064941e-02
4.655668735504150391e-01
4.237892627716064453e-01
-2.196258679032325745e-02
4.489918649196624756e-01
4.416782259941101074e-01
-1.068330835551023483e-03
4.095258116722106934e-01
3.688015341758728027e-01
-1.553070545196533203e-02
4.423909187316894531e-01
3.341927528381347656e-01
-3.170439600944519043e-02
4.357928335666656494e-01
3.976631760597229004e-01
-1.463435962796211243e-02
4.224974215030670166e-01
4.184530675411224365e-01
3.700528526678681374e-03
