3.982746005058288574e-01
7.099944353103637695e-01
-3.791025733335118275e-07
3.743759691715240479e-01
6.145836114883422852e-01
7.153049809858202934e-04
3.911324739456176758e-01
5.286436080932617188e-01
-1.362196286208927631e-03
4.305178225040435791e-01
4.611090123653411865e-01
-2.718047006055712700e-03
4.516681432723999023e-01
4.118244946002960205e-01
-1.464606466470286250e-04
4.322130084037780762e-01
5.029026865959167480e-01
-8.312854915857315063e-03
4.830623269081115723e-01
4.634476304054260254e-01
-1.200730819255113602e-02
4.677326679229736328e-01
4.869418442249298096e-01
-9.473058395087718964e-03
4.488727450370788574e-01
5.110100507736206055e-01
-6.230260245501995087e-03
4.707854688167572021e-01
5.452155470848083496e-01
-1.124234031885862350e-02
5.054224729537963867e-01
5.021930336952209473e-01
-5.045176949352025986e-03
4.897759854793548584e-01
5.199202895164489746e-01
3.085482632741332054e-03
4.757366180419921875e-01
5.406838059425354004e-01
5.997750442475080490e-03
5.022767782211303711e-01
5.898245573043823242e-01
-1.375133823603391647e-02
5.231270194053649902e-01
5.516941547393798828e-01
-9.035046212375164032e-03
5.091826915740966797e-01
5.675958395004272461e-01
1.302665681578218937e-03
4.954237341880798340e-01
5.877436995506286621e-01
5.258623976260423660e-03
5.275022983551025391e-01
6.313490867614746094e-01
-1.601246558129787445e-02
5.348181128501892090e-01
5.965725183486938477e-01
-1.002668589353561401e-02
5.221056938171386719e-01
6.118686795234680176e-01
5.777693586423993111e-04
5.140888094902038574e-01
6.290680170059204102e-01
7.503840606659650803e-03
