3.522731959819793701e-01
6.887551546096801758e-01
-4.345392312643525656e-07
4.107868373394012451e-01
6.497003436088562012e-01
-1.532609853893518448e-02
4.436424970626831055e-01
5.586787462234497070e-01
-1.699797995388507843e-02
4.560372233390808105e-01
4.788624346256256104e-01
-1.905285753309726715e-02
4.761768579483032227e-01
4.318636953830718994e-01
-1.561866980046033859e-02
4.157538115978240967e-01
5.030440092086791992e-01
-9.441235451959073544e-04
4.263761639595031738e-01
4.410918056964874268e-01
-2.360545285046100616e-02
4.202547371387481689e-01
5.112319588661193848e-01
-2.880336716771125793e-02
4.113603532314300537e-01
5.398800969123840332e-01
-2.753986604511737823e-02
3.791548907756805420e-01
5.022240281105041504e-01
-1.996964914724230766e-03
3.866200745105743408e-01
4.410682618618011475e-01
-2.757040783762931824e-02
3.879153728485107422e-01
5.229057669639587402e-01
-2.602582983672618866e-02
3.815379738807678223e-01
5.489843487739562988e-01
-1.708278805017471313e-02
3.427269756793975830e-01
5.086326003074645996e-01
-7.630901411175727844e-03
3.494814932346343994e-01
4.485858678817749023e-01
-3.661598637700080872e-02
3.574730753898620605e-01
5.307442545890808105e-01
-2.123909816145896912e-02
3.544735610485076904e-01
5.627453327178955078e-01
-1.572547014802694321e-03
3.043335080146789551e-01
5.198115110397338867e-01
-1.420893240720033646e-02
3.148631453514099121e-01
4.668583571910858154e-01
-3.083567507565021515e-02
3.256251811981201172e-01
5.220408439636230469e-01
-1.697066798806190491e-02
3.248388767242431641e-01
5.532583594322204590e-01
-7.855980074964463711e-04
