2.991588115692138672e-01
7.510098218917846680e-01
-2.901894333717791596e-07
3.415265083312988281e-01
6.799095869064331055e-01
6.887912750244140625e-03
3.469696640968322754e-01
6.168191432952880859e-01
6.161424797028303146e-03
3.539074361324310303e-01
5.691127181053161621e-01
1.059824717231094837e-03
3.549280762672424316e-01
5.284913182258605957e-01
-3.449277428444474936e-04
2.846046388149261475e-01
5.641543269157409668e-01
1.205762755125761032e-02
3.515329957008361816e-01
5.370885729789733887e-01
-3.540366655215620995e-03
3.569591343402862549e-01
5.826048254966735840e-01
-1.392332743853330612e-02
3.408388793468475342e-01
6.043130159378051758e-01
-2.096881717443466187e-02
2.770252525806427002e-01
5.671643018722534180e-01
-8.376700134249404073e-05
3.557951450347900391e-01
5.419729351997375488e-01
-1.425514928996562958e-02
3.586404919624328613e-01
5.902554392814636230e-01
-1.627973280847072601e-02
3.412013053894042969e-01
6.078687906265258789e-01
-1.660631410777568817e-02
2.799997329711914062e-01
5.798975229263305664e-01
-1.421182136982679367e-02
3.563407659530639648e-01
5.575739741325378418e-01
-2.421990595757961273e-02
3.572128415107727051e-01
6.009203195571899414e-01
-1.800610683858394623e-02
3.386660516262054443e-01
6.179340481758117676e-01
-1.365023571997880936e-02
2.915275692939758301e-01
5.990822911262512207e-01
-2.897515892982482910e-02
3.510676324367523193e-01
5.819889307022094727e-01
-3.386025503277778625e-02
3.537787497043609619e-01
6.111541986465454102e-01
-2.980501949787139893e-02
3.403517007827758789e-01
6.242179274559020996e-01
-2.671089023351669312e-02
