7.124263048171997070e-01
7.952902913093566895e-01
-6.620305157412076369e-07
6.730395555496215820e-01
6.889095306396484375e-01
-7.993146777153015137e-03
6.797356009483337402e-01
5.920329093933105469e-01
-1.600409112870693207e-02
6.879526972770690918e-01
5.189362168312072754e-01
-2.670317515730857849e-02
6.865799427032470703e-01
4.490694105625152588e-01
-3.237332776188850403e-02
7.748187780380249023e-01
5.471047759056091309e-01
5.268221255391836166e-03
7.096697688102722168e-01
4.879487156867980957e-01
-2.549847029149532318e-02
6.862837076187133789e-01
5.421562790870666504e-01
-4.405599087476730347e-02
6.914887428283691406e-01
5.824372172355651855e-01
-5.308642238378524780e-02
7.976995706558227539e-01
5.725184082984924316e-01
-3.839075099676847458e-03
7.078180909156799316e-01
5.189408659934997559e-01
-3.434648364782333374e-02
6.884587407112121582e-01
5.848760008811950684e-01
-3.985667228698730469e-02
7.022890448570251465e-01
6.195089817047119141e-01
-3.825153410434722900e-02
8.057249784469604492e-01
6.118317246437072754e-01
-1.788391917943954468e-02
7.134262323379516602e-01
5.679250359535217285e-01
-4.546176269650459290e-02
6.983097791671752930e-01
6.276582479476928711e-01
-3.575339168310165405e-02
7.147005796432495117e-01
6.556788682937622070e-01
-2.387315779924392700e-02
8.000812530517578125e-01
6.550766229629516602e-01
-3.388757258653640747e-02
7.235215902328491211e-01
6.238515973091125488e-01
-5.117080733180046082e-02
7.100518345832824707e-01
6.589574813842773438e-01
-4.688407108187675476e-02
7.243406772613525391e-01
6.797339916229248047e-01
-3.912983089685440063e-02
