3.134522438049316406e-01
6.852177381515502930e-01
-4.615986028966290178e-07
3.608116507530212402e-01
5.898702144622802734e-01
7.411813829094171524e-03
3.672726452350616455e-01
4.930437505245208740e-01
8.152103982865810394e-03
3.746340572834014893e-01
4.286848008632659912e-01
1.552164205349981785e-03
3.845217823982238770e-01
3.721884787082672119e-01
-1.068905403371900320e-04
2.895295917987823486e-01
4.246041774749755859e-01
3.186548873782157898e-02
3.596568107604980469e-01
3.854747712612152100e-01
6.096778903156518936e-03
3.669922053813934326e-01
4.569405913352966309e-01
-9.357971139252185822e-03
3.443464040756225586e-01
4.836277663707733154e-01
-1.733298413455486298e-02
2.683882713317871094e-01
4.312044978141784668e-01
1.544022932648658752e-02
3.504551351070404053e-01
3.912771940231323242e-01
-1.062974054366350174e-02
3.592838943004608154e-01
4.718484878540039062e-01
-1.475400757044553757e-02
3.356049656867980957e-01
4.941946268081665039e-01
-1.181747578084468842e-02
2.523187696933746338e-01
4.475259780883789062e-01
-5.721137393265962601e-03
3.345862030982971191e-01
4.075562059879302979e-01
-3.211790323257446289e-02
3.439970016479492188e-01
4.848558008670806885e-01
-2.281955815851688385e-02
3.174012601375579834e-01
5.119823813438415527e-01
-9.894374758005142212e-03
2.415130138397216797e-01
4.716315269470214844e-01
-2.691929042339324951e-02
3.081054389476776123e-01
4.312945902347564697e-01
-3.977787867188453674e-02
3.202264904975891113e-01
4.827043712139129639e-01
-2.903614938259124756e-02
2.981359958648681641e-01
5.090129971504211426e-01
-1.702514849603176117e-02
