2.671391069889068604e-01
6.238723397254943848e-01
-5.231802333582891151e-07
3.431110084056854248e-01
5.815235376358032227e-01
-1.674273982644081116e-02
3.962502181529998779e-01
4.789209663867950439e-01
-1.947674714028835297e-02
4.247068762779235840e-01
3.861641883850097656e-01
-2.293914556503295898e-02
4.601144194602966309e-01
3.391066491603851318e-01
-1.944052428007125854e-02
3.700291812419891357e-01
4.152159690856933594e-01
-5.255760625004768372e-04
3.868688941001892090e-01
3.370938897132873535e-01
-2.985635027289390564e-02
3.688403964042663574e-01
4.205044806003570557e-01
-3.737040609121322632e-02
3.577238023281097412e-01
4.495985805988311768e-01
-3.678046911954879761e-02
3.234671056270599365e-01
4.060626327991485596e-01
-2.908530412241816521e-03
3.391086757183074951e-01
3.290752172470092773e-01
-3.518271073698997498e-02
3.289195597171783447e-01
4.288945198059082031e-01
-3.306859359145164490e-02
3.194935321807861328e-01
4.544331133365631104e-01
-2.220224775373935699e-02
2.773151695728302002e-01
4.048979282379150391e-01
-1.087206508964300156e-02
2.928722500801086426e-01
3.294534981250762939e-01
-4.661982133984565735e-02
2.909646332263946533e-01
4.309372901916503906e-01
-2.669892646372318268e-02
2.835118174552917480e-01
4.654324352741241455e-01
-2.170084509998559952e-03
2.284281551837921143e-01
4.078592360019683838e-01
-1.990180090069770813e-02
2.455627620220184326e-01
3.454491794109344482e-01
-3.932848200201988220e-02
2.522732615470886230e-01
4.153040349483489990e-01
-2.158214338123798370e-02
2.487884461879730225e-01
4.509397149085998535e-01
-1.558500109240412712e-03
