7.149016857147216797e-01
7.003158330917358398e-01
-7.354253170888114255e-07
6.445727348327636719e-01
6.651012301445007324e-01
-1.553446333855390549e-02
5.915691256523132324e-01
5.669004917144775391e-01
-1.907029561698436737e-02
5.577903985977172852e-01
4.847737550735473633e-01
-2.561994083225727081e-02
5.229630470275878906e-01
4.388349056243896484e-01
-2.473468147218227386e-02
6.202710270881652832e-01
4.787236154079437256e-01
1.092681195586919785e-02
5.867215394973754883e-01
4.158621132373809814e-01
-2.146644517779350281e-02
6.032506823539733887e-01
5.010750889778137207e-01
-3.196389600634574890e-02
6.204438805580139160e-01
5.235341191291809082e-01
-3.370983153581619263e-02
6.640673279762268066e-01
4.761447012424468994e-01
6.308440584689378738e-03
6.288107037544250488e-01
4.271772801876068115e-01
-2.655880898237228394e-02
6.385198831558227539e-01
5.261632204055786133e-01
-2.308637835085391998e-02
6.570447683334350586e-01
5.277332067489624023e-01
-1.104956679046154022e-02
7.084972858428955078e-01
4.851960837841033936e-01
-5.793111864477396011e-03
6.745693683624267578e-01
4.382041692733764648e-01
-3.960780426859855652e-02
6.780522465705871582e-01
5.336524844169616699e-01
-1.764702424407005310e-02
6.972283720970153809e-01
5.403603911399841309e-01
6.906848866492509842e-03
7.512056231498718262e-01
4.970450401306152344e-01
-2.008355595171451569e-02
7.207217812538146973e-01
4.666035175323486328e-01
-3.462219983339309692e-02
7.155458927154541016e-01
5.274815559387207031e-01
-1.696271076798439026e-02
7.304413914680480957e-01
5.368860363960266113e-01
1.307994243688881397e-03
