6.709067225456237793e-01
8.399633765220642090e-01
-2.034463335576219833e-07
7.440502643585205078e-01
7.582518458366394043e-01
1.725944131612777710e-02
7.755373120307922363e-01
6.482620239257812500e-01
1.962164975702762604e-02
8.012757897377014160e-01
5.450539588928222656e-01
2.135010622441768646e-02
8.304947614669799805e-01
4.909470081329345703e-01
2.463376522064208984e-02
7.690809965133666992e-01
6.058575510978698730e-01
-2.013302966952323914e-02
7.597925066947937012e-01
4.928883314132690430e-01
-1.891597360372543335e-02
7.571851611137390137e-01
5.351867675781250000e-01
-9.902981109917163849e-03
7.585881948471069336e-01
5.763753652572631836e-01
-1.996581209823489189e-03
7.071372866630554199e-01
6.015413403511047363e-01
-2.723696455359458923e-02
7.107198238372802734e-01
5.085917711257934570e-01
-1.589757576584815979e-02
7.117296457290649414e-01
5.474216938018798828e-01
1.728330622427165508e-03
7.114369869232177734e-01
5.820274949073791504e-01
9.788821451365947723e-03
6.475843191146850586e-01
6.060646176338195801e-01
-3.000606037676334381e-02
6.626553535461425781e-01
5.304814577102661133e-01
-1.419191528111696243e-02
6.660699844360351562e-01
5.632024407386779785e-01
7.016340736299753189e-03
6.631672382354736328e-01
5.970017910003662109e-01
1.476235594600439072e-02
5.940856933593750000e-01
6.167290210723876953e-01
-3.093680925667285919e-02
6.162705421447753906e-01
5.581383705139160156e-01
-1.438760850578546524e-02
6.201602220535278320e-01
5.893176794052124023e-01
6.308701355010271072e-03
6.167224645614624023e-01
6.180801391601562500e-01
1.859062537550926208e-02
