6.900603175163269043e-01
7.515358924865722656e-01
-7.231868721646605991e-07
6.346107721328735352e-01
6.619772315025329590e-01
1.818324625492095947e-02
6.220120787620544434e-01
5.774286389350891113e-01
1.387711707502603531e-02
6.115378141403198242e-01
5.218542218208312988e-01
2.418315503746271133e-03
6.067432761192321777e-01
4.879819452762603760e-01
-4.735250025987625122e-03
7.138012051582336426e-01
4.688174128532409668e-01
1.794403977692127228e-02
6.113172173500061035e-01
4.182183742523193359e-01
-6.520409602671861649e-03
5.997369289398193359e-01
4.861480593681335449e-01
-2.359906770288944244e-02
6.196350455284118652e-01
5.262066721916198730e-01
-3.308255970478057861e-02
7.127790451049804688e-01
4.689249396324157715e-01
-2.680575009435415268e-03
5.897343158721923828e-01
4.241162240505218506e-01
-2.581543661653995514e-02
5.885864496231079102e-01
4.952428936958312988e-01
-2.837743796408176422e-02
6.173635125160217285e-01
5.268697142601013184e-01
-2.726368047297000885e-02
6.985813975334167480e-01
4.847182333469390869e-01
-2.478991076350212097e-02
5.787649750709533691e-01
4.507179558277130127e-01
-4.095011949539184570e-02
5.801253318786621094e-01
5.220444202423095703e-01
-2.828685753047466278e-02
6.091623306274414062e-01
5.502611994743347168e-01
-1.888157986104488373e-02
6.745152473449707031e-01
5.113115310668945312e-01
-4.737279191613197327e-02
5.820647478103637695e-01
5.006058216094970703e-01
-5.963980779051780701e-02
5.837645530700683594e-01
5.555016398429870605e-01
-5.438853055238723755e-02
6.095351576805114746e-01
5.795482397079467773e-01
-4.775993525981903076e-02
