6.438115835189819336e-01
8.816358447074890137e-01
-6.055582844055606984e-07
6.025648713111877441e-01
8.053552508354187012e-01
1.613914780318737030e-02
6.011972427368164062e-01
7.444514632225036621e-01
1.824588701128959656e-02
5.993536114692687988e-01
7.009206414222717285e-01
1.167513430118560791e-02
5.995240807533264160e-01
6.594944000244140625e-01
8.433436974883079529e-03
6.744686961174011230e-01
6.826890110969543457e-01
3.842170909047126770e-02
6.086885333061218262e-01
6.460213065147399902e-01
1.643763296306133270e-02
5.948978662490844727e-01
6.888864040374755859e-01
-6.879459833726286888e-04
6.081166267395019531e-01
7.150569558143615723e-01
-9.358529932796955109e-03
6.840174794197082520e-01
6.845635175704956055e-01
1.935040578246116638e-02
5.986958742141723633e-01
6.478528976440429688e-01
-5.180350970476865768e-03
5.887619853019714355e-01
7.028482556343078613e-01
-1.393870636820793152e-02
6.099722385406494141e-01
7.293060421943664551e-01
-1.379160117357969284e-02
6.873225569725036621e-01
6.915250420570373535e-01
-3.114993683993816376e-03
6.011556386947631836e-01
6.579582095146179199e-01
-2.212116867303848267e-02
5.931645631790161133e-01
7.144859433174133301e-01
-1.529975980520248413e-02
6.158377528190612793e-01
7.408407926559448242e-01
-5.807137116789817810e-03
6.831741333007812500e-01
7.041057944297790527e-01
-2.635093405842781067e-02
6.107456684112548828e-01
6.828361749649047852e-01
-3.704965487122535706e-02
6.049675345420837402e-01
7.218886017799377441e-01
-3.197370469570159912e-02
6.244109869003295898e-01
7.457016110420227051e-01
-2.390089631080627441e-02
