2.191987931728363037e-01
7.604038715362548828e-01
-5.660877491209248547e-07
2.901037037372589111e-01
7.467058300971984863e-01
-3.317311778664588928e-02
3.724484443664550781e-01
6.485954523086547852e-01
-3.889414668083190918e-02
4.121028482913970947e-01
5.490882396697998047e-01
-3.982703387737274170e-02
4.556443691253662109e-01
5.072648525238037109e-01
-3.034955635666847229e-02
3.581793606281280518e-01
5.601736903190612793e-01
-1.121475081890821457e-02
3.785855174064636230e-01
4.934398829936981201e-01
-3.974221274256706238e-02
3.431400656700134277e-01
5.825113058090209961e-01
-4.746532067656517029e-02
3.368392288684844971e-01
5.934588313102722168e-01
-5.045305192470550537e-02
3.080222010612487793e-01
5.434749126434326172e-01
-3.566154977306723595e-03
3.262600898742675781e-01
4.787085950374603271e-01
-3.891237452626228333e-02
2.993799746036529541e-01
5.833649635314941406e-01
-3.755832463502883911e-02
2.960979640483856201e-01
5.888819694519042969e-01
-2.827750891447067261e-02
2.600758075714111328e-01
5.373861193656921387e-01
-2.371759852394461632e-03
2.757926583290100098e-01
4.780837893486022949e-01
-3.719093650579452515e-02
2.597757577896118164e-01
5.767554044723510742e-01
-1.479740161448717117e-02
2.580595016479492188e-01
5.875180959701538086e-01
8.531229570508003235e-03
2.117960751056671143e-01
5.259285569190979004e-01
-3.860873635858297348e-03
2.233113944530487061e-01
4.866080284118652344e-01
-1.947555877268314362e-02
2.183735370635986328e-01
5.557958483695983887e-01
-4.906344111077487469e-04
2.194230407476425171e-01
5.707357525825500488e-01
1.796207576990127563e-02
