6.985825300216674805e-01
8.153114318847656250e-01
-8.348270057467743754e-07
6.207559704780578613e-01
7.594896554946899414e-01
-2.125728316605091095e-02
5.786007642745971680e-01
6.325610876083374023e-01
-2.417036890983581543e-02
5.639001131057739258e-01
5.186528563499450684e-01
-3.017353452742099762e-02
5.402094125747680664e-01
4.423241615295410156e-01
-2.793175540864467621e-02
6.215166449546813965e-01
5.403180718421936035e-01
1.706304214894771576e-02
5.993520617485046387e-01
4.601777791976928711e-01
-1.734606735408306122e-02
6.015965342521667480e-01
5.593048334121704102e-01
-2.793748676776885986e-02
6.176896691322326660e-01
5.867310762405395508e-01
-2.929268218576908112e-02
6.691053509712219238e-01
5.443190336227416992e-01
1.410182472318410873e-02
6.411811709403991699e-01
4.697818756103515625e-01
-2.215092256665229797e-02
6.339005231857299805e-01
5.840948820114135742e-01
-1.830358803272247314e-02
6.548432111740112305e-01
5.946865081787109375e-01
-4.247743170708417892e-03
7.163724303245544434e-01
5.623631477355957031e-01
1.967771910130977631e-03
6.897772550582885742e-01
4.888195395469665527e-01
-3.524332121014595032e-02
6.769353151321411133e-01
5.972094535827636719e-01
-9.613987989723682404e-03
6.964235305786132812e-01
6.163735985755920410e-01
1.897542737424373627e-02
7.623631954193115234e-01
5.840629339218139648e-01
-1.326603256165981293e-02
7.364889383316040039e-01
5.291750431060791016e-01
-2.835171483457088470e-02
7.193447351455688477e-01
5.935326218605041504e-01
-7.784267421811819077e-03
7.340243458747863770e-01
6.114048361778259277e-01
1.330295763909816742e-02
