3.639553487300872803e-01
5.501394867897033691e-01
-4.391154959648702061e-07
4.168638885021209717e-01
5.204119086265563965e-01
-4.079801216721534729e-02
4.489042758941650391e-01
4.203260540962219238e-01
-5.088411271572113037e-02
4.510807991027832031e-01
3.243329226970672607e-01
-5.764738097786903381e-02
4.644633531570434570e-01
2.624950408935546875e-01
-5.515653267502784729e-02
4.464376866817474365e-01
3.218003511428833008e-01
-1.406090566888451576e-03
4.266680777072906494e-01
2.550959289073944092e-01
-3.690616786479949951e-02
4.168846905231475830e-01
3.319635987281799316e-01
-5.107712000608444214e-02
4.246077239513397217e-01
3.622771501541137695e-01
-5.399015173316001892e-02
4.071623980998992920e-01
3.207375407218933105e-01
8.777770213782787323e-03
3.884409964084625244e-01
2.636031806468963623e-01
-3.257666155695915222e-02
3.891178667545318604e-01
3.546206653118133545e-01
-3.522815555334091187e-02
4.009003639221191406e-01
3.775727152824401855e-01
-2.400329709053039551e-02
3.697310090065002441e-01
3.300306797027587891e-01
9.472365491092205048e-03
3.508808612823486328e-01
2.763196527957916260e-01
-3.525226563215255737e-02
3.576264977455139160e-01
3.630738556385040283e-01
-2.136383019387722015e-02
3.710174262523651123e-01
3.920018076896667480e-01
2.277573803439736366e-03
3.323785662651062012e-01
3.437236249446868896e-01
6.478727329522371292e-03
3.198320865631103516e-01
3.009398579597473145e-01
-2.202983945608139038e-02
3.284694254398345947e-01
3.618532121181488037e-01
-1.332391798496246338e-02
3.410426378250122070e-01
3.911124765872955322e-01
3.306489437818527222e-03
