8.003095984458923340e-01
9.986063241958618164e-01
-1.383139192512317095e-06
6.730134487152099609e-01
9.208976030349731445e-01
-5.796805769205093384e-02
5.968289971351623535e-01
6.933932304382324219e-01
-6.880765408277511597e-02
5.661100149154663086e-01
4.929012060165405273e-01
-7.905955612659454346e-02
5.220934152603149414e-01
3.611760735511779785e-01
-7.089480012655258179e-02
6.468246579170227051e-01
5.113829374313354492e-01
1.372514851391315460e-02
6.406751871109008789e-01
3.712539076805114746e-01
-4.997707530856132507e-02
6.535711288452148438e-01
5.491013526916503906e-01
-6.701844930648803711e-02
6.651198863983154297e-01
5.894054174423217773e-01
-6.827025860548019409e-02
7.404482960700988770e-01
5.182347893714904785e-01
1.650180481374263763e-02
7.267428040504455566e-01
3.968275785446166992e-01
-4.994129016995429993e-02
7.155857682228088379e-01
6.031590700149536133e-01
-4.366887360811233521e-02
7.262262701988220215e-01
5.969845056533813477e-01
-1.899363845586776733e-02
8.302021026611328125e-01
5.533815622329711914e-01
1.243563834577798843e-03
8.210478425025939941e-01
4.419237375259399414e-01
-7.212072610855102539e-02
7.989470958709716797e-01
6.336434483528137207e-01
-3.116398118436336517e-02
8.103511333465576172e-01
6.388874650001525879e-01
1.702275872230529785e-02
9.139330387115478516e-01
5.915830135345458984e-01
-2.050350792706012726e-02
9.043713808059692383e-01
5.213190913200378418e-01
-5.455669760704040527e-02
8.750776052474975586e-01
6.418064832687377930e-01
-2.243620157241821289e-02
8.838911652565002441e-01
6.556282639503479004e-01
1.235885079950094223e-02
