5.908715724945068359e-01
1.010426402091979980e+00
-9.510791301181598101e-07
5.037721991539001465e-01
1.001635313034057617e+00
-4.166859015822410583e-02
4.329769611358642578e-01
9.155552387237548828e-01
-5.849765613675117493e-02
3.977110981941223145e-01
8.373488783836364746e-01
-7.339178770780563354e-02
3.523850440979003906e-01
7.646817564964294434e-01
-8.291266858577728271e-02
4.710258245468139648e-01
7.846931815147399902e-01
-4.294563457369804382e-02
4.349597692489624023e-01
7.935586571693420410e-01
-9.685381501913070679e-02
4.431146979331970215e-01
8.951464295387268066e-01
-1.228101998567581177e-01
4.595385789871215820e-01
9.392529726028442383e-01
-1.334472149610519409e-01
5.450994372367858887e-01
7.918146252632141113e-01
-4.816463589668273926e-02
5.049917101860046387e-01
8.616370558738708496e-01
-1.007058918476104736e-01
5.093736052513122559e-01
9.662196636199951172e-01
-1.082909554243087769e-01
5.236722230911254883e-01
9.845734834671020508e-01
-1.052810624241828918e-01
6.185919642448425293e-01
8.304972648620605469e-01
-6.185363978147506714e-02
5.828813314437866211e-01
9.130078554153442383e-01
-1.197568029165267944e-01
5.844779014587402344e-01
1.014147400856018066e+00
-1.039923802018165588e-01
5.982198715209960938e-01
1.035807609558105469e+00
-8.194898068904876709e-02
6.855418682098388672e-01
8.796443343162536621e-01
-7.924988865852355957e-02
6.581557989120483398e-01
9.407508373260498047e-01
-1.225331202149391174e-01
6.524226665496826172e-01
1.022697567939758301e+00
-1.116387844085693359e-01
6.631730198860168457e-01
1.050807952880859375e+00
-9.389775246381759644e-02
