3.108268678188323975e-01
9.902588129043579102e-01
-9.016652029458782636e-07
4.234370291233062744e-01
9.542540311813354492e-01
-5.428517237305641174e-02
5.378528237342834473e-01
7.708854675292968750e-01
-6.596729904413223267e-02
5.743797421455383301e-01
5.919733047485351562e-01
-6.896317005157470703e-02
6.340404748916625977e-01
4.995468258857727051e-01
-5.588037148118019104e-02
4.868651032447814941e-01
6.336872577667236328e-01
-3.050895594060420990e-02
5.147458910942077637e-01
5.276632905006408691e-01
-7.407896965742111206e-02
4.803391098976135254e-01
6.844287514686584473e-01
-7.624328881502151489e-02
4.576984941959381104e-01
6.901544928550720215e-01
-7.461857050657272339e-02
3.841306865215301514e-01
6.288183331489562988e-01
-2.085909806191921234e-02
4.253425598144531250e-01
5.294404029846191406e-01
-8.000329881906509399e-02
4.064022004604339600e-01
7.162364721298217773e-01
-7.625289261341094971e-02
3.830916881561279297e-01
7.114827036857604980e-01
-5.897943675518035889e-02
2.983520627021789551e-01
6.476767063140869141e-01
-2.016768604516983032e-02
3.232450783252716064e-01
5.539314746856689453e-01
-8.456816524267196655e-02
3.333544731140136719e-01
7.277170419692993164e-01
-4.881373420357704163e-02
3.123770952224731445e-01
7.343717813491821289e-01
-1.025615166872739792e-02
2.117577791213989258e-01
6.548957228660583496e-01
-2.239831164479255676e-02
2.373344898223876953e-01
5.986036062240600586e-01
-5.809927731752395630e-02
2.582987546920776367e-01
7.251827716827392578e-01
-2.816564403474330902e-02
2.495968937873840332e-01
7.431652545928955078e-01
2.530798316001892090e-03
