3.552956283092498779e-01
6.631012558937072754e-01
-4.684524412823520834e-07
4.281912147998809814e-01
6.345363855361938477e-01
-1.800307631492614746e-02
4.852567911148071289e-01
5.465326309204101562e-01
-2.147121168673038483e-02
5.177367925643920898e-01
4.624994695186614990e-01
-2.563754841685295105e-02
5.549950003623962402e-01
4.198900163173675537e-01
-2.316979318857192993e-02
4.599743783473968506e-01
4.790707230567932129e-01
2.245435025542974472e-03
4.882957339286804199e-01
4.136158525943756104e-01
-2.496531791985034943e-02
4.658237397670745850e-01
4.895837306976318359e-01
-3.167419880628585815e-02
4.478889405727386475e-01
5.169473886489868164e-01
-3.044124133884906769e-02
4.192935228347778320e-01
4.643500447273254395e-01
1.050646533258259296e-03
4.448838829994201660e-01
4.012396335601806641e-01
-2.948020398616790771e-02
4.269070029258728027e-01
4.921544492244720459e-01
-2.904562465846538544e-02
4.112871587276458740e-01
5.137226581573486328e-01
-1.960055530071258545e-02
3.770699799060821533e-01
4.571265578269958496e-01
-5.746046546846628189e-03
4.021736681461334229e-01
3.946542143821716309e-01
-4.014815017580986023e-02
3.922688663005828857e-01
4.895884096622467041e-01
-2.255704998970031738e-02
3.788681626319885254e-01
5.211090445518493652e-01
2.728790277615189552e-04
3.307490944862365723e-01
4.526087641716003418e-01
-1.362060382962226868e-02
3.583865165710449219e-01
3.994685411453247070e-01
-3.229140490293502808e-02
3.599208295345306396e-01
4.658352136611938477e-01
-1.558675803244113922e-02
3.513995707035064697e-01
4.981622695922851562e-01
3.614812623709440231e-03
