5.066293478012084961e-01
8.010136485099792480e-01
-8.674762170812755357e-07
4.278149902820587158e-01
7.553622722625732422e-01
-8.835976012051105499e-03
3.880321085453033447e-01
6.364302039146423340e-01
-6.705311127007007599e-03
3.725896477699279785e-01
5.401865243911743164e-01
-9.180202148854732513e-03
3.495443463325500488e-01
4.724341630935668945e-01
-4.486339632421731949e-03
4.346640706062316895e-01
5.467125177383422852e-01
2.014869824051856995e-02
4.040046334266662598e-01
4.748865962028503418e-01
-1.189869735389947891e-02
4.060537815093994141e-01
5.692977905273437500e-01
-2.182769961655139923e-02
4.243734180927276611e-01
6.045798063278198242e-01
-2.219723351299762726e-02
4.775330126285552979e-01
5.512921214103698730e-01
1.171171572059392929e-02
4.424307346343994141e-01
4.878148734569549561e-01
-2.050563320517539978e-02
4.381935596466064453e-01
5.968697667121887207e-01
-1.586868241429328918e-02
4.650762677192687988e-01
6.133476495742797852e-01
-1.636321074329316616e-03
5.225255489349365234e-01
5.687241554260253906e-01
-4.398506134748458862e-03
4.881485402584075928e-01
5.041704177856445312e-01
-3.883682563900947571e-02
4.790091812610626221e-01
6.075755357742309570e-01
-1.597873866558074951e-02
5.035707950592041016e-01
6.289967298507690430e-01
1.069708820432424545e-02
5.675659775733947754e-01
5.919480919837951660e-01
-2.234386280179023743e-02
5.362813472747802734e-01
5.419137477874755859e-01
-3.790794685482978821e-02
5.202736258506774902e-01
6.067625880241394043e-01
-1.944337598979473114e-02
5.356675982475280762e-01
6.294639706611633301e-01
5.968940095044672489e-04
