4.887295961380004883e-01
8.380635976791381836e-01
-7.326868285417731386e-07
4.253632128238677979e-01
7.597215175628662109e-01
-1.743150496622547507e-04
4.036780595779418945e-01
6.657811999320983887e-01
-1.450042473152279854e-04
3.922244906425476074e-01
5.916748046875000000e-01
-7.915800437331199646e-03
3.726238608360290527e-01
5.303269028663635254e-01
-1.083158515393733978e-02
4.535464942455291748e-01
5.955231785774230957e-01
3.432530909776687622e-02
4.217185676097869873e-01
5.275385379791259766e-01
4.437150433659553528e-03
4.152896404266357422e-01
5.976487994194030762e-01
-1.167938206344842911e-02
4.289525747299194336e-01
6.327251195907592773e-01
-1.727905869483947754e-02
4.826204776763916016e-01
5.994948148727416992e-01
2.089997380971908569e-02
4.426693320274353027e-01
5.336968898773193359e-01
-1.385690458118915558e-02
4.356519579887390137e-01
6.184130311012268066e-01
-2.105274982750415802e-02
4.604616165161132812e-01
6.433836221694946289e-01
-1.500011328607797623e-02
5.161055326461791992e-01
6.109494566917419434e-01
1.031414954923093319e-03
4.748967885971069336e-01
5.497317314147949219e-01
-3.073600493371486664e-02
4.647737145423889160e-01
6.273956298828125000e-01
-1.715066842734813690e-02
4.892292022705078125e-01
6.497824192047119141e-01
2.585208276286721230e-03
5.506087541580200195e-01
6.305454373359680176e-01
-2.033423259854316711e-02
5.102689266204833984e-01
5.739444494247436523e-01
-3.388978168368339539e-02
4.933839738368988037e-01
6.249580979347229004e-01
-1.873014122247695923e-02
5.107010006904602051e-01
6.527830958366394043e-01
-1.394921448081731796e-03
