5.848275423049926758e-01
7.985626459121704102e-01
-1.203151782647182699e-07
6.576346755027770996e-01
7.400337457656860352e-01
1.172803156077861786e-02
6.904773116111755371e-01
6.567784547805786133e-01
1.450111530721187592e-02
7.021718621253967285e-01
5.639615654945373535e-01
1.898487843573093414e-02
7.167673110961914062e-01
5.095678567886352539e-01
2.565230429172515869e-02
6.662501692771911621e-01
5.995684862136840820e-01
-2.057333104312419891e-02
6.698008179664611816e-01
5.113446712493896484e-01
-1.280827540904283524e-02
6.752650737762451172e-01
5.488110780715942383e-01
8.796018082648515701e-04
6.733481884002685547e-01
5.835599899291992188e-01
1.137031335383653641e-02
6.142613887786865234e-01
5.859627127647399902e-01
-2.240418270230293274e-02
6.315844655036926270e-01
5.156793594360351562e-01
-4.362476523965597153e-03
6.392477154731750488e-01
5.460838079452514648e-01
1.253318320959806442e-02
6.362915039062500000e-01
5.733100175857543945e-01
1.948922500014305115e-02
5.681897401809692383e-01
5.880117416381835938e-01
-1.955794915556907654e-02
5.892982482910156250e-01
5.297180414199829102e-01
9.634759044274687767e-04
5.988473296165466309e-01
5.552182197570800781e-01
1.797946169972419739e-02
5.965038537979125977e-01
5.826187133789062500e-01
2.238984964787960052e-02
5.291817188262939453e-01
6.008291244506835938e-01
-1.518601551651954651e-02
5.543800592422485352e-01
5.596929192543029785e-01
2.038385719060897827e-03
5.625258088111877441e-01
5.831589102745056152e-01
1.818334683775901794e-02
5.595678687095642090e-01
6.053671240806579590e-01
2.732204832136631012e-02
