5.441125035285949707e-01
7.689464092254638672e-01
-6.267136996029876173e-07
4.579592943191528320e-01
6.917450428009033203e-01
-7.084723911248147488e-04
4.271594882011413574e-01
5.902470946311950684e-01
-1.654785242862999439e-03
4.329273700714111328e-01
4.849757552146911621e-01
-1.491789706051349640e-03
4.341573715209960938e-01
4.137712717056274414e-01
2.751490566879510880e-03
5.005910992622375488e-01
5.106723904609680176e-01
-5.430091172456741333e-03
4.861370623111724854e-01
4.309976994991302490e-01
-1.701973378658294678e-03
4.741088747978210449e-01
4.761650562286376953e-01
5.018950905650854111e-03
4.763822555541992188e-01
5.236260294914245605e-01
9.571604430675506592e-03
5.600570440292358398e-01
5.149544477462768555e-01
-6.144978571683168411e-03
5.332021713256835938e-01
4.440658688545227051e-01
5.600087810307741165e-03
5.165314078330993652e-01
4.803987741470336914e-01
1.406953111290931702e-02
5.209332108497619629e-01
5.182768702507019043e-01
1.529981102794408798e-02
6.076650619506835938e-01
5.326361060142517090e-01
-5.622185766696929932e-03
5.788215398788452148e-01
4.691414535045623779e-01
1.134852762334048748e-03
5.617050528526306152e-01
4.988365769386291504e-01
1.125098299235105515e-02
5.627348423004150391e-01
5.369895100593566895e-01
1.372351124882698059e-02
6.451202630996704102e-01
5.561134815216064453e-01
-4.628038499504327774e-03
6.187942028045654297e-01
4.983175396919250488e-01
2.404938568361103535e-04
6.036263704299926758e-01
5.252850055694580078e-01
1.218369230628013611e-02
6.039290428161621094e-01
5.612029433250427246e-01
2.032881230115890503e-02
