5.506010651588439941e-01
7.967919111251831055e-01
-4.114797889087640215e-07
5.077902674674987793e-01
6.987646818161010742e-01
1.249457802623510361e-02
5.019712448120117188e-01
5.947242379188537598e-01
7.149031385779380798e-03
5.205092430114746094e-01
4.984323382377624512e-01
-6.241137743927538395e-04
5.281221866607666016e-01
4.338580667972564697e-01
-4.792565945535898209e-03
5.002414584159851074e-01
5.309825539588928223e-01
-1.602459885179996490e-02
5.720331072807312012e-01
4.571534395217895508e-01
-2.463265322148799896e-02
5.853724479675292969e-01
4.975735843181610107e-01
-2.265906706452369690e-02
5.710178017616271973e-01
5.389091968536376953e-01
-1.975726522505283356e-02
5.394839048385620117e-01
5.439730882644653320e-01
-3.137409687042236328e-02
6.113271713256835938e-01
4.795504808425903320e-01
-2.909435890614986420e-02
6.194229722023010254e-01
5.208674669265747070e-01
-2.055144123733043671e-02
5.999337434768676758e-01
5.528758764266967773e-01
-1.892495714128017426e-02
5.840669274330139160e-01
5.698966979980468750e-01
-4.440541937947273254e-02
6.457622051239013672e-01
5.056460499763488770e-01
-4.032915830612182617e-02
6.475595831871032715e-01
5.461456179618835449e-01
-2.216862514615058899e-02
6.277123093605041504e-01
5.763076543807983398e-01
-1.496489625424146652e-02
6.266433596611022949e-01
6.034744977951049805e-01
-5.656883865594863892e-02
6.700770854949951172e-01
5.361308455467224121e-01
-4.900677502155303955e-02
6.706188321113586426e-01
5.712562799453735352e-01
-2.963358908891677856e-02
6.558831334114074707e-01
5.982930660247802734e-01
-1.765814796090126038e-02
