3.110524713993072510e-01
6.037555336952209473e-01
-5.007163395021052565e-07
3.811697959899902344e-01
5.562345981597900391e-01
-1.238428335636854172e-02
4.225731194019317627e-01
4.602725505828857422e-01
-1.260106265544891357e-02
4.376530051231384277e-01
3.732037544250488281e-01
-1.485729496926069260e-02
4.641333818435668945e-01
3.236378729343414307e-01
-1.082629058510065079e-02
3.914343714714050293e-01
3.953657448291778564e-01
7.818893529474735260e-03
4.072393178939819336e-01
3.233801126480102539e-01
-1.845327951014041901e-02
3.993113040924072266e-01
4.019238650798797607e-01
-2.553146518766880035e-02
3.877727687358856201e-01
4.324352741241455078e-01
-2.480137348175048828e-02
3.510066270828247070e-01
3.915765583515167236e-01
3.983992151916027069e-03
3.658416867256164551e-01
3.228705823421478271e-01
-2.427287958562374115e-02
3.637543022632598877e-01
4.146519601345062256e-01
-2.353034354746341705e-02
3.524930775165557861e-01
4.377496540546417236e-01
-1.469609048217535019e-02
3.100683093070983887e-01
3.956259489059448242e-01
-5.257596261799335480e-03
3.249402046203613281e-01
3.296436667442321777e-01
-3.803921490907669067e-02
3.284268379211425781e-01
4.220184683799743652e-01
-2.130831591784954071e-02
3.193177580833435059e-01
4.517820179462432861e-01
1.514999021310359240e-04
2.648102939128875732e-01
4.051449894905090332e-01
-1.516339927911758423e-02
2.844442129135131836e-01
3.467192053794860840e-01
-3.259844332933425903e-02
2.934180498123168945e-01
4.094163179397583008e-01
-1.612248457968235016e-02
2.873216867446899414e-01
4.409716427326202393e-01
2.248072065412998199e-03
