3.253147304058074951e-01
6.887580752372741699e-01
-4.859671207668725401e-07
2.681514620780944824e-01
6.033241152763366699e-01
1.737333089113235474e-02
2.607364058494567871e-01
5.013846755027770996e-01
2.089694328606128693e-02
2.645187973976135254e-01
4.080616831779479980e-01
2.278602682054042816e-02
2.552711367607116699e-01
3.537618815898895264e-01
2.756247296929359436e-02
2.690418362617492676e-01
4.456332027912139893e-01
-2.143648162018507719e-04
3.137754797935485840e-01
3.771502077579498291e-01
3.078593173995614052e-03
3.194297552108764648e-01
4.096972346305847168e-01
9.642633609473705292e-03
3.093901574611663818e-01
4.404584467411041260e-01
1.465148478746414185e-02
3.192602694034576416e-01
4.565830230712890625e-01
-1.164651010185480118e-02
3.561426103115081787e-01
3.989555835723876953e-01
4.858148749917745590e-03
3.596595525741577148e-01
4.269931912422180176e-01
1.660471223294734955e-02
3.504803478717803955e-01
4.511129558086395264e-01
1.917844824492931366e-02
3.705829977989196777e-01
4.785241484642028809e-01
-1.994679309427738190e-02
3.934517502784729004e-01
4.244047701358795166e-01
-5.373939406126737595e-03
3.958768248558044434e-01
4.524739980697631836e-01
1.068553794175386429e-02
3.881545364856719971e-01
4.766061007976531982e-01
1.560781337320804596e-02
4.156376123428344727e-01
5.068578124046325684e-01
-2.663371898233890533e-02
4.278530776500701904e-01
4.479972422122955322e-01
-1.066038198769092560e-02
4.275174140930175781e-01
4.765681922435760498e-01
9.582099504768848419e-03
4.230862557888031006e-01
5.010859370231628418e-01
2.163261920213699341e-02
