3.060764074325561523e-01
6.471445560455322266e-01
-5.315438897923741024e-07
3.755037784576416016e-01
6.018024682998657227e-01
-1.714832521975040436e-02
4.183747470378875732e-01
4.965095818042755127e-01
-1.950149796903133392e-02
4.342062175273895264e-01
4.026437103748321533e-01
-2.289308980107307434e-02
4.614861309528350830e-01
3.495828807353973389e-01
-1.937882043421268463e-02
3.864097595214843750e-01
4.248082935810089111e-01
5.552279180847108364e-04
4.029272198677062988e-01
3.482437729835510254e-01
-2.727806195616722107e-02
3.934534192085266113e-01
4.320248961448669434e-01
-3.381013497710227966e-02
3.821986913681030273e-01
4.632296562194824219e-01
-3.285038471221923828e-02
3.425525724887847900e-01
4.228466749191284180e-01
-2.327720867469906807e-03
3.562496900558471680e-01
3.487854301929473877e-01
-3.403906524181365967e-02
3.548698127269744873e-01
4.477063715457916260e-01
-3.292220830917358398e-02
3.447493612766265869e-01
4.743400812149047852e-01
-2.278560772538185120e-02
2.989348769187927246e-01
4.299005866050720215e-01
-1.066290400922298431e-02
3.107792735099792480e-01
3.576821386814117432e-01
-4.623632878065109253e-02
3.180764317512512207e-01
4.567171335220336914e-01
-2.774333395063877106e-02
3.113298714160919189e-01
4.909208714962005615e-01
-4.296668339520692825e-03
2.521715462207794189e-01
4.427939355373382568e-01
-2.004448510706424713e-02
2.664337158203125000e-01
3.807125389575958252e-01
-4.001844674348831177e-02
2.795390486717224121e-01
4.465783536434173584e-01
-2.293288335204124451e-02
2.774550616741180420e-01
4.810607433319091797e-01
-3.375607309862971306e-03
