6.024749279022216797e-01
6.505799293518066406e-01
-8.039355634537059814e-07
5.308045148849487305e-01
5.988665819168090820e-01
-1.843901723623275757e-02
4.938712120056152344e-01
4.822290837764739990e-01
-2.242773212492465973e-02
4.762649536132812500e-01
3.812945187091827393e-01
-2.959865890443325043e-02
4.461251497268676758e-01
3.189908862113952637e-01
-2.974633313715457916e-02
5.316352248191833496e-01
3.978563249111175537e-01
1.097943540662527084e-02
5.112015008926391602e-01
3.182725012302398682e-01
-2.223194576799869537e-02
5.147219896316528320e-01
4.085993766784667969e-01
-3.310823068022727966e-02
5.284866094589233398e-01
4.370714724063873291e-01
-3.485951945185661316e-02
5.756200551986694336e-01
4.028098285198211670e-01
6.733894348144531250e-03
5.509675145149230957e-01
3.325139582157135010e-01
-2.803598530590534210e-02
5.463030338287353516e-01
4.386442005634307861e-01
-2.568778395652770996e-02
5.641415715217590332e-01
4.522024989128112793e-01
-1.370740681886672974e-02
6.198118925094604492e-01
4.196726083755493164e-01
-5.356159992516040802e-03
5.967493653297424316e-01
3.477509617805480957e-01
-4.166672378778457642e-02
5.860623717308044434e-01
4.502665102481842041e-01
-1.819560676813125610e-02
6.019902825355529785e-01
4.737760424613952637e-01
8.484824560582637787e-03
6.629946231842041016e-01
4.405387341976165771e-01
-1.996266283094882965e-02
6.412816643714904785e-01
3.820534348487854004e-01
-3.644400089979171753e-02
6.258566379547119141e-01
4.436258375644683838e-01
-1.722582802176475525e-02
6.370219588279724121e-01
4.660435616970062256e-01
2.922330982983112335e-03
