6.188101768493652344e-01
7.450077533721923828e-01
-7.856701813580002636e-07
5.627269744873046875e-01
6.230858564376831055e-01
2.229901403188705444e-02
5.775563120841979980e-01
5.296912789344787598e-01
2.489416860044002533e-02
5.922755002975463867e-01
4.651695489883422852e-01
1.611645892262458801e-02
6.070535778999328613e-01
4.129964411258697510e-01
1.146805752068758011e-02
6.760025620460510254e-01
4.663889110088348389e-01
4.115965962409973145e-02
6.020319461822509766e-01
3.845220208168029785e-01
1.664786972105503082e-02
5.773247480392456055e-01
4.486379921436309814e-01
-1.292499247938394547e-03
5.918584465980529785e-01
4.906045496463775635e-01
-1.151825208216905594e-02
6.913735866546630859e-01
4.691540598869323730e-01
1.578401774168014526e-02
5.897709131240844727e-01
3.841477036476135254e-01
-1.276665367186069489e-02
5.688178539276123047e-01
4.590316414833068848e-01
-1.787085272371768951e-02
5.973852276802062988e-01
5.020821690559387207e-01
-1.521505694836378098e-02
6.951166391372680664e-01
4.866677224636077881e-01
-1.308546029031276703e-02
5.921061038970947266e-01
4.061565995216369629e-01
-3.398196026682853699e-02
5.708557963371276855e-01
4.785507321357727051e-01
-1.787960901856422424e-02
5.996297001838684082e-01
5.200624465942382812e-01
-3.200053004547953606e-03
6.855039000511169434e-01
5.117376446723937988e-01
-4.297034442424774170e-02
5.990830659866333008e-01
4.563816189765930176e-01
-5.320873111486434937e-02
5.842942595481872559e-01
5.061777234077453613e-01
-4.210524260997772217e-02
6.083148121833801270e-01
5.446289777755737305e-01
-3.083597123622894287e-02
