6.132684946060180664e-01
7.868767976760864258e-01
-2.365386109204337117e-07
6.856979727745056152e-01
7.040269970893859863e-01
2.122363634407520294e-02
7.118645906448364258e-01
5.999040603637695312e-01
2.569930814206600189e-02
7.273387908935546875e-01
4.973135590553283691e-01
2.836618572473526001e-02
7.473515272140502930e-01
4.390842914581298828e-01
3.163203969597816467e-02
7.064336538314819336e-01
5.532858371734619141e-01
-1.322966720908880234e-02
6.884475946426391602e-01
4.476168155670166016e-01
-9.606798179447650909e-03
6.867042779922485352e-01
4.871832132339477539e-01
-6.164354272186756134e-04
6.909501552581787109e-01
5.249358415603637695e-01
6.543868687003850937e-03
6.476637125015258789e-01
5.501947402954101562e-01
-2.241428196430206299e-02
6.415567398071289062e-01
4.651411175727844238e-01
-7.840915583074092865e-03
6.407440900802612305e-01
5.014511942863464355e-01
9.088150225579738617e-03
6.419731378555297852e-01
5.331975221633911133e-01
1.587693020701408386e-02
5.896145105361938477e-01
5.572991371154785156e-01
-2.701327204704284668e-02
5.942486524581909180e-01
4.884475767612457275e-01
-9.080540388822555542e-03
5.960503220558166504e-01
5.193900465965270996e-01
1.143573038280010223e-02
5.957600474357604980e-01
5.494893789291381836e-01
1.816036924719810486e-02
5.363963842391967773e-01
5.723721385002136230e-01
-2.943864464759826660e-02
5.512179136276245117e-01
5.136935710906982422e-01
-1.134908013045787811e-02
5.531576871871948242e-01
5.446740984916687012e-01
1.022822875529527664e-02
5.510095357894897461e-01
5.719121694564819336e-01
2.289100550115108490e-02
