3.484767079353332520e-01
8.811936974525451660e-01
-5.554433641918876674e-07
4.105589985847473145e-01
8.405119180679321289e-01
-3.158236294984817505e-02
4.463680088520050049e-01
7.524505853652954102e-01
-4.847272112965583801e-02
4.318629205226898193e-01
6.655172109603881836e-01
-6.315448135137557983e-02
3.851978778839111328e-01
6.213570833206176758e-01
-6.947599351406097412e-02
4.456835985183715820e-01
6.384265422821044922e-01
-3.416244685649871826e-02
4.650257825851440430e-01
5.493406653404235840e-01
-6.740394234657287598e-02
4.507086277008056641e-01
6.331622004508972168e-01
-8.201361447572708130e-02
4.389570355415344238e-01
6.788828969001770020e-01
-8.686886727809906006e-02
4.020483493804931641e-01
6.228274703025817871e-01
-3.228275105357170105e-02
4.150312840938568115e-01
5.397367477416992188e-01
-5.491739138960838318e-02
4.063751697540283203e-01
6.437208056449890137e-01
-5.391572043299674988e-02
4.115851521492004395e-01
6.579405069351196289e-01
-5.078041926026344299e-02
3.560625612735748291e-01
6.252347826957702637e-01
-3.582110628485679626e-02
3.681684732437133789e-01
5.667794346809387207e-01
-5.690050497651100159e-02
3.725079596042633057e-01
6.645695567131042480e-01
-4.289691522717475891e-02
3.733616471290588379e-01
7.209275960922241211e-01
-3.000440262258052826e-02
3.092932701110839844e-01
6.358698606491088867e-01
-4.288046061992645264e-02
3.069323599338531494e-01
5.339186787605285645e-01
-5.472986772656440735e-02
3.095526695251464844e-01
4.775666296482086182e-01
-5.117803812026977539e-02
3.139316141605377197e-01
4.209289550781250000e-01
-4.830438271164894104e-02
