6.113318204879760742e-01
7.169240713119506836e-01
-4.084238298673881218e-07
5.612226128578186035e-01
6.857039332389831543e-01
-2.205958403646945953e-02
5.188413858413696289e-01
6.123703718185424805e-01
-3.440278768539428711e-02
5.189066529273986816e-01
5.332340598106384277e-01
-4.679598659276962280e-02
5.558429956436157227e-01
4.834873080253601074e-01
-5.178516358137130737e-02
5.189571380615234375e-01
5.089770555496215820e-01
-1.351219601929187775e-02
4.982652664184570312e-01
4.461404681205749512e-01
-4.019077494740486145e-02
5.130662918090820312e-01
5.093555450439453125e-01
-4.798252880573272705e-02
5.277289748191833496e-01
5.455093979835510254e-01
-4.933735728263854980e-02
5.642134547233581543e-01
4.991729259490966797e-01
-1.302123814821243286e-02
5.508345961570739746e-01
4.516868591308593750e-01
-5.280063301324844360e-02
5.534426569938659668e-01
5.375771522521972656e-01
-5.886185914278030396e-02
5.590398311614990234e-01
5.837518572807312012e-01
-5.336228385567665100e-02
6.083056926727294922e-01
5.003471374511718750e-01
-1.782317459583282471e-02
5.978427529335021973e-01
4.580860733985900879e-01
-5.778995528817176819e-02
5.798027515411376953e-01
5.377616882324218750e-01
-5.681386217474937439e-02
5.701569318771362305e-01
5.916986465454101562e-01
-4.477204754948616028e-02
6.495239734649658203e-01
5.066247582435607910e-01
-2.388425730168819427e-02
6.720446944236755371e-01
4.281760156154632568e-01
-5.152799561619758606e-02
6.860668659210205078e-01
3.729879856109619141e-01
-6.259227544069290161e-02
6.952216625213623047e-01
3.129935264587402344e-01
-6.524236500263214111e-02
