3.118609189987182617e-01
7.959939241409301758e-01
-6.764705631212564185e-07
3.911515772342681885e-01
7.395337224006652832e-01
-5.320096015930175781e-02
4.331016838550567627e-01
6.184848546981811523e-01
-8.310103416442871094e-02
4.103673696517944336e-01
5.036013126373291016e-01
-1.084947511553764343e-01
3.432985544204711914e-01
4.420276880264282227e-01
-1.215353980660438538e-01
4.252583980560302734e-01
4.727222621440887451e-01
-5.844963714480400085e-02
4.494204223155975342e-01
3.534609377384185791e-01
-1.094948500394821167e-01
4.329099357128143311e-01
4.642435312271118164e-01
-1.323911249637603760e-01
4.197364747524261475e-01
5.263597369194030762e-01
-1.401191502809524536e-01
3.676981925964355469e-01
4.547322988510131836e-01
-5.136450380086898804e-02
3.800462484359741211e-01
3.512174189090728760e-01
-8.409526199102401733e-02
3.707456588745117188e-01
4.848015308380126953e-01
-8.350045233964920044e-02
3.822752535343170166e-01
4.875527620315551758e-01
-8.034911751747131348e-02
3.084549307823181152e-01
4.600670039653778076e-01
-5.297328531742095947e-02
3.216829299926757812e-01
3.979470133781433105e-01
-8.314615488052368164e-02
3.309901058673858643e-01
5.276515483856201172e-01
-6.596542149782180786e-02
3.358509540557861328e-01
6.051260828971862793e-01
-4.951241984963417053e-02
2.502435445785522461e-01
4.755170941352844238e-01
-6.049836054444313049e-02
2.479551136493682861e-01
3.417920470237731934e-01
-7.776023447513580322e-02
2.494234442710876465e-01
2.635945379734039307e-01
-7.609596848487854004e-02
2.520826458930969238e-01
1.912364661693572998e-01
-7.450464367866516113e-02
