3.654391467571258545e-01
8.245462179183959961e-01
-7.035953899503510911e-07
4.423174262046813965e-01
7.714098691940307617e-01
-4.543366283178329468e-02
4.931750893592834473e-01
6.470658779144287109e-01
-6.410915404558181763e-02
4.820049107074737549e-01
5.371695756912231445e-01
-8.482668548822402954e-02
4.139097929000854492e-01
4.861156642436981201e-01
-9.385238587856292725e-02
4.679757952690124512e-01
4.785206317901611328e-01
-8.242646232247352600e-03
4.961479902267456055e-01
4.039863646030426025e-01
-5.983375757932662964e-02
4.923083186149597168e-01
5.110459923744201660e-01
-8.076793700456619263e-02
4.924496710300445557e-01
5.621211528778076172e-01
-8.185540139675140381e-02
4.130247235298156738e-01
4.711560010910034180e-01
-1.028487086296081543e-02
4.355733096599578857e-01
4.074673652648925781e-01
-6.959907710552215576e-02
4.371708631515502930e-01
5.229711532592773438e-01
-8.284625411033630371e-02
4.445112943649291992e-01
5.645005106925964355e-01
-7.428995519876480103e-02
3.555122613906860352e-01
4.809316098690032959e-01
-2.439516037702560425e-02
3.760201632976531982e-01
4.421849548816680908e-01
-9.374911338090896606e-02
3.893654644489288330e-01
5.749701857566833496e-01
-9.620716422796249390e-02
3.954596817493438721e-01
6.512653827667236328e-01
-7.357927411794662476e-02
3.005690276622772217e-01
4.925745129585266113e-01
-4.200980439782142639e-02
2.990071773529052734e-01
3.660690784454345703e-01
-7.260624319314956665e-02
2.955228090286254883e-01
2.860671579837799072e-01
-7.369265705347061157e-02
2.976719439029693604e-01
2.041362822055816650e-01
-6.515856832265853882e-02
