1.920063942670822144e-01
8.586812615394592285e-01
-6.202363351803796832e-07
2.656694650650024414e-01
7.999114990234375000e-01
-5.438667163252830505e-02
2.898350358009338379e-01
6.784576177597045898e-01
-7.684719562530517578e-02
2.394512742757797241e-01
5.714910626411437988e-01
-9.696199744939804077e-02
1.628018468618392944e-01
5.273020267486572266e-01
-1.035352721810340881e-01
2.992580533027648926e-01
5.329805612564086914e-01
-2.589353546500205994e-02
2.910463809967041016e-01
4.251505732536315918e-01
-8.203142881393432617e-02
2.719478011131286621e-01
5.296194553375244141e-01
-1.044649183750152588e-01
2.760640978813171387e-01
5.866906642913818359e-01
-1.060437560081481934e-01
2.363871634006500244e-01
5.268524289131164551e-01
-2.056819573044776917e-02
2.191167026758193970e-01
4.384711384773254395e-01
-8.363869041204452515e-02
2.123080790042877197e-01
5.572832822799682617e-01
-9.396706521511077881e-02
2.270187437534332275e-01
6.018625497817993164e-01
-8.166337758302688599e-02
1.748710274696350098e-01
5.402858853340148926e-01
-2.714416198432445526e-02
1.546200215816497803e-01
4.941037297248840332e-01
-9.279265999794006348e-02
1.678264439105987549e-01
6.098477840423583984e-01
-9.041588753461837769e-02
1.887780129909515381e-01
6.747469305992126465e-01
-6.489564478397369385e-02
1.184097677469253540e-01
5.567998290061950684e-01
-3.779349848628044128e-02
1.108782738447189331e-01
4.414080381393432617e-01
-6.486916542053222656e-02
1.049222126603126526e-01
3.733009099960327148e-01
-6.240047141909599304e-02
1.042525395750999451e-01
3.065659701824188232e-01
-5.039225146174430847e-02
