2.635012567043304443e-01
8.836998343467712402e-01
-7.178755936365632806e-07
3.465006351470947266e-01
7.877965569496154785e-01
2.750923857092857361e-02
3.892000317573547363e-01
6.935132741928100586e-01
2.749465964734554291e-02
4.267161488533020020e-01
6.310303807258605957e-01
1.285969093441963196e-02
4.332716464996337891e-01
6.010352373123168945e-01
1.758357277140021324e-03
2.656304240226745605e-01
5.564526319503784180e-01
2.902942150831222534e-02
3.585466146469116211e-01
4.977340698242187500e-01
-3.229094436392188072e-03
3.836065530776977539e-01
5.777119398117065430e-01
-2.066993340849876404e-02
3.768239021301269531e-01
6.315501928329467773e-01
-2.546773478388786316e-02
2.460234612226486206e-01
5.679034590721130371e-01
-5.903990473598241806e-03
3.661504387855529785e-01
5.024952888488769531e-01
-4.731963202357292175e-02
3.925513625144958496e-01
6.032294631004333496e-01
-5.931001901626586914e-02
3.816738128662109375e-01
6.641317009925842285e-01
-5.679409950971603394e-02
2.420072853565216064e-01
5.920433402061462402e-01
-4.336895421147346497e-02
3.566567003726959229e-01
5.386975407600402832e-01
-8.152468502521514893e-02
3.825036585330963135e-01
6.327813267707824707e-01
-7.779549062252044678e-02
3.736492097377777100e-01
6.949881911277770996e-01
-6.223181635141372681e-02
2.528416812419891357e-01
6.221324205398559570e-01
-7.975292950868606567e-02
2.876250147819519043e-01
5.136193633079528809e-01
-1.001402214169502258e-01
3.034186363220214844e-01
4.381951987743377686e-01
-1.023925542831420898e-01
3.120118379592895508e-01
3.740707039833068848e-01
-9.941375255584716797e-02
