3.196350336074829102e-01
8.557969927787780762e-01
-6.709259992021543439e-07
2.652352154254913330e-01
7.430863380432128906e-01
3.221030533313751221e-02
2.561734318733215332e-01
6.459412574768066406e-01
3.788358718156814575e-02
2.871385216712951660e-01
5.755794644355773926e-01
3.905478864908218384e-02
3.323578238487243652e-01
5.580956339836120605e-01
4.157260060310363770e-02
2.554686665534973145e-01
5.769849419593811035e-01
-1.361358258873224258e-02
2.878759205341339111e-01
4.685011506080627441e-01
-1.257099863141775131e-02
2.997800111770629883e-01
5.071437358856201172e-01
6.776393856853246689e-04
2.930542230606079102e-01
5.440930724143981934e-01
1.223607175052165985e-02
3.118754327297210693e-01
5.860316157341003418e-01
-3.184968978166580200e-02
3.366734087467193604e-01
4.880073964595794678e-01
-2.279006503522396088e-02
3.438103795051574707e-01
5.259201526641845703e-01
-7.145550101995468140e-03
3.387483060359954834e-01
5.615813732147216797e-01
1.687824726104736328e-03
3.661906123161315918e-01
6.072711944580078125e-01
-4.390964284539222717e-02
3.749664723873138428e-01
5.213947296142578125e-01
-3.534312918782234192e-02
3.779342770576477051e-01
5.514389872550964355e-01
-1.945271156728267670e-02
3.714567720890045166e-01
5.839356780052185059e-01
-1.068273652344942093e-02
4.165896177291870117e-01
6.336103081703186035e-01
-5.211751163005828857e-02
4.169599115848541260e-01
4.984410107135772705e-01
-4.919648543000221252e-02
4.182202816009521484e-01
4.317152500152587891e-01
-3.942120447754859924e-02
4.162612557411193848e-01
3.802148997783660889e-01
-3.181607648730278015e-02
