3.727635741233825684e-01
8.637266159057617188e-01
-5.529955728889035527e-07
3.112995326519012451e-01
7.919129729270935059e-01
2.484956197440624237e-02
2.995889484882354736e-01
7.086052298545837402e-01
3.426308929920196533e-02
3.183765709400177002e-01
6.435154080390930176e-01
4.000622406601905823e-02
3.510608077049255371e-01
6.157978177070617676e-01
4.681825637817382812e-02
3.050208389759063721e-01
6.253383159637451172e-01
9.599043987691402435e-03
3.091697096824645996e-01
5.547520518302917480e-01
1.540058664977550507e-02
3.142741918563842773e-01
5.877830386161804199e-01
2.517356537282466888e-02
3.142617046833038330e-01
6.251667141914367676e-01
3.424777835607528687e-02
3.516911864280700684e-01
6.205030679702758789e-01
-2.765930956229567528e-03
3.507817089557647705e-01
5.559899210929870605e-01
7.402203045785427094e-03
3.512707948684692383e-01
5.862551331520080566e-01
1.558537501841783524e-02
3.506006598472595215e-01
6.186108589172363281e-01
2.052450552582740784e-02
3.953496217727661133e-01
6.315724849700927734e-01
-1.108257193118333817e-02
3.865938186645507812e-01
5.698279738426208496e-01
-6.089442875236272812e-03
3.828112781047821045e-01
5.937035083770751953e-01
1.330201281234622002e-03
3.804651796817779541e-01
6.221468448638916016e-01
6.407711654901504517e-03
4.343854486942291260e-01
6.499021649360656738e-01
-1.608824729919433594e-02
4.325802028179168701e-01
5.465447306632995605e-01
-1.306651346385478973e-02
4.311406910419464111e-01
4.927843213081359863e-01
-4.757113754749298096e-03
4.280513226985931396e-01
4.531198441982269287e-01
2.458999166265130043e-03
