2.742669582366943359e-01
7.955920696258544922e-01
-5.521771981875644997e-07
2.330381870269775391e-01
6.970928907394409180e-01
3.081082180142402649e-02
2.285076975822448730e-01
6.152359843254089355e-01
3.601441159844398499e-02
2.592514157295227051e-01
5.592310428619384766e-01
3.622395917773246765e-02
2.995991408824920654e-01
5.473144650459289551e-01
3.757994249463081360e-02
2.203764915466308594e-01
5.477758646011352539e-01
-2.724243095144629478e-03
2.616223394870758057e-01
4.709461629390716553e-01
2.429965650662779808e-03
2.752343416213989258e-01
5.080187320709228516e-01
1.542118843644857407e-02
2.666592299938201904e-01
5.414532423019409180e-01
2.532481402158737183e-02
2.667217254638671875e-01
5.545052289962768555e-01
-2.064718492329120636e-02
3.034029304981231689e-01
4.865636825561523438e-01
-9.787044487893581390e-03
3.134663403034210205e-01
5.242165923118591309e-01
3.041529795154929161e-03
3.065267205238342285e-01
5.554599761962890625e-01
9.267076849937438965e-03
3.136914074420928955e-01
5.744760632514953613e-01
-3.322250768542289734e-02
3.366272747516632080e-01
5.102789402008056641e-01
-2.442736178636550903e-02
3.428886532783508301e-01
5.422696471214294434e-01
-1.096944976598024368e-02
3.345951139926910400e-01
5.708959698677062988e-01
-4.225017968565225601e-03
3.582575619220733643e-01
6.012250185012817383e-01
-4.237087070941925049e-02
3.673067390918731689e-01
4.931519627571105957e-01
-3.836773335933685303e-02
3.732334971427917480e-01
4.392947554588317871e-01
-2.900916337966918945e-02
3.731384277343750000e-01
3.940006494522094727e-01
-2.224167436361312866e-02
