2.647534608840942383e-01
8.139922618865966797e-01
-7.764502925056149252e-07
2.629342377185821533e-01
7.206699848175048828e-01
5.393829196691513062e-02
2.734906077384948730e-01
6.384312510490417480e-01
6.902004778385162354e-02
3.154086470603942871e-01
5.863091945648193359e-01
7.006368786096572876e-02
3.583312630653381348e-01
5.659210085868835449e-01
7.103627175092697144e-02
2.297350764274597168e-01
5.368845462799072266e-01
3.632486611604690552e-02
3.205832839012145996e-01
4.803873002529144287e-01
2.626299858093261719e-02
3.481854498386383057e-01
5.433364510536193848e-01
2.199493907392024994e-02
3.427731692790985107e-01
5.896989703178405762e-01
2.235524356365203857e-02
2.419897764921188354e-01
5.466483831405639648e-01
-2.530949132051318884e-04
3.463246226310729980e-01
4.959315359592437744e-01
-1.142392400652170181e-02
3.651510477066040039e-01
5.690162777900695801e-01
-1.036145165562629700e-02
3.516430854797363281e-01
6.216257810592651367e-01
-5.721264984458684921e-03
2.674480676651000977e-01
5.669981837272644043e-01
-3.372717276215553284e-02
3.606927394866943359e-01
5.165140628814697266e-01
-4.076829552650451660e-02
3.706639111042022705e-01
5.950236916542053223e-01
-2.494341135025024414e-02
3.545650541782379150e-01
6.482000946998596191e-01
-1.004401128739118576e-02
3.013941645622253418e-01
5.904231667518615723e-01
-6.343592703342437744e-02
3.325486481189727783e-01
4.821954965591430664e-01
-7.119264453649520874e-02
3.540457785129547119e-01
4.215758144855499268e-01
-6.461919844150543213e-02
3.720080256462097168e-01
3.657200336456298828e-01
-5.661135539412498474e-02
