3.046908974647521973e-01
8.448032140731811523e-01
-5.796342179564817343e-07
3.771260082721710205e-01
8.051826953887939453e-01
-3.921116143465042114e-02
4.350126385688781738e-01
6.997318863868713379e-01
-5.631000548601150513e-02
4.253173172473907471e-01
5.957894325256347656e-01
-7.322686165571212769e-02
3.647085726261138916e-01
5.443480014801025391e-01
-7.950552552938461304e-02
4.128871858119964600e-01
5.670003890991210938e-01
-1.914445497095584869e-02
4.444205164909362793e-01
4.736695289611816406e-01
-6.457549333572387695e-02
4.284642338752746582e-01
5.741934776306152344e-01
-8.131977170705795288e-02
4.162259697914123535e-01
6.224049329757690430e-01
-8.167970180511474609e-02
3.647797703742980957e-01
5.556231737136840820e-01
-2.072918973863124847e-02
3.868967592716217041e-01
4.669130444526672363e-01
-7.216753810644149780e-02
3.812218904495239258e-01
5.703583955764770508e-01
-8.250499516725540161e-02
3.792342841625213623e-01
6.094382405281066895e-01
-7.400710880756378174e-02
3.145198822021484375e-01
5.598157644271850586e-01
-3.118341788649559021e-02
3.342775702476501465e-01
5.157588720321655273e-01
-8.452331274747848511e-02
3.452587425708770752e-01
6.288398504257202148e-01
-8.143690973520278931e-02
3.477217853069305420e-01
6.915869712829589844e-01
-6.002522259950637817e-02
2.665829062461853027e-01
5.663247108459472656e-01
-4.484009370207786560e-02
2.758202552795410156e-01
4.612099826335906982e-01
-6.802140176296234131e-02
2.850647866725921631e-01
3.956089615821838379e-01
-6.618751585483551025e-02
2.930847406387329102e-01
3.257841765880584717e-01
-5.722628161311149597e-02
