4.600740075111389160e-01
8.291555643081665039e-01
-6.790386919419688638e-07
5.464544296264648438e-01
7.743819355964660645e-01
-4.515812173485755920e-02
6.084545254707336426e-01
6.473271250724792480e-01
-6.552956998348236084e-02
5.989291667938232422e-01
5.255364179611206055e-01
-8.683063089847564697e-02
5.350069403648376465e-01
4.641714692115783691e-01
-9.649997204542160034e-02
5.918874740600585938e-01
4.891786575317382812e-01
-1.369316596537828445e-02
6.182321906089782715e-01
3.923969864845275879e-01
-6.796953082084655762e-02
6.063598394393920898e-01
5.035765767097473145e-01
-9.102384001016616821e-02
5.986247062683105469e-01
5.674189329147338867e-01
-9.255046397447586060e-02
5.320649743080139160e-01
4.799869656562805176e-01
-1.568464189767837524e-02
5.528537631034851074e-01
3.870254158973693848e-01
-7.801268249750137329e-02
5.514377951622009277e-01
5.099428296089172363e-01
-9.367487579584121704e-02
5.507966876029968262e-01
5.718507766723632812e-01
-8.458204567432403564e-02
4.712234139442443848e-01
4.884580373764038086e-01
-2.889312244951725006e-02
4.925410747528076172e-01
4.421585798263549805e-01
-9.413069486618041992e-02
5.089113116264343262e-01
5.706305503845214844e-01
-9.680968523025512695e-02
5.139776468276977539e-01
6.461522579193115234e-01
-7.473876327276229858e-02
4.140285253524780273e-01
5.018923282623291016e-01
-4.551365226507186890e-02
4.165307283401489258e-01
3.836303353309631348e-01
-7.161467522382736206e-02
4.215823113918304443e-01
3.109379410743713379e-01
-7.125046104192733765e-02
4.266307353973388672e-01
2.324154376983642578e-01
-6.207621097564697266e-02
