1.498433798551559448e-01
8.714917898178100586e-01
-6.642255812039365992e-07
2.330753654241561890e-01
8.083993792533874512e-01
-5.291849374771118164e-02
2.671113610267639160e-01
6.821694374084472656e-01
-7.296653091907501221e-02
2.196134924888610840e-01
5.678152441978454590e-01
-9.103851765394210815e-02
1.505176723003387451e-01
5.137087106704711914e-01
-9.573056548833847046e-02
2.687656283378601074e-01
5.449548959732055664e-01
-1.503318361937999725e-02
2.822077572345733643e-01
4.229234457015991211e-01
-6.977385282516479492e-02
2.626152634620666504e-01
5.272370576858520508e-01
-9.558753669261932373e-02
2.562170922756195068e-01
5.899830460548400879e-01
-9.945707023143768311e-02
2.063444554805755615e-01
5.336115360260009766e-01
-8.763213641941547394e-03
2.088601440191268921e-01
4.278483986854553223e-01
-6.641180813312530518e-02
1.999709010124206543e-01
5.505302548408508301e-01
-8.226598799228668213e-02
2.064581513404846191e-01
5.965922474861145020e-01
-7.560009509325027466e-02
1.460547000169754028e-01
5.394879579544067383e-01
-1.427790988236665726e-02
1.505471169948577881e-01
4.739356935024261475e-01
-7.189268618822097778e-02
1.600280106067657471e-01
5.890206098556518555e-01
-7.329861819744110107e-02
1.682699769735336304e-01
6.605131030082702637e-01
-5.309471860527992249e-02
9.130593389272689819e-02
5.503723025321960449e-01
-2.396324649453163147e-02
9.981480240821838379e-02
4.288814067840576172e-01
-4.408134147524833679e-02
1.063425540924072266e-01
3.583134412765502930e-01
-4.143873974680900574e-02
1.126322597265243530e-01
2.911014854907989502e-01
-3.160827234387397766e-02
