5.070019960403442383e-01
9.201918244361877441e-01
-6.561998020515602548e-07
4.224960803985595703e-01
8.926141262054443359e-01
-3.793092817068099976e-02
3.360233306884765625e-01
8.033663034439086914e-01
-5.835220962762832642e-02
3.028328418731689453e-01
6.928367614746093750e-01
-8.004429191350936890e-02
3.550309538841247559e-01
6.115783452987670898e-01
-9.072301536798477173e-02
3.153336942195892334e-01
6.428305506706237793e-01
-1.069710124284029007e-02
2.649898827075958252e-01
5.670270919799804688e-01
-5.174892395734786987e-02
2.960869669914245605e-01
6.538940668106079102e-01
-6.378895044326782227e-02
3.238129615783691406e-01
6.955137252807617188e-01
-6.397762149572372437e-02
3.760153055191040039e-01
6.133666634559631348e-01
-9.233289398252964020e-03
3.392513692378997803e-01
5.661932229995727539e-01
-7.193501293659210205e-02
3.630903959274291992e-01
6.930384635925292969e-01
-8.399188518524169922e-02
3.847774863243103027e-01
7.593269944190979004e-01
-7.481932640075683594e-02
4.410704374313354492e-01
5.970253348350524902e-01
-1.685517840087413788e-02
4.042887389659881592e-01
5.495777726173400879e-01
-8.175079524517059326e-02
3.986248672008514404e-01
6.738236546516418457e-01
-8.388023078441619873e-02
4.001846611499786377e-01
7.561268806457519531e-01
-6.429513543844223022e-02
5.039107799530029297e-01
5.854327678680419922e-01
-2.660297416150569916e-02
5.026354789733886719e-01
4.606345295906066895e-01
-6.298452615737915039e-02
4.974804520606994629e-01
3.764292597770690918e-01
-7.526976615190505981e-02
4.866638481616973877e-01
2.906614542007446289e-01
-7.500226795673370361e-02
