4.454248249530792236e-01
7.351471185684204102e-01
-4.923628011965774931e-07
3.864732980728149414e-01
7.171191573143005371e-01
-2.116971835494041443e-02
3.317411541938781738e-01
6.596050262451171875e-01
-3.527523577213287354e-02
3.071682453155517578e-01
5.957153439521789551e-01
-5.126362666487693787e-02
3.332352042198181152e-01
5.476397275924682617e-01
-6.098918989300727844e-02
3.221789300441741943e-01
5.494798421859741211e-01
-9.672651067376136780e-03
2.860266566276550293e-01
4.974840283393859863e-01
-3.906233236193656921e-02
3.001115024089813232e-01
5.541304945945739746e-01
-4.920639842748641968e-02
3.170911073684692383e-01
5.846648216247558594e-01
-4.963729158043861389e-02
3.615131378173828125e-01
5.328092575073242188e-01
-1.096808817237615585e-02
3.335337638854980469e-01
5.093063712120056152e-01
-5.405109375715255737e-02
3.483056426048278809e-01
5.940730571746826172e-01
-6.397964805364608765e-02
3.665959239006042480e-01
6.397637128829956055e-01
-5.853406712412834167e-02
4.023677110671997070e-01
5.239245891571044922e-01
-1.732548885047435760e-02
3.747551143169403076e-01
5.053265094757080078e-01
-5.994792655110359192e-02
3.712870776653289795e-01
5.864537954330444336e-01
-6.256486475467681885e-02
3.754707872867584229e-01
6.392179727554321289e-01
-4.988794401288032532e-02
4.414109587669372559e-01
5.173555612564086914e-01
-2.467663399875164032e-02
4.336876869201660156e-01
4.330608844757080078e-01
-4.708721488714218140e-02
4.227398335933685303e-01
3.770067691802978516e-01
-5.384840071201324463e-02
4.112421274185180664e-01
3.238460421562194824e-01
-5.227496102452278137e-02
