5.900463461875915527e-01
7.802432775497436523e-01
-9.042681767823523842e-07
5.244324207305908203e-01
7.051210999488830566e-01
3.037454001605510712e-02
5.139113664627075195e-01
6.268081665039062500e-01
4.080875962972640991e-02
5.050431489944458008e-01
5.619842410087585449e-01
3.858627751469612122e-02
5.073992609977722168e-01
5.139079689979553223e-01
3.991701453924179077e-02
6.273679733276367188e-01
5.606884360313415527e-01
6.710369139909744263e-02
5.592572689056396484e-01
5.066264271736145020e-01
5.363098531961441040e-02
5.301079154014587402e-01
5.583653450012207031e-01
4.049243405461311340e-02
5.301761627197265625e-01
5.995144844055175781e-01
3.795099630951881409e-02
6.380521059036254883e-01
5.618935823440551758e-01
4.031619802117347717e-02
5.459406375885009766e-01
4.864850640296936035e-01
1.611409708857536316e-02
5.222998261451721191e-01
5.541672706604003906e-01
4.097602140973322093e-05
5.289827585220336914e-01
6.105163693428039551e-01
-7.785945199429988861e-04
6.368064880371093750e-01
5.612873435020446777e-01
1.142031233757734299e-02
5.434341430664062500e-01
4.932498931884765625e-01
-4.992840345948934555e-03
5.180895328521728516e-01
5.660725235939025879e-01
-2.815682208165526390e-03
5.293669700622558594e-01
6.179631352424621582e-01
7.536329794675111771e-03
6.237213611602783203e-01
5.587880015373229980e-01
-1.622585579752922058e-02
6.056241989135742188e-01
4.613257348537445068e-01
-1.419940218329429626e-02
6.007855534553527832e-01
4.116679728031158447e-01
-5.365379154682159424e-03
6.093544960021972656e-01
3.642734885215759277e-01
4.088134039193391800e-03
