3.194264173507690430e-01
8.003942966461181641e-01
-7.250226872201892547e-07
3.791118860244750977e-01
7.435793280601501465e-01
2.126676030457019806e-02
4.033786654472351074e-01
6.876468658447265625e-01
2.591947093605995178e-02
4.235673844814300537e-01
6.494600772857666016e-01
2.100296318531036377e-02
4.356461167335510254e-01
6.262485980987548828e-01
1.817137002944946289e-02
3.148657381534576416e-01
5.692788958549499512e-01
2.364574559032917023e-02
3.929992020130157471e-01
5.442607998847961426e-01
5.228826194070279598e-04
4.125756919384002686e-01
6.073048710823059082e-01
-1.480363775044679642e-02
4.100430905818939209e-01
6.575856804847717285e-01
-1.950572244822978973e-02
3.109221458435058594e-01
5.697939991950988770e-01
-7.201526314020156860e-04
4.098676741123199463e-01
5.381890535354614258e-01
-3.234435617923736572e-02
4.226814508438110352e-01
6.156293749809265137e-01
-4.384689033031463623e-02
4.098558127880096436e-01
6.687549948692321777e-01
-4.200665280222892761e-02
3.215784132480621338e-01
5.822258591651916504e-01
-2.615155093371868134e-02
4.138589501380920410e-01
5.446336865425109863e-01
-5.465115234255790710e-02
4.281620085239410400e-01
6.176241636276245117e-01
-5.375699326395988464e-02
4.166747927665710449e-01
6.671032905578613281e-01
-4.201375320553779602e-02
3.412789404392242432e-01
5.997576117515563965e-01
-5.011669173836708069e-02
3.640877902507781982e-01
5.128682255744934082e-01
-6.746006011962890625e-02
3.751883208751678467e-01
4.567469656467437744e-01
-6.801249086856842041e-02
3.828669488430023193e-01
4.070333838462829590e-01
-6.276965141296386719e-02
