7.371981739997863770e-01
8.098677992820739746e-01
-3.058352433527034009e-07
8.150067925453186035e-01
7.569974064826965332e-01
1.257398352026939392e-02
8.382506370544433594e-01
6.749440431594848633e-01
1.544448360800743103e-02
8.301786184310913086e-01
6.070660948753356934e-01
1.769136823713779449e-02
8.077824115753173828e-01
5.712624788284301758e-01
2.228820882737636566e-02
8.215261101722717285e-01
6.150616407394409180e-01
-1.889551244676113129e-02
8.678636550903320312e-01
5.289222002029418945e-01
-2.338083460927009583e-02
8.636004328727722168e-01
5.710751414299011230e-01
-1.985942386090755463e-02
8.475170731544494629e-01
6.091788411140441895e-01
-1.497062016278505325e-02
7.758547663688659668e-01
5.926965475082397461e-01
-2.471790835261344910e-02
8.235434293746948242e-01
5.198059678077697754e-01
-1.667042449116706848e-02
8.236641883850097656e-01
5.618243813514709473e-01
-4.197403788566589355e-03
8.138933181762695312e-01
5.901435017585754395e-01
6.239044596441090107e-04
7.357767224311828613e-01
5.894169211387634277e-01
-2.772660739719867706e-02
7.824027538299560547e-01
5.192056894302368164e-01
-1.933820918202400208e-02
7.878118157386779785e-01
5.516643524169921875e-01
-6.747961975634098053e-03
7.770659923553466797e-01
5.805916786193847656e-01
-2.742484910413622856e-03
7.070779800415039062e-01
5.934265851974487305e-01
-2.905656769871711731e-02
7.315557599067687988e-01
4.958575665950775146e-01
-2.493908442556858063e-02
7.492421269416809082e-01
4.482806622982025146e-01
-1.949558034539222717e-02
7.593426704406738281e-01
4.108615219593048096e-01
-1.777739822864532471e-02
