6.981971263885498047e-01
7.945353984832763672e-01
-4.060575236053409753e-07
7.363268136978149414e-01
7.087489366531372070e-01
2.484395541250705719e-02
7.365009784698486328e-01
6.255299448966979980e-01
3.019743971526622772e-02
7.065629959106445312e-01
5.707504153251647949e-01
3.122483752667903900e-02
6.657530665397644043e-01
5.620912909507751465e-01
3.144710510969161987e-02
7.455060482025146484e-01
5.806142687797546387e-01
-3.207409055903553963e-03
7.149566411972045898e-01
4.924485683441162109e-01
-6.425187457352876663e-03
7.042127251625061035e-01
5.197879672050476074e-01
-2.921519335359334946e-03
7.062903642654418945e-01
5.504435896873474121e-01
1.404434442520141602e-03
7.022307515144348145e-01
5.879164934158325195e-01
-1.791195012629032135e-02
6.757643818855285645e-01
5.041137933731079102e-01
-1.652039401233196259e-02
6.676923036575317383e-01
5.391399264335632324e-01
-6.187494844198226929e-03
6.709303259849548340e-01
5.665941834449768066e-01
4.007980460301041603e-04
6.594117879867553711e-01
6.040105819702148438e-01
-2.909292839467525482e-02
6.409230828285217285e-01
5.134469270706176758e-01
-2.779611013829708099e-02
6.371449232101440430e-01
5.408083796501159668e-01
-1.546312496066093445e-02
6.414215564727783203e-01
5.693777799606323242e-01
-7.914421148598194122e-03
6.199219822883605957e-01
6.218270659446716309e-01
-3.722133487462997437e-02
6.107369065284729004e-01
5.199444890022277832e-01
-3.869167715311050415e-02
6.074084043502807617e-01
4.660470485687255859e-01
-3.359382972121238708e-02
6.070387363433837891e-01
4.218961000442504883e-01
-2.999518625438213348e-02
