7.913757562637329102e-01
7.928330898284912109e-01
-4.667256803259078879e-07
8.380536437034606934e-01
7.159335017204284668e-01
2.866792865097522736e-02
8.431760072708129883e-01
6.333190202713012695e-01
3.651717677712440491e-02
8.179354071617126465e-01
5.734094977378845215e-01
3.956494107842445374e-02
7.787840962409973145e-01
5.607153773307800293e-01
4.149378836154937744e-02
8.606137037277221680e-01
5.831182003021240234e-01
-3.372349237906746566e-05
8.283123373985290527e-01
4.976464509963989258e-01
-6.501422030851244926e-04
8.158906698226928711e-01
5.259568691253662109e-01
3.207129426300525665e-03
8.180639743804931641e-01
5.571602582931518555e-01
6.903743371367454529e-03
8.178809285163879395e-01
5.852440595626831055e-01
-1.569144427776336670e-02
7.894769310951232910e-01
5.047798752784729004e-01
-1.102327648550271988e-02
7.781949043273925781e-01
5.374774336814880371e-01
-5.683768540620803833e-04
7.813667058944702148e-01
5.640172958374023438e-01
4.582247231155633926e-03
7.736139297485351562e-01
5.960018634796142578e-01
-2.728741616010665894e-02
7.543584108352661133e-01
5.102737545967102051e-01
-2.315505035221576691e-02
7.472914457321166992e-01
5.371221303939819336e-01
-1.146033033728599548e-02
7.515008449554443359e-01
5.654901862144470215e-01
-5.817353259772062302e-03
7.324720025062561035e-01
6.083007454872131348e-01
-3.553384914994239807e-02
7.293083667755126953e-01
5.073940753936767578e-01
-3.631232306361198425e-02
7.279525995254516602e-01
4.535928964614868164e-01
-3.203726932406425476e-02
7.300565838813781738e-01
4.099965691566467285e-01
-2.967983484268188477e-02
