6.888254284858703613e-01
7.941712141036987305e-01
-3.744331991129001835e-07
7.324429750442504883e-01
7.046549916267395020e-01
2.739716693758964539e-02
7.325932383537292480e-01
6.242719292640686035e-01
3.660736605525016785e-02
7.027375698089599609e-01
5.760813951492309570e-01
4.165221750736236572e-02
6.649342179298400879e-01
5.691261887550354004e-01
4.611345380544662476e-02
7.337320446968078613e-01
5.829608440399169922e-01
1.629568869248032570e-03
7.136448025703430176e-01
4.908014535903930664e-01
1.901890616863965988e-03
7.079462409019470215e-01
5.193090438842773438e-01
7.053948007524013519e-03
7.109157443046569824e-01
5.513413548469543457e-01
1.228101179003715515e-02
6.875461935997009277e-01
5.889891982078552246e-01
-1.153790950775146484e-02
6.734172701835632324e-01
5.039379000663757324e-01
-4.683627281337976456e-03
6.709280610084533691e-01
5.393540263175964355e-01
7.340784184634685516e-03
6.758502125740051270e-01
5.654800534248352051e-01
1.403759233653545380e-02
6.439790725708007812e-01
6.054856181144714355e-01
-2.107345871627330780e-02
6.367787122726440430e-01
5.202628970146179199e-01
-1.491890754550695419e-02
6.382032036781311035e-01
5.468593239784240723e-01
-2.748545957729220390e-03
6.428934931755065918e-01
5.740016102790832520e-01
3.404529765248298645e-03
6.066768765449523926e-01
6.224140524864196777e-01
-2.739216387271881104e-02
6.002910137176513672e-01
5.224967002868652344e-01
-2.639977633953094482e-02
5.976904034614562988e-01
4.715859293937683105e-01
-2.158086001873016357e-02
5.967583060264587402e-01
4.313188195228576660e-01
-1.878671906888484955e-02
