5.797020196914672852e-01
6.388207077980041504e-01
-4.237247708260838408e-07
6.315470337867736816e-01
5.411485433578491211e-01
3.457877784967422485e-02
6.273897290229797363e-01
4.518527686595916748e-01
4.975858330726623535e-02
5.980686545372009277e-01
3.976257443428039551e-01
6.009123474359512329e-02
5.585427284240722656e-01
3.890684247016906738e-01
6.882756948471069336e-02
6.181268095970153809e-01
3.914502561092376709e-01
9.907920844852924347e-03
5.993304252624511719e-01
3.172987699508666992e-01
1.803842373192310333e-02
6.006638407707214355e-01
3.487050533294677734e-01
2.466555126011371613e-02
6.049174666404724121e-01
3.797400891780853271e-01
2.894594520330429077e-02
5.683583021163940430e-01
3.998668789863586426e-01
-4.681564867496490479e-03
5.578565001487731934e-01
3.335280418395996094e-01
1.451061386615037918e-02
5.594332814216613770e-01
3.681157827377319336e-01
2.894323691725730896e-02
5.635612607002258301e-01
3.938492238521575928e-01
3.349284455180168152e-02
5.213457942008972168e-01
4.245093464851379395e-01
-1.463044248521327972e-02
5.172367095947265625e-01
3.521974384784698486e-01
-5.243282066658139229e-05
5.205469727516174316e-01
3.781670928001403809e-01
1.225217897444963455e-02
5.240923762321472168e-01
4.056590199470520020e-01
1.494093332439661026e-02
4.828103780746459961e-01
4.505515694618225098e-01
-2.060616202652454376e-02
4.720177054405212402e-01
3.436627089977264404e-01
-1.678720489144325256e-02
4.696519374847412109e-01
2.908537387847900391e-01
-1.093434542417526245e-02
4.701569676399230957e-01
2.504169344902038574e-01
-8.681350387632846832e-03
