6.120420098304748535e-01
8.209353685379028320e-01
-3.695810164572321810e-07
6.611959934234619141e-01
7.342631220817565918e-01
2.844637632369995117e-02
6.641004681587219238e-01
6.502566337585449219e-01
3.700174391269683838e-02
6.352989077568054199e-01
5.980330109596252441e-01
4.139918833971023560e-02
5.964232087135314941e-01
5.844287872314453125e-01
4.530767351388931274e-02
6.655294299125671387e-01
6.017666459083557129e-01
-4.189594474155455828e-04
6.494117379188537598e-01
5.082464218139648438e-01
9.302481339545920491e-05
6.431753635406494141e-01
5.378186702728271484e-01
4.890382755547761917e-03
6.446223258972167969e-01
5.714258551597595215e-01
9.886954911053180695e-03
6.165653467178344727e-01
6.032749414443969727e-01
-1.395319681614637375e-02
6.070781350135803223e-01
5.199493765830993652e-01
-3.508053254336118698e-03
6.036229133605957031e-01
5.561019778251647949e-01
1.017991453409194946e-02
6.074493527412414551e-01
5.825651884078979492e-01
1.664737984538078308e-02
5.699115991592407227e-01
6.176474094390869141e-01
-2.347984351217746735e-02
5.676915645599365234e-01
5.329327583312988281e-01
-1.385133620351552963e-02
5.682362318038940430e-01
5.612350702285766602e-01
2.556720864959061146e-04
5.717989206314086914e-01
5.901212692260742188e-01
6.277523934841156006e-03
5.308538675308227539e-01
6.337068676948547363e-01
-2.976358681917190552e-02
5.306672453880310059e-01
5.291104912757873535e-01
-2.606970444321632385e-02
5.320831537246704102e-01
4.773104786872863770e-01
-1.905298233032226562e-02
5.345993638038635254e-01
4.368087053298950195e-01
-1.534158643335103989e-02
