6.472224593162536621e-01
7.087904214859008789e-01
-4.825297992283594795e-07
6.924239397048950195e-01
6.040035486221313477e-01
3.781312331557273865e-02
6.897958517074584961e-01
5.113012194633483887e-01
5.151185765862464905e-02
6.577271819114685059e-01
4.562649726867675781e-01
5.905858799815177917e-02
6.142442822456359863e-01
4.491519927978515625e-01
6.503172218799591064e-02
6.912227272987365723e-01
4.495096206665039062e-01
1.097147632390260696e-02
6.576136946678161621e-01
3.682007789611816406e-01
1.629193685948848724e-02
6.510391235351562500e-01
4.008837044239044189e-01
2.220119722187519073e-02
6.559567451477050781e-01
4.339341521263122559e-01
2.641112171113491058e-02
6.424673199653625488e-01
4.580453932285308838e-01
-7.160549517720937729e-03
6.141706705093383789e-01
3.844132721424102783e-01
7.130556274205446243e-03
6.091080307960510254e-01
4.259340465068817139e-01
2.106014266610145569e-02
6.151763200759887695e-01
4.536999464035034180e-01
2.683124877512454987e-02
5.933285951614379883e-01
4.813353419303894043e-01
-2.033021487295627594e-02
5.751269459724426270e-01
3.984450101852416992e-01
-8.750108070671558380e-03
5.728150010108947754e-01
4.309867024421691895e-01
5.863127764314413071e-03
5.788076519966125488e-01
4.620092809200286865e-01
1.154756452888250351e-02
5.492757558822631836e-01
5.086192488670349121e-01
-2.932913601398468018e-02
5.376248359680175781e-01
3.964985311031341553e-01
-2.745530009269714355e-02
5.336805582046508789e-01
3.409398794174194336e-01
-2.066394872963428497e-02
5.342418551445007324e-01
2.969112396240234375e-01
-1.674092002213001251e-02
