7.503221035003662109e-01
6.521913409233093262e-01
-5.999971790515701286e-07
7.967267036437988281e-01
5.552325248718261719e-01
3.964630514383316040e-02
7.981856465339660645e-01
4.664815068244934082e-01
5.342726036906242371e-02
7.699826359748840332e-01
4.027986228466033936e-01
6.074074283242225647e-02
7.309666275978088379e-01
3.902593255043029785e-01
6.660240888595581055e-02
8.071138858795166016e-01
3.901552557945251465e-01
9.875995106995105743e-03
7.545530200004577637e-01
3.218022584915161133e-01
1.986640319228172302e-02
7.378367185592651367e-01
3.585691452026367188e-01
3.129579126834869385e-02
7.424541115760803223e-01
3.943517506122589111e-01
3.890693560242652893e-02
7.631196379661560059e-01
3.953587412834167480e-01
-1.026918925344944000e-02
7.158923149108886719e-01
3.361876010894775391e-01
4.372965544462203979e-03
7.028892040252685547e-01
3.769524097442626953e-01
1.738949120044708252e-02
7.103723287582397461e-01
4.071280658245086670e-01
2.214044146239757538e-02
7.168356776237487793e-01
4.161673784255981445e-01
-2.429909631609916687e-02
6.790342926979064941e-01
3.482981324195861816e-01
-1.219116058200597763e-02
6.693564057350158691e-01
3.838117122650146484e-01
7.186968578025698662e-04
6.782264709472656250e-01
4.147197306156158447e-01
4.688200540840625763e-03
6.723299622535705566e-01
4.433140754699707031e-01
-3.388654440641403198e-02
6.582397222518920898e-01
3.369655013084411621e-01
-3.070618584752082825e-02
6.513292789459228516e-01
2.824785113334655762e-01
-2.386952377855777740e-02
6.512446403503417969e-01
2.374123185873031616e-01
-2.018614113330841064e-02
