6.364687085151672363e-01
9.210424423217773438e-01
-3.890244499871187145e-07
6.830489039421081543e-01
8.465517163276672363e-01
2.114120684564113617e-02
6.920235753059387207e-01
7.667682766914367676e-01
2.390001527965068817e-02
6.687824130058288574e-01
7.092683911323547363e-01
2.313714660704135895e-02
6.295405626296997070e-01
6.968440413475036621e-01
2.180249989032745361e-02
7.062227725982666016e-01
7.311556339263916016e-01
-8.649392053484916687e-03
6.871175765991210938e-01
6.337049007415771484e-01
-1.413733512163162231e-02
6.746534109115600586e-01
6.609224677085876465e-01
-1.250931154936552048e-02
6.744179725646972656e-01
6.914986968040466309e-01
-1.008807495236396790e-02
6.635075211524963379e-01
7.308157682418823242e-01
-2.262948639690876007e-02
6.457321643829345703e-01
6.359103322029113770e-01
-2.433632686734199524e-02
6.359273791313171387e-01
6.698057055473327637e-01
-1.552272494882345200e-02
6.377997398376464844e-01
6.970664858818054199e-01
-1.023220736533403397e-02
6.197200417518615723e-01
7.391859889030456543e-01
-3.332293406128883362e-02
6.114020943641662598e-01
6.420151591300964355e-01
-3.316579759120941162e-02
6.065211892127990723e-01
6.693750619888305664e-01
-2.113992162048816681e-02
6.091170907020568848e-01
6.986528635025024414e-01
-1.407349761575460434e-02
5.792022943496704102e-01
7.495140433311462402e-01
-4.141737148165702820e-02
5.830557942390441895e-01
6.513671875000000000e-01
-4.295494407415390015e-02
5.874627828598022461e-01
5.988873243331909180e-01
-3.864454105496406555e-02
5.930448770523071289e-01
5.558651685714721680e-01
-3.629643097519874573e-02
