7.593288421630859375e-01
7.635069489479064941e-01
-6.020748628543515224e-07
7.988451719284057617e-01
6.640539169311523438e-01
4.601569101214408875e-02
7.976714968681335449e-01
5.748992562294006348e-01
6.020670011639595032e-02
7.711833715438842773e-01
5.118898749351501465e-01
6.675571203231811523e-02
7.315220236778259277e-01
4.994607269763946533e-01
7.136087119579315186e-02
8.175258636474609375e-01
5.142769217491149902e-01
9.577803313732147217e-03
7.680156230926513672e-01
4.216114878654479980e-01
1.598156616091728210e-02
7.496970891952514648e-01
4.549134671688079834e-01
2.560956776142120361e-02
7.523657083511352539e-01
4.877232313156127930e-01
3.218274936079978943e-02
7.761707305908203125e-01
5.216101408004760742e-01
-1.399285160005092621e-02
7.317404747009277344e-01
4.319332242012023926e-01
-1.470520975999534130e-03
7.163825631141662598e-01
4.711117744445800781e-01
1.393291633576154709e-02
7.220647931098937988e-01
5.008457303047180176e-01
2.053478360176086426e-02
7.310590147972106934e-01
5.397579669952392578e-01
-3.124884888529777527e-02
6.984450817108154297e-01
4.452702701091766357e-01
-1.792134530842304230e-02
6.867102980613708496e-01
4.781504869461059570e-01
-6.221591029316186905e-04
6.924538016319274902e-01
5.088898539543151855e-01
5.556337535381317139e-03
6.865872740745544434e-01
5.614981055259704590e-01
-4.386543110013008118e-02
6.736965775489807129e-01
4.473389685153961182e-01
-4.117889329791069031e-02
6.692396402359008789e-01
3.899835348129272461e-01
-3.428070619702339172e-02
6.712907552719116211e-01
3.422477841377258301e-01
-3.102759830653667450e-02
