5.934675931930541992e-01
7.520550489425659180e-01
-4.541703901850269176e-07
6.430483460426330566e-01
6.460827589035034180e-01
3.279360756278038025e-02
6.396948695182800293e-01
5.498882532119750977e-01
4.434575885534286499e-02
6.057153344154357910e-01
4.931204915046691895e-01
5.118700116872787476e-02
5.616009831428527832e-01
4.894693791866302490e-01
5.696281045675277710e-02
6.378715038299560547e-01
5.032577514648437500e-01
-1.441490312572568655e-04
6.123374700546264648e-01
4.073759913444519043e-01
6.431669462472200394e-04
6.082414388656616211e-01
4.402087032794952393e-01
5.732298363000154495e-03
6.122825741767883301e-01
4.748274385929107666e-01
1.005739439278841019e-02
5.863545536994934082e-01
5.125149488449096680e-01
-1.602085307240486145e-02
5.668033957481384277e-01
4.235533177852630615e-01
-6.264282856136560440e-03
5.647140741348266602e-01
4.633210897445678711e-01
8.448503911495208740e-03
5.706749558448791504e-01
4.912384152412414551e-01
1.511344779282808304e-02
5.369048714637756348e-01
5.338241457939147949e-01
-2.738750353455543518e-02
5.276123285293579102e-01
4.411765933036804199e-01
-1.969348080456256866e-02
5.278125405311584473e-01
4.704730212688446045e-01
-4.539576359093189240e-03
5.322158932685852051e-01
5.010256171226501465e-01
2.101155929267406464e-03
4.942785799503326416e-01
5.558525323867797852e-01
-3.494106233119964600e-02
4.880167841911315918e-01
4.419846534729003906e-01
-3.483925759792327881e-02
4.865060448646545410e-01
3.848718404769897461e-01
-2.911376208066940308e-02
4.869438409805297852e-01
3.398320972919464111e-01
-2.630811370909214020e-02
