7.774030566215515137e-01
7.135313749313354492e-01
-6.349411592054821085e-07
8.208073377609252930e-01
6.145887374877929688e-01
4.354692250490188599e-02
8.215783834457397461e-01
5.227128863334655762e-01
5.685866624116897583e-02
7.947990298271179199e-01
4.564353227615356445e-01
6.329199671745300293e-02
7.541856765747070312e-01
4.408691227436065674e-01
6.814434379339218140e-02
8.412973284721374512e-01
4.542173445224761963e-01
6.843167357146739960e-03
7.896255850791931152e-01
3.651039600372314453e-01
1.395390089601278305e-02
7.699446082115173340e-01
4.006379842758178711e-01
2.491527609527111053e-02
7.721865177154541016e-01
4.373935461044311523e-01
3.269176930189132690e-02
7.977992296218872070e-01
4.596375823020935059e-01
-1.553176995366811752e-02
7.516551613807678223e-01
3.762766718864440918e-01
-3.589883213862776756e-03
7.358117699623107910e-01
4.169035255908966064e-01
1.073873322457075119e-02
7.413224577903747559e-01
4.493387639522552490e-01
1.688470691442489624e-02
7.505671977996826172e-01
4.766573011875152588e-01
-3.128116205334663391e-02
7.161697745323181152e-01
3.910433948040008545e-01
-1.877462491393089294e-02
7.047528028488159180e-01
4.258084893226623535e-01
-3.046624595299363136e-03
7.111812829971313477e-01
4.567068219184875488e-01
2.401592209935188293e-03
7.036157846450805664e-01
4.986145198345184326e-01
-4.227316752076148987e-02
6.923400163650512695e-01
3.856943249702453613e-01
-3.877105936408042908e-02
6.892566680908203125e-01
3.306604027748107910e-01
-3.087636269629001617e-02
6.924963593482971191e-01
2.828965783119201660e-01
-2.667392231523990631e-02
