7.445989847183227539e-01
8.675810694694519043e-01
-5.949841010988166090e-07
7.853633165359497070e-01
7.750293016433715820e-01
3.340844064950942993e-02
7.897808551788330078e-01
6.797072887420654297e-01
3.928444162011146545e-02
7.621247172355651855e-01
6.111918091773986816e-01
4.012057930231094360e-02
7.196592688560485840e-01
5.972622036933898926e-01
3.998893499374389648e-02
8.183898925781250000e-01
6.316187381744384766e-01
-1.254014205187559128e-02
7.717743515968322754e-01
5.177106857299804688e-01
-1.676261425018310547e-02
7.482485771179199219e-01
5.535615682601928711e-01
-1.076880283653736115e-02
7.507505416870117188e-01
5.876366496086120605e-01
-5.800572223961353302e-03
7.758786678314208984e-01
6.429372429847717285e-01
-3.359364718198776245e-02
7.318493127822875977e-01
5.293773412704467773e-01
-3.434517979621887207e-02
7.131942510604858398e-01
5.686816573143005371e-01
-1.956771127879619598e-02
7.179593443870544434e-01
5.997910499572753906e-01
-1.141971349716186523e-02
7.276355028152465820e-01
6.595285534858703613e-01
-4.947290197014808655e-02
6.964558362960815430e-01
5.414902567863464355e-01
-4.739902541041374207e-02
6.837153434753417969e-01
5.731041431427001953e-01
-2.814426086843013763e-02
6.898635029792785645e-01
6.065596938133239746e-01
-1.808274164795875549e-02
6.789990663528442383e-01
6.751086115837097168e-01
-6.173887848854064941e-02
6.715088486671447754e-01
5.533983111381530762e-01
-6.665638834238052368e-02
6.727533340454101562e-01
4.881145954132080078e-01
-6.213020905852317810e-02
6.808805465698242188e-01
4.344152510166168213e-01
-5.983670800924301147e-02
