5.309339761734008789e-01
8.520880937576293945e-01
-4.421175390234566294e-07
5.885325074195861816e-01
7.622890472412109375e-01
3.036828339099884033e-02
5.910347104072570801e-01
6.678944230079650879e-01
4.236452654004096985e-02
5.601679682731628418e-01
6.085389256477355957e-01
5.073710530996322632e-02
5.180543065071105957e-01
5.930060148239135742e-01
5.910445004701614380e-02
5.873357057571411133e-01
6.237487196922302246e-01
-3.226641332730650902e-03
5.810563564300537109e-01
5.147103071212768555e-01
-2.658125944435596466e-03
5.753552317619323730e-01
5.485233068466186523e-01
4.724953323602676392e-03
5.743187665939331055e-01
5.865702033042907715e-01
1.157427858561277390e-02
5.349103212356567383e-01
6.236082315444946289e-01
-1.613852940499782562e-02
5.352370738983154297e-01
5.226819515228271484e-01
-6.365864071995019913e-03
5.333822965621948242e-01
5.625004768371582031e-01
1.023846026510000229e-02
5.351749658584594727e-01
5.938190221786499023e-01
1.873207464814186096e-02
4.859729707241058350e-01
6.357692480087280273e-01
-2.505888044834136963e-02
4.911875128746032715e-01
5.352188944816589355e-01
-1.668048091232776642e-02
4.948531985282897949e-01
5.655954480171203613e-01
-2.024654299020767212e-03
4.965646862983703613e-01
5.983430743217468262e-01
4.017623141407966614e-03
4.462739229202270508e-01
6.464112997055053711e-01
-3.035723790526390076e-02
4.457666277885437012e-01
5.323656797409057617e-01
-3.133030608296394348e-02
4.469482302665710449e-01
4.731683135032653809e-01
-2.951650880277156830e-02
4.476037025451660156e-01
4.259171783924102783e-01
-2.987719699740409851e-02
