2.728536128997802734e-01
9.617390632629394531e-01
-6.796216212023864500e-07
3.429169356822967529e-01
8.943578600883483887e-01
-5.567283555865287781e-02
3.654050529003143311e-01
7.622413039207458496e-01
-8.395824581384658813e-02
3.192127346992492676e-01
6.552835702896118164e-01
-1.078260838985443115e-01
2.469137758016586304e-01
6.105322241783142090e-01
-1.196582615375518799e-01
3.584440946578979492e-01
6.183281540870666504e-01
-4.922297969460487366e-02
3.625144064426422119e-01
5.015943646430969238e-01
-9.525062888860702515e-02
3.519242405891418457e-01
6.137447953224182129e-01
-1.215310469269752502e-01
3.494934141635894775e-01
6.635495424270629883e-01
-1.356120407581329346e-01
2.971012592315673828e-01
6.038751602172851562e-01
-3.995535895228385925e-02
3.014979660511016846e-01
4.930560886859893799e-01
-5.967303737998008728e-02
2.923548221588134766e-01
6.406148076057434082e-01
-5.631838738918304443e-02
3.051576614379882812e-01
6.223928332328796387e-01
-5.647070705890655518e-02
2.377898544073104858e-01
6.141302585601806641e-01
-4.008328542113304138e-02
2.449428141117095947e-01
5.211810469627380371e-01
-5.486245453357696533e-02
2.505965232849121094e-01
6.414157152175903320e-01
-3.490304574370384216e-02
2.596237361431121826e-01
7.109311223030090332e-01
-2.352483384311199188e-02
1.815564483404159546e-01
6.392520070075988770e-01
-4.743336141109466553e-02
1.729421317577362061e-01
5.045664906501770020e-01
-5.354388058185577393e-02
1.675002872943878174e-01
4.304259121417999268e-01
-4.966805502772331238e-02
1.692203879356384277e-01
3.681610822677612305e-01
-5.091462284326553345e-02
