3.850435912609100342e-01
7.912523746490478516e-01
-8.399924809054937214e-07
4.673597216606140137e-01
7.218152284622192383e-01
-5.729104205965995789e-02
5.190706253051757812e-01
5.736289024353027344e-01
-8.397848159074783325e-02
4.732076525688171387e-01
4.520736038684844971e-01
-1.059439256787300110e-01
3.975136280059814453e-01
3.956457674503326416e-01
-1.132657527923583984e-01
5.031673908233642578e-01
4.179317951202392578e-01
-5.201442167162895203e-02
5.187237262725830078e-01
2.759507894515991211e-01
-1.044172346591949463e-01
5.032161474227905273e-01
4.137780964374542236e-01
-1.281068325042724609e-01
4.941820502281188965e-01
4.756886363029479980e-01
-1.373367458581924438e-01
4.348677992820739746e-01
4.009523987770080566e-01
-4.675162956118583679e-02
4.459910690784454346e-01
2.709773480892181396e-01
-8.740931749343872070e-02
4.399628341197967529e-01
4.329540729522705078e-01
-9.319241344928741455e-02
4.492016136646270752e-01
4.536134600639343262e-01
-9.285895526409149170e-02
3.683918714523315430e-01
4.097171723842620850e-01
-5.070259422063827515e-02
3.746127486228942871e-01
3.128477334976196289e-01
-8.803673088550567627e-02
3.887781202793121338e-01
4.548170566558837891e-01
-7.405285537242889404e-02
3.997931778430938721e-01
5.283777117729187012e-01
-5.932760238647460938e-02
3.027534186840057373e-01
4.311060905456542969e-01
-6.054857373237609863e-02
2.952032983303070068e-01
2.967615723609924316e-01
-7.542839646339416504e-02
2.922126948833465576e-01
2.241436690092086792e-01
-7.090659439563751221e-02
2.902630269527435303e-01
1.410542428493499756e-01
-6.873358041048049927e-02
