5.260698199272155762e-01
9.969675540924072266e-01
-7.979870702001790050e-07
4.317477941513061523e-01
9.596558809280395508e-01
-5.637055635452270508e-02
3.503734767436981201e-01
8.654773235321044922e-01
-9.247171133756637573e-02
3.415616750717163086e-01
7.545355558395385742e-01
-1.269912868738174438e-01
4.123139679431915283e-01
6.822168827056884766e-01
-1.463780552148818970e-01
3.377232551574707031e-01
6.476574540138244629e-01
-4.739684611558914185e-02
2.803317904472351074e-01
5.780246257781982422e-01
-1.111154034733772278e-01
3.185063004493713379e-01
7.011901736259460449e-01
-1.320263296365737915e-01
3.478016257286071777e-01
7.379962205886840820e-01
-1.349793523550033569e-01
4.099044203758239746e-01
6.229661107063293457e-01
-4.401320219039916992e-02
3.714039325714111328e-01
5.886227488517761230e-01
-1.137787029147148132e-01
3.958908021450042725e-01
7.271436452865600586e-01
-1.190426349639892578e-01
4.064411818981170654e-01
7.476680874824523926e-01
-1.075215712189674377e-01
4.838883280754089355e-01
6.210045218467712402e-01
-5.226512625813484192e-02
4.551266729831695557e-01
5.955528020858764648e-01
-1.298109292984008789e-01
4.540231525897979736e-01
7.465716600418090820e-01
-1.217178478837013245e-01
4.549489319324493408e-01
8.171198964118957520e-01
-9.250507503747940063e-02
5.548012256622314453e-01
6.212135553359985352e-01
-6.434090435504913330e-02
5.422538518905639648e-01
4.780813455581665039e-01
-1.091879308223724365e-01
5.306712985038757324e-01
3.812471330165863037e-01
-1.160765290260314941e-01
5.172941088676452637e-01
2.806669175624847412e-01
-1.091291904449462891e-01
