4.802849590778350830e-01
7.716248035430908203e-01
-5.845703299200977199e-07
4.239127635955810547e-01
7.461358904838562012e-01
-2.350651845335960388e-02
3.746717572212219238e-01
6.773534417152404785e-01
-3.813111409544944763e-02
3.612571656703948975e-01
6.029884815216064453e-01
-5.452851578593254089e-02
3.917602300643920898e-01
5.527648329734802246e-01
-6.402764469385147095e-02
3.738842010498046875e-01
5.630523562431335449e-01
-1.291920803487300873e-02
3.396981954574584961e-01
5.025365352630615234e-01
-4.689130559563636780e-02
3.538208305835723877e-01
5.671949386596679688e-01
-5.881306529045104980e-02
3.704451322555541992e-01
6.024464964866638184e-01
-5.933226644992828369e-02
4.156843721866607666e-01
5.537443757057189941e-01
-1.411479711532592773e-02
3.886944651603698730e-01
5.197018980979919434e-01
-6.027516350150108337e-02
3.992488384246826172e-01
6.098734140396118164e-01
-7.025750726461410522e-02
4.125451445579528809e-01
6.580796241760253906e-01
-6.439743936061859131e-02
4.593939483165740967e-01
5.526165962219238281e-01
-2.102145738899707794e-02
4.317411184310913086e-01
5.272711515426635742e-01
-6.665417551994323730e-02
4.204961359500885010e-01
6.114650368690490723e-01
-6.832315772771835327e-02
4.177774488925933838e-01
6.650953888893127441e-01
-5.412717536091804504e-02
5.014342069625854492e-01
5.520746707916259766e-01
-2.919010818004608154e-02
4.928209781646728516e-01
4.654923677444458008e-01
-5.330772325396537781e-02
4.804385602474212646e-01
4.075116515159606934e-01
-5.976951122283935547e-02
4.681286811828613281e-01
3.522306978702545166e-01
-5.758344009518623352e-02
