6.882073283195495605e-01
7.801527380943298340e-01
-4.638323787276021903e-07
6.360033154487609863e-01
7.496697306632995605e-01
-2.179255709052085876e-02
6.017534136772155762e-01
6.701897382736206055e-01
-3.378071263432502747e-02
6.114732027053833008e-01
5.902667045593261719e-01
-4.734922200441360474e-02
6.481602787971496582e-01
5.476819276809692383e-01
-5.399840325117111206e-02
6.014305353164672852e-01
5.716391205787658691e-01
-7.152796257287263870e-03
5.826249122619628906e-01
5.039601325988769531e-01
-3.911583870649337769e-02
5.932462811470031738e-01
5.668103694915771484e-01
-5.207038670778274536e-02
6.041190624237060547e-01
6.032253503799438477e-01
-5.433623492717742920e-02
6.436877250671386719e-01
5.600748062133789062e-01
-7.626510690897703171e-03
6.301062703132629395e-01
5.115633606910705566e-01
-4.634165391325950623e-02
6.336688399314880371e-01
5.901025533676147461e-01
-5.377091467380523682e-02
6.403021216392517090e-01
6.266790628433227539e-01
-4.887127131223678589e-02
6.865465641021728516e-01
5.595179796218872070e-01
-1.423393841832876205e-02
6.765738129615783691e-01
5.217679738998413086e-01
-5.395189672708511353e-02
6.630662679672241211e-01
6.043488383293151855e-01
-5.103169754147529602e-02
6.568267941474914551e-01
6.570414900779724121e-01
-3.640645369887351990e-02
7.269437909126281738e-01
5.617448091506958008e-01
-2.254042029380798340e-02
7.352070212364196777e-01
4.816784560680389404e-01
-4.432014375925064087e-02
7.363289594650268555e-01
4.272344708442687988e-01
-4.854669421911239624e-02
7.351120710372924805e-01
3.723360896110534668e-01
-4.603236168622970581e-02
