5.464369654655456543e-01
7.408117651939392090e-01
-4.422208235155267175e-07
5.001428127288818359e-01
7.126110792160034180e-01
-2.010638266801834106e-02
4.553227126598358154e-01
6.377725601196289062e-01
-3.129728510975837708e-02
4.494469761848449707e-01
5.627964138984680176e-01
-4.277250170707702637e-02
4.872051775455474854e-01
5.189585089683532715e-01
-4.708674550056457520e-02
4.604499936103820801e-01
5.373867750167846680e-01
-1.381656434386968613e-02
4.315464496612548828e-01
4.813159108161926270e-01
-3.826341778039932251e-02
4.454838633537292480e-01
5.453285574913024902e-01
-4.410420730710029602e-02
4.615993499755859375e-01
5.795310735702514648e-01
-4.441482946276664734e-02
5.018770098686218262e-01
5.291558504104614258e-01
-1.387630682438611984e-02
4.790391027927398682e-01
4.890519678592681885e-01
-5.028835684061050415e-02
4.818761646747589111e-01
5.698174834251403809e-01
-5.468868464231491089e-02
4.892992377281188965e-01
6.125693917274475098e-01
-4.910020902752876282e-02
5.447530746459960938e-01
5.314588546752929688e-01
-1.885123364627361298e-02
5.214985609054565430e-01
4.947419166564941406e-01
-5.702343583106994629e-02
5.028493404388427734e-01
5.703790783882141113e-01
-5.623342841863632202e-02
4.942992925643920898e-01
6.215294599533081055e-01
-4.497828707098960876e-02
5.859652161598205566e-01
5.358204245567321777e-01
-2.479814365506172180e-02
6.022390723228454590e-01
4.568698406219482422e-01
-5.042563751339912415e-02
6.117666363716125488e-01
4.033691287040710449e-01
-6.063222140073776245e-02
6.164937615394592285e-01
3.461828529834747314e-01
-6.342889368534088135e-02
