8.477926254272460938e-01
7.729116678237915039e-01
-5.420705520009505562e-07
7.580120563507080078e-01
6.798521280288696289e-01
-2.902523614466190338e-03
6.547955870628356934e-01
6.187273263931274414e-01
-2.486699819564819336e-02
5.684775114059448242e-01
6.001065969467163086e-01
-5.025856569409370422e-02
4.901236295700073242e-01
5.679678916931152344e-01
-7.779424637556076050e-02
6.388078331947326660e-01
4.922239184379577637e-01
-4.576747864484786987e-02
5.147098302841186523e-01
5.136588811874389648e-01
-8.154572546482086182e-02
4.384964406490325928e-01
5.175848603248596191e-01
-1.068201363086700439e-01
3.709367215633392334e-01
5.139358043670654297e-01
-1.274444460868835449e-01
6.729998588562011719e-01
5.415560007095336914e-01
-6.940738856792449951e-02
5.215966105461120605e-01
6.404423713684082031e-01
-1.085312739014625549e-01
4.374263882637023926e-01
7.018438577651977539e-01
-1.278803497552871704e-01
3.668450713157653809e-01
7.418588399887084961e-01
-1.459299474954605103e-01
7.094829678535461426e-01
6.164892315864562988e-01
-9.137222915887832642e-02
5.744509696960449219e-01
7.343180179595947266e-01
-1.276480853557586670e-01
6.178863644599914551e-01
7.525035142898559570e-01
-1.159644648432731628e-01
6.627598404884338379e-01
7.341604828834533691e-01
-1.074655652046203613e-01
7.421582937240600586e-01
6.958357691764831543e-01
-1.135025545954704285e-01
6.253291964530944824e-01
7.789523601531982422e-01
-1.426304578781127930e-01
6.539812088012695312e-01
7.911890745162963867e-01
-1.302375793457031250e-01
6.953904628753662109e-01
7.675095200538635254e-01
-1.187130287289619446e-01
