1.112987875938415527e+00
5.355397462844848633e-01
2.623173713800497353e-07
1.020346879959106445e+00
5.185936093330383301e-01
7.115186192095279694e-03
9.324961304664611816e-01
5.164790749549865723e-01
-2.895826101303100586e-02
8.633871078491210938e-01
5.334011316299438477e-01
-6.576219946146011353e-02
8.064242601394653320e-01
5.194637775421142578e-01
-1.031438484787940979e-01
9.199645519256591797e-01
4.323413372039794922e-01
-1.144048348069190979e-01
7.992536425590515137e-01
4.692447781562805176e-01
-1.556926220655441284e-01
7.332663536071777344e-01
4.768924117088317871e-01
-1.745004355907440186e-01
6.758249998092651367e-01
4.822341799736022949e-01
-1.898549795150756836e-01
9.615287780761718750e-01
4.704861044883728027e-01
-1.411037445068359375e-01
8.376833200454711914e-01
5.726408958435058594e-01
-1.931103020906448364e-01
7.589710950851440430e-01
6.455171108245849609e-01
-2.059843987226486206e-01
7.037521600723266602e-01
6.990454196929931641e-01
-2.208009958267211914e-01
9.996107220649719238e-01
5.387492179870605469e-01
-1.583178490400314331e-01
8.952968120574951172e-01
6.479880809783935547e-01
-1.737340688705444336e-01
9.199831485748291016e-01
6.682746410369873047e-01
-1.267824321985244751e-01
9.495385885238647461e-01
6.591328978538513184e-01
-1.001419052481651306e-01
1.028822541236877441e+00
6.035388112068176270e-01
-1.765018999576568604e-01
9.436523318290710449e-01
6.906049847602844238e-01
-1.782992333173751831e-01
9.512055516242980957e-01
7.049931287765502930e-01
-1.444496363401412964e-01
9.679836630821228027e-01
7.011570334434509277e-01
-1.219664588570594788e-01
