1.638179570436477661e-01
7.499702572822570801e-01
1.084944756257755216e-06
2.349821925163269043e-01
6.754384636878967285e-01
-5.960498005151748657e-03
3.349249064922332764e-01
6.507972478866577148e-01
-2.621554024517536163e-02
4.184215664863586426e-01
6.669845581054687500e-01
-4.746235907077789307e-02
4.793900847434997559e-01
6.676135659217834473e-01
-6.663069874048233032e-02
3.550954461097717285e-01
5.652941465377807617e-01
-5.850605666637420654e-02
4.709862768650054932e-01
6.155130267143249512e-01
-9.000591188669204712e-02
5.364644527435302734e-01
6.416460275650024414e-01
-1.086644083261489868e-01
5.896079540252685547e-01
6.641676425933837891e-01
-1.218909844756126404e-01
3.297501802444458008e-01
6.177566647529602051e-01
-7.482977956533432007e-02
4.486918747425079346e-01
7.202228903770446777e-01
-1.092142090201377869e-01
5.105052590370178223e-01
7.830268144607543945e-01
-1.186339333653450012e-01
5.608010888099670410e-01
8.299636244773864746e-01
-1.282474994659423828e-01
3.029010295867919922e-01
6.831526756286621094e-01
-8.851221203804016113e-02
4.061807990074157715e-01
7.851133346557617188e-01
-1.110831573605537415e-01
3.724889159202575684e-01
7.792196273803710938e-01
-9.233175963163375854e-02
3.392794132232666016e-01
7.540228366851806641e-01
-8.107455074787139893e-02
2.790597677230834961e-01
7.510536909103393555e-01
-1.040770709514617920e-01
3.697106540203094482e-01
8.193993568420410156e-01
-1.151412427425384521e-01
3.502185642719268799e-01
8.127958178520202637e-01
-9.741748124361038208e-02
3.221948146820068359e-01
7.874239683151245117e-01
-8.471397310495376587e-02
