2.141149640083312988e-01
7.259595394134521484e-01
7.853407169022830203e-07
2.677951157093048096e-01
6.532351970672607422e-01
3.336061490699648857e-03
3.448998630046844482e-01
6.081078052520751953e-01
-8.544090203940868378e-03
4.117522239685058594e-01
6.033428311347961426e-01
-2.391243353486061096e-02
4.597679972648620605e-01
6.032410264015197754e-01
-3.744557499885559082e-02
3.577461242675781250e-01
5.264946222305297852e-01
-2.685284055769443512e-02
4.506267309188842773e-01
5.458146929740905762e-01
-4.998005926609039307e-02
5.043244361877441406e-01
5.626006126403808594e-01
-6.591707468032836914e-02
5.464621186256408691e-01
5.803282260894775391e-01
-7.730426639318466187e-02
3.448280692100524902e-01
5.637497901916503906e-01
-4.346247017383575439e-02
4.431185722351074219e-01
6.371188163757324219e-01
-6.811701506376266479e-02
4.900735616683959961e-01
6.909807324409484863e-01
-7.519631832838058472e-02
5.270951986312866211e-01
7.275577783584594727e-01
-8.220569044351577759e-02
3.306652009487152100e-01
6.153849959373474121e-01
-5.861408263444900513e-02
4.135001897811889648e-01
6.877623796463012695e-01
-7.500271499156951904e-02
3.831476271152496338e-01
6.989672183990478516e-01
-6.078771129250526428e-02
3.548862636089324951e-01
6.892590522766113281e-01
-5.214509367942810059e-02
3.182687461376190186e-01
6.735682487487792969e-01
-7.497467845678329468e-02
3.955515325069427490e-01
7.232422232627868652e-01
-8.095356822013854980e-02
3.766529858112335205e-01
7.316167354583740234e-01
-6.539560854434967041e-02
3.519712686538696289e-01
7.217451333999633789e-01
-5.431871488690376282e-02
