2.824571728706359863e-01
7.903687357902526855e-01
1.071452743417466991e-06
3.482627868652343750e-01
6.948671936988830566e-01
-5.729534314014017582e-04
4.477608501911163330e-01
6.388722062110900879e-01
-2.207955345511436462e-02
5.346636176109313965e-01
6.286870837211608887e-01
-4.536544904112815857e-02
5.972234010696411133e-01
6.138020753860473633e-01
-6.637310981750488281e-02
4.495044052600860596e-01
5.449024438858032227e-01
-6.535460054874420166e-02
5.755137801170349121e-01
5.475757122039794922e-01
-1.011436358094215393e-01
6.492104530334472656e-01
5.612478852272033691e-01
-1.228111535310745239e-01
7.072622776031494141e-01
5.812982916831970215e-01
-1.372174173593521118e-01
4.317857921123504639e-01
6.048724055290222168e-01
-8.513485640287399292e-02
5.728658437728881836e-01
6.801545619964599609e-01
-1.246842294931411743e-01
6.427658796310424805e-01
7.332419157028198242e-01
-1.337463259696960449e-01
6.947759389877319336e-01
7.741762399673461914e-01
-1.421109735965728760e-01
4.158723950386047363e-01
6.810786724090576172e-01
-1.009963378310203552e-01
5.390505194664001465e-01
7.562119960784912109e-01
-1.231009662151336670e-01
5.040185451507568359e-01
7.628693580627441406e-01
-9.847458451986312866e-02
4.647140502929687500e-01
7.502056360244750977e-01
-8.332291990518569946e-02
4.037854969501495361e-01
7.604722976684570312e-01
-1.186182945966720581e-01
5.110343694686889648e-01
8.052396774291992188e-01
-1.254002153873443604e-01
4.908121526241302490e-01
8.048152327537536621e-01
-1.009109616279602051e-01
4.582892358303070068e-01
7.891266942024230957e-01
-8.345378190279006958e-02
