5.482126772403717041e-02
7.758692502975463867e-01
1.079306457540951669e-06
1.253528296947479248e-01
6.886111497879028320e-01
6.360040279105305672e-04
2.061045169830322266e-01
6.231062412261962891e-01
-2.446403168141841888e-02
2.764455974102020264e-01
6.139535307884216309e-01
-5.411759391427040100e-02
3.310668468475341797e-01
5.977602005004882812e-01
-8.366645127534866333e-02
1.974403709173202515e-01
5.091509222984313965e-01
-6.100044772028923035e-02
3.103836774826049805e-01
5.203552842140197754e-01
-1.006334051489830017e-01
3.804834485054016113e-01
5.380012989044189453e-01
-1.295755654573440552e-01
4.386985898017883301e-01
5.581266880035400391e-01
-1.511691361665725708e-01
1.600350588560104370e-01
5.614573359489440918e-01
-8.775854110717773438e-02
2.957954406738281250e-01
6.523180603981018066e-01
-1.327632814645767212e-01
3.701657056808471680e-01
7.114597558975219727e-01
-1.498529911041259766e-01
4.277256131172180176e-01
7.490268945693969727e-01
-1.654810607433319092e-01
1.286351084709167480e-01
6.368377804756164551e-01
-1.113997101783752441e-01
2.573384940624237061e-01
7.171964645385742188e-01
-1.400557607412338257e-01
2.326402217149734497e-01
7.283092141151428223e-01
-1.214400082826614380e-01
1.966125369071960449e-01
7.148436307907104492e-01
-1.123264655470848083e-01
1.052083373069763184e-01
7.147995233535766602e-01
-1.371328532695770264e-01
2.253378778696060181e-01
7.616322040557861328e-01
-1.536535620689392090e-01
2.191016376018524170e-01
7.637450695037841797e-01
-1.344531476497650146e-01
1.911242306232452393e-01
7.501537203788757324e-01
-1.213311851024627686e-01
