1.933469176292419434e-01
7.588702440261840820e-01
8.906444008971448056e-07
2.512259185314178467e-01
6.729432940483093262e-01
-1.029364531859755516e-03
3.306888341903686523e-01
6.065571904182434082e-01
-1.754340156912803650e-02
4.032685458660125732e-01
5.861729383468627930e-01
-3.745805844664573669e-02
4.567388892173767090e-01
5.725668668746948242e-01
-5.603341013193130493e-02
3.268854618072509766e-01
5.076749324798583984e-01
-3.922233730554580688e-02
4.325947463512420654e-01
5.127286911010742188e-01
-6.993339955806732178e-02
4.946170151233673096e-01
5.222659707069396973e-01
-9.106840193271636963e-02
5.446488261222839355e-01
5.358132123947143555e-01
-1.057065203785896301e-01
3.086581528186798096e-01
5.549620985984802246e-01
-5.723061040043830872e-02
4.304774403572082520e-01
6.171652674674987793e-01
-8.962806314229965210e-02
4.878722429275512695e-01
6.658793687820434570e-01
-9.907699376344680786e-02
5.329183340072631836e-01
6.985830664634704590e-01
-1.078140512108802795e-01
2.930887341499328613e-01
6.172425150871276855e-01
-7.395499944686889648e-02
4.019938409328460693e-01
6.815739870071411133e-01
-9.753480553627014160e-02
3.697488307952880859e-01
6.985197663307189941e-01
-8.312413096427917480e-02
3.370370864868164062e-01
6.925522685050964355e-01
-7.388050854206085205e-02
2.823024988174438477e-01
6.845078468322753906e-01
-9.213908016681671143e-02
3.778025507926940918e-01
7.237406969070434570e-01
-1.033992841839790344e-01
3.589099943637847900e-01
7.323358058929443359e-01
-8.782684803009033203e-02
3.306677341461181641e-01
7.222371697425842285e-01
-7.628797739744186401e-02
