2.941711843013763428e-01
7.455585598945617676e-01
8.346177082785288803e-07
3.503144979476928711e-01
6.611371040344238281e-01
5.724978633224964142e-03
4.387556910514831543e-01
6.162115931510925293e-01
-7.972353138029575348e-03
5.156052708625793457e-01
6.142295002937316895e-01
-2.443903684616088867e-02
5.726026892662048340e-01
6.171940565109252930e-01
-3.931265696883201599e-02
4.546446204185485840e-01
5.375756621360778809e-01
-4.141822457313537598e-02
5.570622682571411133e-01
5.576595664024353027e-01
-6.523394584655761719e-02
6.144449710845947266e-01
5.765444040298461914e-01
-7.918787747621536255e-02
6.588366031646728516e-01
5.961648821830749512e-01
-8.893357962369918823e-02
4.440417885780334473e-01
5.830243825912475586e-01
-5.909251794219017029e-02
5.548694133758544922e-01
6.560828089714050293e-01
-8.196552097797393799e-02
6.095160841941833496e-01
7.117229104042053223e-01
-8.545013517141342163e-02
6.496526002883911133e-01
7.526519298553466797e-01
-9.116871654987335205e-02
4.309362471103668213e-01
6.440470814704895020e-01
-7.385950535535812378e-02
5.248706936836242676e-01
7.191138267517089844e-01
-8.615671098232269287e-02
4.960256218910217285e-01
7.305704355239868164e-01
-6.801482290029525757e-02
4.655719995498657227e-01
7.218856811523437500e-01
-5.838475003838539124e-02
4.184485375881195068e-01
7.098752856254577637e-01
-8.955632150173187256e-02
5.020866394042968750e-01
7.594269514083862305e-01
-9.172818809747695923e-02
4.817945361137390137e-01
7.635977268218994141e-01
-7.357749342918395996e-02
4.526712596416473389e-01
7.511968612670898438e-01
-6.162210926413536072e-02
