9.923048317432403564e-02
7.305749058723449707e-01
1.131480189542344306e-06
1.679906547069549561e-01
6.615411043167114258e-01
-5.103082861751317978e-03
2.573839724063873291e-01
6.241894364356994629e-01
-3.084164671599864960e-02
3.306303322315216064e-01
6.413929462432861328e-01
-5.904549732804298401e-02
3.893465697765350342e-01
6.474900841712951660e-01
-8.723944425582885742e-02
2.638455033302307129e-01
5.272666215896606445e-01
-6.828605383634567261e-02
3.711275458335876465e-01
5.657634139060974121e-01
-1.061420738697052002e-01
4.347233772277832031e-01
5.955801606178283691e-01
-1.328761428594589233e-01
4.880825281143188477e-01
6.246268749237060547e-01
-1.522753089666366577e-01
2.265058457851409912e-01
5.745275020599365234e-01
-8.905156701803207397e-02
3.447948098182678223e-01
6.868373155593872070e-01
-1.299996674060821533e-01
4.125402569770812988e-01
7.518415451049804688e-01
-1.445582807064056396e-01
4.682672023773193359e-01
7.982083559036254883e-01
-1.588570922613143921e-01
1.909254044294357300e-01
6.397745609283447266e-01
-1.067443862557411194e-01
3.012408316135406494e-01
7.438806891441345215e-01
-1.318284422159194946e-01
2.754948139190673828e-01
7.435328960418701172e-01
-1.136180460453033447e-01
2.439496070146560669e-01
7.230739593505859375e-01
-1.047031730413436890e-01
1.615252494812011719e-01
7.076693773269653320e-01
-1.267142742872238159e-01
2.671906352043151855e-01
7.771371006965637207e-01
-1.395639628171920776e-01
2.604027092456817627e-01
7.744813561439514160e-01
-1.210179924964904785e-01
2.365836650133132935e-01
7.558942437171936035e-01
-1.087427586317062378e-01
