1.896782666444778442e-01
4.917384982109069824e-01
1.040041865962848533e-06
2.702154219150543213e-01
4.692406356334686279e-01
-3.215379081666469574e-03
3.599462509155273438e-01
4.979919791221618652e-01
-2.416002936661243439e-02
4.203042089939117432e-01
5.542838573455810547e-01
-4.660915583372116089e-02
4.699678122997283936e-01
5.840459465980529785e-01
-6.792885065078735352e-02
3.999287188053131104e-01
4.352723360061645508e-01
-6.292913109064102173e-02
4.875168800354003906e-01
5.228978991508483887e-01
-9.720637649297714233e-02
5.411632061004638672e-01
5.734469890594482422e-01
-1.188716515898704529e-01
5.840407609939575195e-01
6.171523928642272949e-01
-1.342953592538833618e-01
3.612796962261199951e-01
4.587106406688690186e-01
-8.072588592767715454e-02
4.298043251037597656e-01
6.090288758277893066e-01
-1.188778579235076904e-01
4.682941734790802002e-01
6.980895996093750000e-01
-1.298812180757522583e-01
5.004088878631591797e-01
7.673923969268798828e-01
-1.402389109134674072e-01
3.167257606983184814e-01
4.939029216766357422e-01
-9.540796279907226562e-02
3.750424683094024658e-01
6.408442258834838867e-01
-1.182892993092536926e-01
3.515336811542510986e-01
6.285704374313354492e-01
-9.944447875022888184e-02
3.303434252738952637e-01
5.964124202728271484e-01
-8.853270858526229858e-02
2.733859419822692871e-01
5.335222482681274414e-01
-1.119753271341323853e-01
3.312637805938720703e-01
6.471670866012573242e-01
-1.231673061847686768e-01
3.203159570693969727e-01
6.368778347969055176e-01
-1.061201542615890503e-01
3.034721314907073975e-01
6.041158437728881836e-01
-9.417589008808135986e-02
