2.616086602210998535e-01
7.286621332168579102e-01
1.168753897218266502e-06
3.286507129669189453e-01
6.372511982917785645e-01
-3.835961688309907913e-03
4.337493181228637695e-01
6.002913117408752441e-01
-2.636030502617359161e-02
5.244706273078918457e-01
6.134026646614074707e-01
-5.011227726936340332e-02
5.898706316947937012e-01
6.170676350593566895e-01
-7.202251255512237549e-02
4.449951052665710449e-01
5.124282240867614746e-01
-6.871705502271652222e-02
5.713133811950683594e-01
5.468446016311645508e-01
-1.037917137145996094e-01
6.437199711799621582e-01
5.697215795516967773e-01
-1.243657544255256653e-01
7.011779546737670898e-01
5.908136963844299316e-01
-1.384360492229461670e-01
4.228130877017974854e-01
5.710155963897705078e-01
-8.658108115196228027e-02
5.554050803184509277e-01
6.599464416503906250e-01
-1.230852454900741577e-01
6.292336583137512207e-01
7.164218425750732422e-01
-1.311242580413818359e-01
6.869688630104064941e-01
7.582975625991821289e-01
-1.402052491903305054e-01
4.008652865886688232e-01
6.436710953712463379e-01
-1.009730696678161621e-01
5.169920921325683594e-01
7.337461113929748535e-01
-1.222460195422172546e-01
4.823867082595825195e-01
7.317488193511962891e-01
-9.953798353672027588e-02
4.440157115459442139e-01
7.113189101219177246e-01
-8.631474524736404419e-02
3.819707036018371582e-01
7.185771465301513672e-01
-1.174009293317794800e-01
4.829820692539215088e-01
7.764981985092163086e-01
-1.258780360221862793e-01
4.622946977615356445e-01
7.722334861755371094e-01
-1.051116958260536194e-01
4.301977157592773438e-01
7.512510418891906738e-01
-9.069613367319107056e-02
