2.574141919612884521e-01
7.532450556755065918e-01
1.113367034122347832e-06
3.236400485038757324e-01
6.592364311218261719e-01
-4.000560380518436432e-03
4.267612993717193604e-01
6.249337792396545410e-01
-2.678213827311992645e-02
5.160465836524963379e-01
6.425627470016479492e-01
-5.011390522122383118e-02
5.818507671356201172e-01
6.495357155799865723e-01
-7.136428356170654297e-02
4.397263526916503906e-01
5.488744974136352539e-01
-7.175572961568832397e-02
5.652159452438354492e-01
5.847375392913818359e-01
-1.053674519062042236e-01
6.359933614730834961e-01
6.087322831153869629e-01
-1.237781643867492676e-01
6.909887790679931641e-01
6.301490664482116699e-01
-1.360769122838973999e-01
4.186891913414001465e-01
6.115311980247497559e-01
-8.872673660516738892e-02
5.510769486427307129e-01
6.962926387786865234e-01
-1.228361055254936218e-01
6.221039295196533203e-01
7.512579560279846191e-01
-1.289655268192291260e-01
6.764016151428222656e-01
7.911274433135986328e-01
-1.368002444505691528e-01
3.977782130241394043e-01
6.866971254348754883e-01
-1.018033623695373535e-01
5.144680142402648926e-01
7.700423002243041992e-01
-1.207335218787193298e-01
4.822450876235961914e-01
7.685903906822204590e-01
-9.583263844251632690e-02
4.441258907318115234e-01
7.490777969360351562e-01
-8.123664557933807373e-02
3.793636858463287354e-01
7.622010707855224609e-01
-1.168659403920173645e-01
4.798955321311950684e-01
8.138348460197448730e-01
-1.230710223317146301e-01
4.603750407695770264e-01
8.084791302680969238e-01
-1.004674062132835388e-01
4.275923967361450195e-01
7.874628901481628418e-01
-8.489666134119033813e-02
