2.473425120115280151e-01
7.016811370849609375e-01
1.345352075077244081e-06
3.227261900901794434e-01
6.219883561134338379e-01
3.969133540522307158e-04
4.244555830955505371e-01
5.830841064453125000e-01
-2.270708233118057251e-02
5.041232109069824219e-01
5.973249077796936035e-01
-4.975556954741477966e-02
5.571706295013427734e-01
6.035633683204650879e-01
-7.612114399671554565e-02
4.153034985065460205e-01
4.877502024173736572e-01
-6.118144840002059937e-02
5.325477123260498047e-01
5.251450538635253906e-01
-9.996166825294494629e-02
6.038581132888793945e-01
5.609928965568542480e-01
-1.280314773321151733e-01
6.638950109481811523e-01
5.976908802986145020e-01
-1.491185277700424194e-01
3.828793168067932129e-01
5.440169572830200195e-01
-8.656290918588638306e-02
5.229836106300354004e-01
6.553834080696105957e-01
-1.307252198457717896e-01
6.005553007125854492e-01
7.276718020439147949e-01
-1.479022949934005737e-01
6.656180620193481445e-01
7.770352959632873535e-01
-1.635069251060485840e-01
3.523333668708801270e-01
6.155958175659179688e-01
-1.085406169295310974e-01
4.713186919689178467e-01
7.072858214378356934e-01
-1.370229572057723999e-01
4.414595365524291992e-01
7.102333307266235352e-01
-1.196268945932388306e-01
4.103081226348876953e-01
6.911614537239074707e-01
-1.108367890119552612e-01
3.285831212997436523e-01
6.889848113059997559e-01
-1.325533986091613770e-01
4.393779635429382324e-01
7.526997327804565430e-01
-1.472799479961395264e-01
4.247010648250579834e-01
7.523218393325805664e-01
-1.282507926225662231e-01
3.948882818222045898e-01
7.362589240074157715e-01
-1.157103702425956726e-01
