3.885399699211120605e-01
6.236734986305236816e-01
-3.746680192762141814e-07
4.420150816440582275e-01
6.146928668022155762e-01
-5.960957333445549011e-02
4.806825816631317139e-01
5.978662967681884766e-01
-1.042312234640121460e-01
4.756345152854919434e-01
5.801593065261840820e-01
-1.425235569477081299e-01
4.408075809478759766e-01
5.607623457908630371e-01
-1.781047880649566650e-01
4.221649765968322754e-01
4.105495214462280273e-01
-9.230288863182067871e-02
4.391227364540100098e-01
4.631822109222412109e-01
-1.626732498407363892e-01
4.617271423339843750e-01
5.269465446472167969e-01
-2.058009505271911621e-01
4.782035350799560547e-01
5.875133275985717773e-01
-2.241255939006805420e-01
3.562681674957275391e-01
4.156313538551330566e-01
-8.431258797645568848e-02
3.695963323116302490e-01
5.716310143470764160e-01
-1.573865860700607300e-01
3.779456615447998047e-01
6.917587518692016602e-01
-1.759089976549148560e-01
3.792512416839599609e-01
7.735246419906616211e-01
-1.722616702318191528e-01
3.060881197452545166e-01
4.618130326271057129e-01
-8.221558481454849243e-02
3.363404572010040283e-01
6.078841686248779297e-01
-1.437000781297683716e-01
3.684297800064086914e-01
6.633347868919372559e-01
-1.384187936782836914e-01
3.909739255905151367e-01
6.857277750968933105e-01
-1.181069910526275635e-01
2.729137539863586426e-01
5.189164876937866211e-01
-8.479997515678405762e-02
2.962559163570404053e-01
6.171777844429016113e-01
-1.242845356464385986e-01
3.279958367347717285e-01
6.575441956520080566e-01
-1.167952343821525574e-01
3.507013022899627686e-01
6.649799942970275879e-01
-9.703944623470306396e-02
