2.638610005378723145e-01
5.934205055236816406e-01
1.162032276624813676e-06
3.454813361167907715e-01
5.430162549018859863e-01
-1.191955339163541794e-02
4.243489801883697510e-01
5.068492889404296875e-01
-4.017715156078338623e-02
4.804947376251220703e-01
5.151630043983459473e-01
-7.052421569824218750e-02
5.224789977073669434e-01
5.232909917831420898e-01
-1.012117788195610046e-01
4.240625798702239990e-01
3.874243199825286865e-01
-6.043863296508789062e-02
5.119569301605224609e-01
4.515442252159118652e-01
-1.052331551909446716e-01
5.741014480590820312e-01
4.884265363216400146e-01
-1.415439248085021973e-01
6.318515539169311523e-01
5.218572616577148438e-01
-1.686888486146926880e-01
3.786320686340332031e-01
4.156697392463684082e-01
-8.122960478067398071e-02
4.802197217941284180e-01
5.516005158424377441e-01
-1.293640136718750000e-01
5.407633781433105469e-01
6.298111677169799805e-01
-1.517541557550430298e-01
5.962619781494140625e-01
6.813418269157409668e-01
-1.700218766927719116e-01
3.358028531074523926e-01
4.721359610557556152e-01
-1.009892150759696960e-01
4.336049556732177734e-01
6.115403175354003906e-01
-1.348376721143722534e-01
4.127667546272277832e-01
6.254057288169860840e-01
-1.227824464440345764e-01
3.876404464244842529e-01
6.060566306114196777e-01
-1.162212118506431580e-01
2.994742393493652344e-01
5.355354547500610352e-01
-1.239998042583465576e-01
3.923560976982116699e-01
6.335000991821289062e-01
-1.455215811729431152e-01
3.848016560077667236e-01
6.382566690444946289e-01
-1.318812221288681030e-01
3.624649643898010254e-01
6.160284876823425293e-01
-1.219001933932304382e-01
