2.328021228313446045e-01
5.860581994056701660e-01
9.888739214147790335e-07
2.973896861076354980e-01
5.204817056655883789e-01
-2.818126929923892021e-03
3.862378895282745361e-01
4.823447465896606445e-01
-1.946678385138511658e-02
4.576487839221954346e-01
4.926296174526214600e-01
-3.943640738725662231e-02
5.116598010063171387e-01
4.988350570201873779e-01
-5.837130919098854065e-02
4.044312834739685059e-01
3.940547406673431396e-01
-4.057825729250907898e-02
5.047706365585327148e-01
4.424478709697723389e-01
-7.149131596088409424e-02
5.632545948028564453e-01
4.753007292747497559e-01
-9.354153275489807129e-02
6.122306585311889648e-01
5.045963525772094727e-01
-1.100033968687057495e-01
3.775640130043029785e-01
4.298856258392333984e-01
-5.928156897425651550e-02
4.796144962310791016e-01
5.365351438522338867e-01
-9.352318942546844482e-02
5.333988666534423828e-01
5.982219576835632324e-01
-1.058041453361511230e-01
5.807297229766845703e-01
6.414614319801330566e-01
-1.173340454697608948e-01
3.470568954944610596e-01
4.815799593925476074e-01
-7.673979550600051880e-02
4.367398321628570557e-01
5.892115235328674316e-01
-1.012386754155158997e-01
3.993596732616424561e-01
5.880066752433776855e-01
-8.782904595136642456e-02
3.683555424213409424e-01
5.647654533386230469e-01
-8.018562942743301392e-02
3.172456622123718262e-01
5.391548275947570801e-01
-9.613375365734100342e-02
3.996307253837585449e-01
6.147594451904296875e-01
-1.104084402322769165e-01
3.773759007453918457e-01
6.128221750259399414e-01
-9.708075970411300659e-02
3.501463830471038818e-01
5.913677811622619629e-01
-8.748733252286911011e-02
