8.256056308746337891e-01
6.479492187500000000e-01
-6.197753350534185302e-07
7.363775968551635742e-01
5.823512077331542969e-01
3.739460837095975876e-03
6.258094310760498047e-01
5.786103010177612305e-01
-1.473631430417299271e-02
5.371270179748535156e-01
6.111559271812438965e-01
-3.785751760005950928e-02
4.588714838027954102e-01
6.281502246856689453e-01
-6.284652650356292725e-02
5.747287869453430176e-01
4.803622364997863770e-01
-2.569208666682243347e-02
4.707313179969787598e-01
5.586540699005126953e-01
-5.262824520468711853e-02
4.114080071449279785e-01
6.056225299835205078e-01
-7.027520239353179932e-02
3.626864850521087646e-01
6.446757316589355469e-01
-8.424065262079238892e-02
6.025776863098144531e-01
5.186770558357238770e-01
-4.713221266865730286e-02
5.059872269630432129e-01
6.745239496231079102e-01
-7.765862345695495605e-02
4.694849550724029541e-01
7.612367868423461914e-01
-9.030915051698684692e-02
4.344938993453979492e-01
8.187980055809020996e-01
-1.025483682751655579e-01
6.405747532844543457e-01
5.744810104370117188e-01
-6.717332452535629272e-02
5.640485286712646484e-01
7.275594472885131836e-01
-9.538861364126205444e-02
6.133925318717956543e-01
7.231349349021911621e-01
-8.485466241836547852e-02
6.485058665275573730e-01
6.905839443206787109e-01
-7.808537036180496216e-02
6.780357956886291504e-01
6.342763900756835938e-01
-8.673345297574996948e-02
6.077192425727844238e-01
7.427556514739990234e-01
-1.103758737444877625e-01
6.442547440528869629e-01
7.397870421409606934e-01
-1.005280613899230957e-01
6.759550571441650391e-01
7.059336304664611816e-01
-9.116156399250030518e-02
