1.017580032348632812e+00
5.072309374809265137e-01
-4.630734906641009729e-07
9.226986169815063477e-01
4.930906891822814941e-01
-8.350473828613758087e-03
8.326072096824645996e-01
5.077074170112609863e-01
-3.771279752254486084e-02
7.649629116058349609e-01
5.384312272071838379e-01
-6.863613426685333252e-02
6.983793973922729492e-01
5.525642633438110352e-01
-1.025791019201278687e-01
8.031637668609619141e-01
3.868520259857177734e-01
-6.493668258190155029e-02
7.058495879173278809e-01
4.704920053482055664e-01
-9.976065158843994141e-02
6.408931612968444824e-01
5.193908214569091797e-01
-1.204952672123908997e-01
5.875736474990844727e-01
5.560474395751953125e-01
-1.372218281030654907e-01
8.502671718597412109e-01
4.102417230606079102e-01
-8.594557642936706543e-02
7.557038664817810059e-01
5.675634741783142090e-01
-1.262903362512588501e-01
7.063775062561035156e-01
6.641945242881774902e-01
-1.384475380182266235e-01
6.657069921493530273e-01
7.314797639846801758e-01
-1.497443020343780518e-01
8.996827602386474609e-01
4.558337330818176270e-01
-1.051480472087860107e-01
8.155859112739562988e-01
6.128808259963989258e-01
-1.388160735368728638e-01
8.491472601890563965e-01
6.038937568664550781e-01
-1.221685409545898438e-01
8.816506862640380859e-01
5.663692951202392578e-01
-1.107710152864456177e-01
9.427380561828613281e-01
5.085960030555725098e-01
-1.248821318149566650e-01
8.603993654251098633e-01
6.306493282318115234e-01
-1.533176302909851074e-01
8.810067176818847656e-01
6.235548257827758789e-01
-1.402061581611633301e-01
9.084562659263610840e-01
5.813842415809631348e-01
-1.282902061939239502e-01
