7.262372970581054688e-01
6.127781867980957031e-01
-4.272014564321580110e-07
6.363980174064636230e-01
5.541188716888427734e-01
2.962021855637431145e-03
5.287150144577026367e-01
5.655191540718078613e-01
-1.020814385265111923e-02
4.441023468971252441e-01
6.154043078422546387e-01
-2.740453369915485382e-02
3.721134066581726074e-01
6.517444849014282227e-01
-4.593175649642944336e-02
4.727516770362854004e-01
4.864726364612579346e-01
-1.275547780096530914e-02
3.794884085655212402e-01
5.653093457221984863e-01
-3.454039618372917175e-02
3.245334923267364502e-01
6.008098721504211426e-01
-4.942448809742927551e-02
2.744885087013244629e-01
6.274500489234924316e-01
-6.199875473976135254e-02
4.931544661521911621e-01
5.256785154342651367e-01
-3.081521578133106232e-02
4.096293151378631592e-01
6.722978949546813965e-01
-5.844290181994438171e-02
3.770990967750549316e-01
7.514722943305969238e-01
-7.087842375040054321e-02
3.456070125102996826e-01
8.038249015808105469e-01
-8.150527626276016235e-02
5.250788927078247070e-01
5.788000822067260742e-01
-4.818532243371009827e-02
4.657152593135833740e-01
7.234334349632263184e-01
-7.770877331495285034e-02
5.108944773674011230e-01
7.172449231147766113e-01
-7.075727730989456177e-02
5.413740277290344238e-01
6.857527494430541992e-01
-6.348061561584472656e-02
5.591653585433959961e-01
6.361417174339294434e-01
-6.508930027484893799e-02
5.051038265228271484e-01
7.373663783073425293e-01
-8.911681175231933594e-02
5.419366359710693359e-01
7.331692576408386230e-01
-8.136916905641555786e-02
5.697473883628845215e-01
7.018749117851257324e-01
-7.205001264810562134e-02
