8.502086400985717773e-01
5.515810251235961914e-01
-5.437767072180577088e-07
7.716153860092163086e-01
4.964338243007659912e-01
3.782993648201227188e-03
6.787970066070556641e-01
5.010833740234375000e-01
-1.025380659848451614e-02
6.061299443244934082e-01
5.428255796432495117e-01
-2.793494053184986115e-02
5.472916364669799805e-01
5.763640999794006348e-01
-4.770515486598014832e-02
6.362855434417724609e-01
4.150190651416778564e-01
-2.325018867850303650e-02
5.519116520881652832e-01
4.918010234832763672e-01
-4.889955744147300720e-02
4.993505179882049561e-01
5.340528488159179688e-01
-6.806920468807220459e-02
4.517265856266021729e-01
5.656207203865051270e-01
-8.359202742576599121e-02
6.567223072052001953e-01
4.475224912166595459e-01
-4.174586012959480286e-02
5.728006958961486816e-01
5.880981087684631348e-01
-7.301782071590423584e-02
5.393804311752319336e-01
6.681730747222900391e-01
-8.752714097499847412e-02
5.106059908866882324e-01
7.232365012168884277e-01
-9.955007582902908325e-02
6.859115958213806152e-01
4.924882352352142334e-01
-5.877731740474700928e-02
6.217910051345825195e-01
6.305958628654479980e-01
-8.737418800592422485e-02
6.643220782279968262e-01
6.312589645385742188e-01
-8.054833859205245972e-02
6.975856423377990723e-01
6.075567007064819336e-01
-7.441402971744537354e-02
7.171084880828857422e-01
5.401443243026733398e-01
-7.547154277563095093e-02
6.599715352058410645e-01
6.401089429855346680e-01
-9.843013435602188110e-02
6.897280812263488770e-01
6.441661119461059570e-01
-9.129104018211364746e-02
7.172141671180725098e-01
6.185219287872314453e-01
-8.335278183221817017e-02
