7.237518429756164551e-01
6.415051221847534180e-01
-3.939329644708777778e-07
6.569814682006835938e-01
5.931398868560791016e-01
1.630559214390814304e-03
5.783543586730957031e-01
5.859673023223876953e-01
-8.419723249971866608e-03
5.137705802917480469e-01
6.149876713752746582e-01
-2.139100804924964905e-02
4.643479585647583008e-01
6.431934833526611328e-01
-3.600448742508888245e-02
5.436795949935913086e-01
5.218684673309326172e-01
-1.145683601498603821e-02
4.733683764934539795e-01
5.821977853775024414e-01
-2.962499111890792847e-02
4.304473996162414551e-01
6.122674345970153809e-01
-4.309537634253501892e-02
3.912751376628875732e-01
6.335052847862243652e-01
-5.412082001566886902e-02
5.561048984527587891e-01
5.482850670814514160e-01
-2.426567487418651581e-02
4.893056452274322510e-01
6.594241261482238770e-01
-4.846526309847831726e-02
4.638229608535766602e-01
7.185629010200500488e-01
-6.105184555053710938e-02
4.397635161876678467e-01
7.567923069000244141e-01
-7.061411440372467041e-02
5.766304731369018555e-01
5.860748887062072754e-01
-3.619489446282386780e-02
5.311030745506286621e-01
6.954788565635681152e-01
-6.142844259738922119e-02
5.698469877243041992e-01
6.983715295791625977e-01
-5.948758125305175781e-02
5.975775718688964844e-01
6.812439560890197754e-01
-5.552794411778450012e-02
5.988417863845825195e-01
6.275007128715515137e-01
-4.762862622737884521e-02
5.586637258529663086e-01
7.036461234092712402e-01
-6.768813729286193848e-02
5.876442193984985352e-01
7.090979814529418945e-01
-6.390509754419326782e-02
6.116260290145874023e-01
6.924951672554016113e-01
-5.816812068223953247e-02
