2.463512271642684937e-01
7.258052229881286621e-01
8.263265272034914233e-07
3.130052089691162109e-01
6.708952188491821289e-01
2.609338844195008278e-03
3.903369903564453125e-01
6.274625658988952637e-01
-1.305830571800470352e-02
4.531572163105010986e-01
6.235542893409729004e-01
-3.250040486454963684e-02
4.988741874694824219e-01
6.152540445327758789e-01
-5.065996944904327393e-02
3.931428492069244385e-01
5.246847867965698242e-01
-3.403785079717636108e-02
4.867179393768310547e-01
5.628546476364135742e-01
-6.446325033903121948e-02
5.435144305229187012e-01
5.925118923187255859e-01
-8.674945682287216187e-02
5.900453329086303711e-01
6.226449012756347656e-01
-1.033410951495170593e-01
3.663626611232757568e-01
5.533909797668457031e-01
-5.548144504427909851e-02
4.696419239044189453e-01
6.497027873992919922e-01
-9.364253282546997070e-02
5.139973163604736328e-01
7.193235754966735840e-01
-1.063722297549247742e-01
5.499553084373474121e-01
7.675802111625671387e-01
-1.153319999575614929e-01
3.388902544975280762e-01
6.016076803207397461e-01
-7.545424997806549072e-02
4.271657466888427734e-01
6.970311403274536133e-01
-9.981742501258850098e-02
3.971948027610778809e-01
7.053893804550170898e-01
-8.704339712858200073e-02
3.690667152404785156e-01
6.897386908531188965e-01
-7.950007915496826172e-02
3.143002986907958984e-01
6.578986048698425293e-01
-9.708379209041595459e-02
3.956611454486846924e-01
7.263588905334472656e-01
-1.100217327475547791e-01
3.780777156352996826e-01
7.309066653251647949e-01
-9.689023345708847046e-02
3.528844118118286133e-01
7.154743075370788574e-01
-8.760628104209899902e-02
