8.553339838981628418e-01
6.575666069984436035e-01
-5.043567057327891234e-07
7.810380458831787109e-01
5.905739068984985352e-01
2.286297036334872246e-03
6.924898028373718262e-01
5.640861988067626953e-01
-1.205255743116140366e-02
6.196194291114807129e-01
5.731343626976013184e-01
-2.979529649019241333e-02
5.556135177612304688e-01
5.763280391693115234e-01
-4.874043539166450500e-02
6.653892397880554199e-01
4.639943838119506836e-01
-2.157378755509853363e-02
5.702045559883117676e-01
5.095286965370178223e-01
-4.477297142148017883e-02
5.115436911582946777e-01
5.312181711196899414e-01
-6.239241734147071838e-02
4.583526253700256348e-01
5.422619581222534180e-01
-7.741919159889221191e-02
6.860892772674560547e-01
4.987564682960510254e-01
-4.018672555685043335e-02
5.832002162933349609e-01
5.994429588317871094e-01
-6.645479798316955566e-02
5.323885083198547363e-01
6.595999598503112793e-01
-8.017308264970779419e-02
4.884784221649169922e-01
6.977422833442687988e-01
-9.354565292596817017e-02
7.114841938018798828e-01
5.498148798942565918e-01
-5.754803121089935303e-02
6.250125765800476074e-01
6.591894626617431641e-01
-8.253025263547897339e-02
6.664537787437438965e-01
6.704871654510498047e-01
-7.400617003440856934e-02
7.017287015914916992e-01
6.546796560287475586e-01
-6.826324760913848877e-02
7.367615103721618652e-01
6.066297888755798340e-01
-7.491467148065567017e-02
6.612889170646667480e-01
6.828119754791259766e-01
-9.512913972139358521e-02
6.905741691589355469e-01
6.930621862411499023e-01
-8.622257411479949951e-02
7.224054932594299316e-01
6.747186779975891113e-01
-7.813850790262222290e-02
