8.099846243858337402e-01
5.553671121597290039e-01
-4.416793615291680908e-07
7.361690402030944824e-01
5.148647427558898926e-01
2.263156231492757797e-03
6.546905636787414551e-01
5.201753973960876465e-01
-7.863557897508144379e-03
5.900714993476867676e-01
5.580742359161376953e-01
-2.177796140313148499e-02
5.393120050430297852e-01
5.901936888694763184e-01
-3.732456639409065247e-02
6.118859052658081055e-01
4.529646337032318115e-01
-1.142315845936536789e-02
5.383398532867431641e-01
5.292006134986877441e-01
-3.100742585957050323e-02
4.946130216121673584e-01
5.643631815910339355e-01
-4.631147906184196472e-02
4.516154527664184570e-01
5.879065990447998047e-01
-5.909539386630058289e-02
6.250026226043701172e-01
4.759863615036010742e-01
-2.569918893277645111e-02
5.617104768753051758e-01
6.050639748573303223e-01
-5.257242172956466675e-02
5.325000882148742676e-01
6.759560108184814453e-01
-6.682551652193069458e-02
5.049096345901489258e-01
7.250297069549560547e-01
-7.809320837259292603e-02
6.475533843040466309e-01
5.108857750892639160e-01
-3.906644135713577271e-02
6.064792871475219727e-01
6.381402015686035156e-01
-6.657278537750244141e-02
6.499900221824645996e-01
6.404880285263061523e-01
-6.298971921205520630e-02
6.815373897552490234e-01
6.218472719192504883e-01
-5.782504007220268250e-02
6.733857989311218262e-01
5.502988696098327637e-01
-5.219042673707008362e-02
6.353586912155151367e-01
6.394306421279907227e-01
-7.392331212759017944e-02
6.672617793083190918e-01
6.444050073623657227e-01
-6.887739151716232300e-02
6.937638521194458008e-01
6.248864531517028809e-01
-6.211959198117256165e-02
