5.387073755264282227e-02
5.274107456207275391e-01
1.293193122364755254e-06
1.367319822311401367e-01
4.964045882225036621e-01
-1.465495023876428604e-02
2.186947613954544067e-01
5.022884011268615723e-01
-5.174453929066658020e-02
2.705390751361846924e-01
5.498532056808471680e-01
-8.883426338434219360e-02
3.189594745635986328e-01
5.643754601478576660e-01
-1.265244930982589722e-01
2.313136607408523560e-01
4.043515324592590332e-01
-1.001807227730751038e-01
3.307023644447326660e-01
4.855273962020874023e-01
-1.499905437231063843e-01
3.912000656127929688e-01
5.360374450683593750e-01
-1.857916116714477539e-01
4.434160590171813965e-01
5.845149159431457520e-01
-2.119203507900238037e-01
1.701075285673141479e-01
4.333972930908203125e-01
-1.215139105916023254e-01
2.728652954101562500e-01
6.071945428848266602e-01
-1.833784729242324829e-01
3.230010867118835449e-01
7.037647366523742676e-01
-2.061500251293182373e-01
3.618711233139038086e-01
7.719149589538574219e-01
-2.226665765047073364e-01
1.140224859118461609e-01
4.899155795574188232e-01
-1.381759196519851685e-01
2.139628529548645020e-01
6.494566798210144043e-01
-1.749843508005142212e-01
2.060505002737045288e-01
6.458420157432556152e-01
-1.532065272331237793e-01
1.853269189596176147e-01
6.086851358413696289e-01
-1.401059925556182861e-01
7.002635300159454346e-02
5.475485920906066895e-01
-1.578532755374908447e-01
1.613742411136627197e-01
6.690585017204284668e-01
-1.809140294790267944e-01
1.659354269504547119e-01
6.590684056282043457e-01
-1.601686328649520874e-01
1.495426595211029053e-01
6.199290752410888672e-01
-1.443961411714553833e-01
