7.183104157447814941e-01
6.148921847343444824e-01
-4.403923412610311061e-07
6.397378444671630859e-01
5.600068569183349609e-01
1.400494016706943512e-02
5.471984744071960449e-01
5.612615942955017090e-01
1.004744507372379303e-02
4.742816388607025146e-01
6.012414693832397461e-01
3.695417835842818022e-04
4.196406304836273193e-01
6.366243362426757812e-01
-1.195556204766035080e-02
5.004030466079711914e-01
5.071305036544799805e-01
9.348518215119838715e-04
4.214920103549957275e-01
5.815883278846740723e-01
-1.163367833942174911e-02
3.788500428199768066e-01
6.121131181716918945e-01
-2.170150168240070343e-02
3.374394178390502930e-01
6.337662339210510254e-01
-3.073130734264850616e-02
5.124098062515258789e-01
5.368589162826538086e-01
-1.704873703420162201e-02
4.429986476898193359e-01
6.601694822311401367e-01
-3.571275621652603149e-02
4.135918021202087402e-01
7.313622832298278809e-01
-4.572263732552528381e-02
3.861773908138275146e-01
7.830196022987365723e-01
-5.467779189348220825e-02
5.344717502593994141e-01
5.805997848510742188e-01
-3.321034833788871765e-02
4.857918620109558105e-01
7.048184275627136230e-01
-5.197975412011146545e-02
5.286255478858947754e-01
7.094455361366271973e-01
-4.767735674977302551e-02
5.598505139350891113e-01
6.909270286560058594e-01
-4.400017857551574707e-02
5.589028596878051758e-01
6.299857497215270996e-01
-4.820233955979347229e-02
5.119000673294067383e-01
7.174779176712036133e-01
-6.366442888975143433e-02
5.447799563407897949e-01
7.255513668060302734e-01
-5.738912522792816162e-02
5.721957087516784668e-01
7.090460658073425293e-01
-5.083871632814407349e-02
