8.396460413932800293e-01
5.824508070945739746e-01
-4.607806829426408513e-07
7.637889385223388672e-01
5.328519940376281738e-01
2.716632559895515442e-03
6.753871440887451172e-01
5.330883264541625977e-01
-9.100824594497680664e-03
6.058651804924011230e-01
5.674968957901000977e-01
-2.398876845836639404e-02
5.486627817153930664e-01
5.950547456741333008e-01
-4.047819226980209351e-02
6.326407790184020996e-01
4.598881602287292480e-01
-2.066418901085853577e-02
5.518792867660522461e-01
5.278515815734863281e-01
-4.317288100719451904e-02
5.014063715934753418e-01
5.616408586502075195e-01
-6.076981127262115479e-02
4.548117220401763916e-01
5.853183865547180176e-01
-7.538878172636032104e-02
6.544604897499084473e-01
4.858083128929138184e-01
-3.681665286421775818e-02
5.778648853302001953e-01
6.096698641777038574e-01
-6.404945254325866699e-02
5.402367711067199707e-01
6.814193725585937500e-01
-7.812564074993133545e-02
5.071642994880676270e-01
7.319557070732116699e-01
-9.063467383384704590e-02
6.844522356986999512e-01
5.257714390754699707e-01
-5.149700492620468140e-02
6.216746568679809570e-01
6.535003185272216797e-01
-7.630874216556549072e-02
6.592605113983154297e-01
6.573154926300048828e-01
-6.946098804473876953e-02
6.895789504051208496e-01
6.369888186454772949e-01
-6.385762989521026611e-02
7.158038616180419922e-01
5.702989101409912109e-01
-6.595326960086822510e-02
6.566227674484252930e-01
6.637634038925170898e-01
-8.530402928590774536e-02
6.825751066207885742e-01
6.695696711540222168e-01
-7.726368308067321777e-02
7.084159255027770996e-01
6.467050313949584961e-01
-6.918428093194961548e-02
