6.835027933120727539e-01
6.537336707115173340e-01
-4.116526213238103082e-07
6.058072447776794434e-01
5.961212515830993652e-01
1.019285898655653000e-02
5.142198204994201660e-01
5.986809730529785156e-01
4.966608248651027679e-03
4.430595934391021729e-01
6.453094482421875000e-01
-6.006525363773107529e-03
3.927995562553405762e-01
6.869559288024902344e-01
-1.892050728201866150e-02
4.698178470134735107e-01
5.414336919784545898e-01
8.567783981561660767e-03
3.946006298065185547e-01
6.210445761680603027e-01
-6.331533659249544144e-03
3.550410270690917969e-01
6.523232460021972656e-01
-1.849184557795524597e-02
3.187468647956848145e-01
6.713917851448059082e-01
-2.811946347355842590e-02
4.772381186485290527e-01
5.725066661834716797e-01
-7.158099208027124405e-03
4.143807590007781982e-01
6.935913562774658203e-01
-2.668344788253307343e-02
3.989200592041015625e-01
7.513929009437561035e-01
-3.817091509699821472e-02
3.797224462032318115e-01
7.878544330596923828e-01
-4.660085216164588928e-02
4.943535327911376953e-01
6.138129234313964844e-01
-2.246730774641036987e-02
4.501811265945434570e-01
7.341295480728149414e-01
-4.426710680127143860e-02
4.957453906536102295e-01
7.378850579261779785e-01
-4.478707909584045410e-02
5.263236761093139648e-01
7.174888849258422852e-01
-4.260018840432167053e-02
5.138105750083923340e-01
6.609712839126586914e-01
-3.687671571969985962e-02
4.752054512500762939e-01
7.466973662376403809e-01
-5.470279976725578308e-02
5.092097520828247070e-01
7.529398798942565918e-01
-5.273208022117614746e-02
5.355955362319946289e-01
7.342234849929809570e-01
-4.830361530184745789e-02
