8.351720571517944336e-01
6.385620832443237305e-01
-4.185562829661648721e-07
7.520774602890014648e-01
5.704937577247619629e-01
-1.192365889437496662e-03
6.428806185722351074e-01
5.799654722213745117e-01
-2.216358110308647156e-02
5.541187524795532227e-01
6.282784938812255859e-01
-4.453743994235992432e-02
4.836378097534179688e-01
6.679096221923828125e-01
-7.111538201570510864e-02
6.024349331855773926e-01
5.093497633934020996e-01
-5.967710167169570923e-02
4.935237467288970947e-01
5.942434072494506836e-01
-8.898137509822845459e-02
4.289415478706359863e-01
6.382983922958374023e-01
-1.073669046163558960e-01
3.711564838886260986e-01
6.720790266990661621e-01
-1.230083256959915161e-01
6.388664841651916504e-01
5.538051128387451172e-01
-7.911083847284317017e-02
5.290435552597045898e-01
6.924902796745300293e-01
-1.101939976215362549e-01
4.779621362686157227e-01
7.735520601272583008e-01
-1.213906258344650269e-01
4.352351427078247070e-01
8.347933888435363770e-01
-1.345341205596923828e-01
6.843165755271911621e-01
6.114735007286071777e-01
-9.469311684370040894e-02
5.856187343597412109e-01
7.475915551185607910e-01
-1.232782006263732910e-01
6.224627494812011719e-01
7.362816929817199707e-01
-1.095917746424674988e-01
6.582061052322387695e-01
7.052614688873291016e-01
-1.007811129093170166e-01
7.263904809951782227e-01
6.716035008430480957e-01
-1.096226647496223450e-01
6.350716352462768555e-01
7.741823792457580566e-01
-1.350228786468505859e-01
6.584072709083557129e-01
7.694134712219238281e-01
-1.233771443367004395e-01
6.893383264541625977e-01
7.371571063995361328e-01
-1.129987761378288269e-01
