7.324298024177551270e-01
6.611754298210144043e-01
-4.511926761097129202e-07
6.524854898452758789e-01
6.086741685867309570e-01
7.278168573975563049e-03
5.571602582931518555e-01
6.171320080757141113e-01
-3.519037971273064613e-03
4.822370409965515137e-01
6.603847742080688477e-01
-1.826920360326766968e-02
4.222197234630584717e-01
6.953848600387573242e-01
-3.513757139444351196e-02
5.088354349136352539e-01
5.427191257476806641e-01
-1.587635278701782227e-02
4.275290369987487793e-01
6.189557909965515137e-01
-3.552868589758872986e-02
3.790310621261596680e-01
6.562666296958923340e-01
-5.057284235954284668e-02
3.347993493080139160e-01
6.837652325630187988e-01
-6.331137567758560181e-02
5.293555259704589844e-01
5.760897994041442871e-01
-3.393860161304473877e-02
4.531962275505065918e-01
7.061676979064941406e-01
-5.630509555339813232e-02
4.194062948226928711e-01
7.775540351867675781e-01
-6.740763038396835327e-02
3.891377449035644531e-01
8.254832029342651367e-01
-7.891318947076797485e-02
5.591106414794921875e-01
6.223988533020019531e-01
-5.033192411065101624e-02
4.972776174545288086e-01
7.548286914825439453e-01
-7.177460193634033203e-02
5.345242023468017578e-01
7.596328854560852051e-01
-6.442629545927047729e-02
5.653242468833923340e-01
7.395306825637817383e-01
-5.951437354087829590e-02
5.897144079208374023e-01
6.727217435836791992e-01
-6.619723141193389893e-02
5.306824445724487305e-01
7.692992687225341797e-01
-8.434356003999710083e-02
5.566169023513793945e-01
7.769223451614379883e-01
-7.697024196386337280e-02
5.821399688720703125e-01
7.569527626037597656e-01
-6.975039094686508179e-02
