8.100122213363647461e-01
6.830906867980957031e-01
-4.090368292963830754e-07
7.235075235366821289e-01
6.160088777542114258e-01
8.260609320132061839e-05
6.140637993812561035e-01
6.306341886520385742e-01
-2.180500514805316925e-02
5.249507427215576172e-01
6.789132952690124512e-01
-4.567461833357810974e-02
4.449100494384765625e-01
7.095561623573303223e-01
-7.279775291681289673e-02
5.694673061370849609e-01
5.524173974990844727e-01
-5.653046816587448120e-02
4.585106968879699707e-01
6.274384260177612305e-01
-8.692054450511932373e-02
3.905251622200012207e-01
6.705599427223205566e-01
-1.043690741062164307e-01
3.317120075225830078e-01
7.056877613067626953e-01
-1.184204518795013428e-01
6.046858429908752441e-01
5.991528630256652832e-01
-7.736438512802124023e-02
4.939884543418884277e-01
7.418861389160156250e-01
-1.074362546205520630e-01
4.454572796821594238e-01
8.252115249633789062e-01
-1.158064529299736023e-01
4.050508141517639160e-01
8.850769400596618652e-01
-1.268641650676727295e-01
6.488077044486999512e-01
6.594650745391845703e-01
-9.499390423297882080e-02
5.497771501541137695e-01
7.949898242950439453e-01
-1.236917302012443542e-01
5.895420908927917480e-01
7.836636900901794434e-01
-1.073578447103500366e-01
6.263296604156494141e-01
7.516813874244689941e-01
-9.655793756246566772e-02
6.900541782379150391e-01
7.221742868423461914e-01
-1.120350286364555359e-01
6.008712053298950195e-01
8.239024877548217773e-01
-1.375973671674728394e-01
6.256191134452819824e-01
8.178389668464660645e-01
-1.251263469457626343e-01
6.547656059265136719e-01
7.857671380043029785e-01
-1.137857362627983093e-01
