7.447943091392517090e-01
6.807348132133483887e-01
-4.690504624704772141e-07
6.722519993782043457e-01
6.214000582695007324e-01
4.895254503935575485e-03
5.838394761085510254e-01
6.164302825927734375e-01
-6.153679918497800827e-03
5.118154883384704590e-01
6.486251354217529297e-01
-2.081870660185813904e-02
4.570624232292175293e-01
6.783523559570312500e-01
-3.740669786930084229e-02
5.418781638145446777e-01
5.492354631423950195e-01
-1.691939868032932281e-02
4.592085778713226318e-01
6.200683116912841797e-01
-3.639396652579307556e-02
4.113549590110778809e-01
6.536081433296203613e-01
-5.084569379687309265e-02
3.666719198226928711e-01
6.750473976135253906e-01
-6.299237906932830811e-02
5.578686594963073730e-01
5.784280300140380859e-01
-3.273683786392211914e-02
4.849134683609008789e-01
6.982197165489196777e-01
-5.668125301599502563e-02
4.534279406070709229e-01
7.654643654823303223e-01
-6.763578206300735474e-02
4.256368875503540039e-01
8.081997632980346680e-01
-7.811731845140457153e-02
5.824098587036132812e-01
6.211481690406799316e-01
-4.717899858951568604e-02
5.258545875549316406e-01
7.422485351562500000e-01
-6.954763829708099365e-02
5.640366673469543457e-01
7.522932291030883789e-01
-6.381984055042266846e-02
5.961359739303588867e-01
7.359402179718017578e-01
-5.968812853097915649e-02
6.080336570739746094e-01
6.672589778900146484e-01
-6.134635582566261292e-02
5.545815229415893555e-01
7.548456788063049316e-01
-7.935814559459686279e-02
5.801038742065429688e-01
7.673736810684204102e-01
-7.346133142709732056e-02
6.064508557319641113e-01
7.526279687881469727e-01
-6.753379106521606445e-02
