8.473210334777832031e-01
6.040456295013427734e-01
-5.447857347462559119e-07
7.679323554039001465e-01
5.655151605606079102e-01
5.525670945644378662e-03
6.819863319396972656e-01
5.826877355575561523e-01
-9.139141999185085297e-03
6.168169379234313965e-01
6.256910562515258789e-01
-2.719812840223312378e-02
5.601037740707397461e-01
6.560951471328735352e-01
-4.788594692945480347e-02
6.376546621322631836e-01
5.036650896072387695e-01
-3.087948448956012726e-02
5.567294955253601074e-01
5.858091115951538086e-01
-5.442436411976814270e-02
5.042310953140258789e-01
6.313408017158508301e-01
-7.220612466335296631e-02
4.564594030380249023e-01
6.659557223320007324e-01
-8.733905106782913208e-02
6.656843423843383789e-01
5.273013710975646973e-01
-4.994934424757957458e-02
5.929930210113525391e-01
6.677428483963012695e-01
-7.661795616149902344e-02
5.600159168243408203e-01
7.529199123382568359e-01
-8.823693543672561646e-02
5.338151454925537109e-01
8.153126239776611328e-01
-1.001300290226936340e-01
7.028357386589050293e-01
5.649813413619995117e-01
-6.652984023094177246e-02
6.418797969818115234e-01
7.011160254478454590e-01
-8.776535093784332275e-02
6.772723197937011719e-01
7.012300491333007812e-01
-7.658711820840835571e-02
7.087390422821044922e-01
6.780745983123779297e-01
-7.021687179803848267e-02
7.405685186386108398e-01
6.055756211280822754e-01
-8.281978964805603027e-02
6.792977452278137207e-01
7.078587412834167480e-01
-1.003557965159416199e-01
7.004471421241760254e-01
7.149416208267211914e-01
-9.007819741964340210e-02
7.251347303390502930e-01
6.913672685623168945e-01
-8.150763809680938721e-02
