6.555033326148986816e-01
6.325363516807556152e-01
-4.212458861729828641e-07
5.685194730758666992e-01
5.773824453353881836e-01
1.123382244259119034e-02
4.676121771335601807e-01
5.929239392280578613e-01
3.903133561834692955e-03
3.918591141700744629e-01
6.494572162628173828e-01
-8.870641700923442841e-03
3.359189033508300781e-01
6.954016089439392090e-01
-2.360273338854312897e-02
4.090768694877624512e-01
5.371050834655761719e-01
5.553057417273521423e-04
3.275845944881439209e-01
6.205168366432189941e-01
-1.338042505085468292e-02
2.814060449600219727e-01
6.607139706611633301e-01
-2.573517523705959320e-02
2.371536940336227417e-01
6.910292506217956543e-01
-3.661510720849037170e-02
4.241000115871429443e-01
5.728952884674072266e-01
-1.673991791903972626e-02
3.618575930595397949e-01
7.112309932708740234e-01
-3.511092439293861389e-02
3.350115418434143066e-01
7.818852066993713379e-01
-4.628673940896987915e-02
3.061156570911407471e-01
8.309695124626159668e-01
-5.688669532537460327e-02
4.512372314929962158e-01
6.204963326454162598e-01
-3.254998847842216492e-02
4.063911437988281250e-01
7.593677639961242676e-01
-4.880329594016075134e-02
4.494449794292449951e-01
7.561246156692504883e-01
-4.456684738397598267e-02
4.794684052467346191e-01
7.300247550010681152e-01
-4.208563268184661865e-02
4.815429151058197021e-01
6.725661754608154297e-01
-4.774999618530273438e-02
4.387561082839965820e-01
7.725998759269714355e-01
-5.976993963122367859e-02
4.719059765338897705e-01
7.743942737579345703e-01
-5.342803895473480225e-02
4.985395073890686035e-01
7.506608963012695312e-01
-4.766844585537910461e-02
