8.112617731094360352e-01
6.359092593193054199e-01
-4.582883263992698630e-07
7.269541621208190918e-01
5.719743371009826660e-01
1.965356292203068733e-03
6.199102997779846191e-01
5.815459489822387695e-01
-1.476809103041887283e-02
5.346832871437072754e-01
6.280987858772277832e-01
-3.348251432180404663e-02
4.665676355361938477e-01
6.657611131668090820e-01
-5.547848716378211975e-02
5.777430534362792969e-01
5.119245648384094238e-01
-4.508608207106590271e-02
4.759087264537811279e-01
5.979067683219909668e-01
-7.055193185806274414e-02
4.152353405952453613e-01
6.403260827064514160e-01
-8.739122748374938965e-02
3.606402873992919922e-01
6.712703704833984375e-01
-1.018483638763427734e-01
6.106748580932617188e-01
5.508389472961425781e-01
-6.358563899993896484e-02
5.135741829872131348e-01
6.907634735107421875e-01
-8.989252895116806030e-02
4.677819311618804932e-01
7.701770663261413574e-01
-1.002899855375289917e-01
4.292132258415222168e-01
8.274896144866943359e-01
-1.130976676940917969e-01
6.531625986099243164e-01
6.021073460578918457e-01
-7.892594486474990845e-02
5.647418498992919922e-01
7.381536364555358887e-01
-1.031776219606399536e-01
6.012314558029174805e-01
7.329051494598388672e-01
-9.184549748897552490e-02
6.363905668258666992e-01
7.054182291030883789e-01
-8.532551676034927368e-02
6.937200427055358887e-01
6.567209362983703613e-01
-9.367246925830841064e-02
6.111832857131958008e-01
7.619050145149230957e-01
-1.156233921647071838e-01
6.324493288993835449e-01
7.632920742034912109e-01
-1.062937900424003601e-01
6.605742573738098145e-01
7.351318597793579102e-01
-9.813769906759262085e-02
