2.836675047874450684e-01
5.244837403297424316e-01
1.099695168704784010e-06
3.792966008186340332e-01
4.901501536369323730e-01
6.845934782177209854e-03
4.878064692020416260e-01
5.303473472595214844e-01
-1.411827467381954193e-02
5.677589178085327148e-01
5.955632925033569336e-01
-3.772002831101417542e-02
6.313311457633972168e-01
6.288055777549743652e-01
-6.083950400352478027e-02
5.359461903572082520e-01
4.585547149181365967e-01
-7.265903055667877197e-02
6.428815722465515137e-01
5.618293285369873047e-01
-1.075447574257850647e-01
7.039144039154052734e-01
6.199070811271667480e-01
-1.272939145565032959e-01
7.536547183990478516e-01
6.695441603660583496e-01
-1.412620991468429565e-01
4.974286854267120361e-01
4.976549148559570312e-01
-9.589385241270065308e-02
5.815070271492004395e-01
6.803579330444335938e-01
-1.273668408393859863e-01
6.199886202812194824e-01
7.806969285011291504e-01
-1.306867599487304688e-01
6.527246236801147461e-01
8.555561304092407227e-01
-1.387315094470977783e-01
4.500569701194763184e-01
5.476994514465332031e-01
-1.138028725981712341e-01
5.111818313598632812e-01
7.080092430114746094e-01
-1.275283694267272949e-01
4.785381555557250977e-01
6.867284774780273438e-01
-9.722410887479782104e-02
4.539414942264556885e-01
6.480845808982849121e-01
-8.216162770986557007e-02
4.028432667255401611e-01
6.002936363220214844e-01
-1.332284063100814819e-01
4.630373120307922363e-01
7.225407361984252930e-01
-1.343472599983215332e-01
4.414393901824951172e-01
7.037330269813537598e-01
-1.065823137760162354e-01
4.197006523609161377e-01
6.629598140716552734e-01
-8.930093050003051758e-02
