7.387125492095947266e-01
4.340289831161499023e-01
-4.492758876040170435e-07
6.231901645660400391e-01
4.406556487083435059e-01
6.674132309854030609e-03
5.165988206863403320e-01
4.959115684032440186e-01
-2.186258137226104736e-02
4.387216269969940186e-01
5.678417086601257324e-01
-5.522815510630607605e-02
3.596241474151611328e-01
6.171002984046936035e-01
-9.210551530122756958e-02
4.439247250556945801e-01
3.997481167316436768e-01
-6.414522230625152588e-02
3.443122506141662598e-01
5.298799276351928711e-01
-1.032614111900329590e-01
2.778366804122924805e-01
6.015870571136474609e-01
-1.287577450275421143e-01
2.156332731246948242e-01
6.615312099456787109e-01
-1.503576189279556274e-01
4.929456412792205811e-01
4.216402769088745117e-01
-9.521238505840301514e-02
4.035242795944213867e-01
6.361896395683288574e-01
-1.299253404140472412e-01
3.685850203037261963e-01
7.475396990776062012e-01
-1.401269435882568359e-01
3.346978127956390381e-01
8.294165134429931641e-01
-1.557831317186355591e-01
5.567218661308288574e-01
4.563539326190948486e-01
-1.226075515151023865e-01
4.879041612148284912e-01
6.685532927513122559e-01
-1.505998522043228149e-01
5.309574007987976074e-01
6.412981748580932617e-01
-1.271611005067825317e-01
5.600993633270263672e-01
5.878543257713317871e-01
-1.161779239773750305e-01
6.177511811256408691e-01
4.948080778121948242e-01
-1.502216160297393799e-01
5.627508163452148438e-01
6.563537120819091797e-01
-1.755692064762115479e-01
5.900171995162963867e-01
6.398372650146484375e-01
-1.599303334951400757e-01
6.098741292953491211e-01
5.864629745483398438e-01
-1.492268145084381104e-01
