1.005236983299255371e+00
4.488765001296997070e-01
-2.401785081929119769e-07
9.042915105819702148e-01
4.431659579277038574e-01
-7.114842068403959274e-03
8.010007739067077637e-01
4.883895516395568848e-01
-3.980602696537971497e-02
7.279468774795532227e-01
5.500316023826599121e-01
-7.366200536489486694e-02
6.566420793533325195e-01
5.904588699340820312e-01
-1.120220944285392761e-01
7.598094344139099121e-01
3.936674296855926514e-01
-9.066355228424072266e-02
6.439854502677917480e-01
4.978064298629760742e-01
-1.320579946041107178e-01
5.718670487403869629e-01
5.642896294593811035e-01
-1.552600562572479248e-01
5.082051753997802734e-01
6.180502176284790039e-01
-1.741201579570770264e-01
8.195323348045349121e-01
4.228678941726684570e-01
-1.172089502215385437e-01
7.082209587097167969e-01
6.190252304077148438e-01
-1.617734283208847046e-01
6.529637575149536133e-01
7.315719127655029297e-01
-1.761214137077331543e-01
6.080634593963623047e-01
8.154149055480957031e-01
-1.912611573934555054e-01
8.865342736244201660e-01
4.712432622909545898e-01
-1.392799019813537598e-01
7.924588918685913086e-01
6.597093939781188965e-01
-1.797869950532913208e-01
8.257842659950256348e-01
6.272833347320556641e-01
-1.577544808387756348e-01
8.587713241577148438e-01
5.739409923553466797e-01
-1.415137350559234619e-01
9.444606304168701172e-01
5.267880558967590332e-01
-1.612806171178817749e-01
8.551225066184997559e-01
6.714183688163757324e-01
-1.970802098512649536e-01
8.758245110511779785e-01
6.485377550125122070e-01
-1.791400760412216187e-01
9.034394621849060059e-01
5.977627635002136230e-01
-1.624158620834350586e-01
