7.774056792259216309e-01
4.789782762527465820e-01
-4.615267528151889564e-07
6.635468006134033203e-01
4.642224907875061035e-01
5.508229136466979980e-03
5.517488121986389160e-01
5.062107443809509277e-01
-2.000070549547672272e-02
4.678212702274322510e-01
5.706621408462524414e-01
-4.975651577115058899e-02
3.866094946861267090e-01
6.085481643676757812e-01
-8.290103822946548462e-02
4.868150055408477783e-01
4.077389836311340332e-01
-5.532934889197349548e-02
3.790301382541656494e-01
5.167865157127380371e-01
-8.884197473526000977e-02
3.094393014907836914e-01
5.791664719581604004e-01
-1.102569252252578735e-01
2.442995309829711914e-01
6.299346089363098145e-01
-1.289664804935455322e-01
5.299575328826904297e-01
4.341240823268890381e-01
-8.282723277807235718e-02
4.275026023387908936e-01
6.359747052192687988e-01
-1.148352622985839844e-01
3.839830756187438965e-01
7.451023459434509277e-01
-1.252659708261489868e-01
3.450337648391723633e-01
8.228883147239685059e-01
-1.399807035923004150e-01
5.885359048843383789e-01
4.781736731529235840e-01
-1.066650524735450745e-01
5.086302161216735840e-01
6.747289299964904785e-01
-1.336860060691833496e-01
5.538679957389831543e-01
6.534508466720581055e-01
-1.134506165981292725e-01
5.866017937660217285e-01
6.029444932937622070e-01
-1.032295003533363342e-01
6.454273462295532227e-01
5.282083749771118164e-01
-1.303133070468902588e-01
5.785349011421203613e-01
6.818839311599731445e-01
-1.543353348970413208e-01
6.088823080062866211e-01
6.710172891616821289e-01
-1.393998414278030396e-01
6.348991990089416504e-01
6.222611665725708008e-01
-1.284036040306091309e-01
