1.029718041419982910e+00
5.856820344924926758e-01
-3.299353465990861878e-07
9.288470745086669922e-01
5.486522912979125977e-01
-1.271533593535423279e-02
8.398391604423522949e-01
5.442394018173217773e-01
-5.270442739129066467e-02
7.732209563255310059e-01
5.680424571037292480e-01
-9.161851555109024048e-02
7.029553055763244629e-01
5.616953969001770020e-01
-1.346738189458847046e-01
8.268626332283020020e-01
4.185115694999694824e-01
-1.158454567193984985e-01
7.026269435882568359e-01
4.721750319004058838e-01
-1.645243018865585327e-01
6.160030364990234375e-01
5.079866647720336914e-01
-1.940405815839767456e-01
5.450454354286193848e-01
5.355173945426940918e-01
-2.177608758211135864e-01
8.879586458206176758e-01
4.600672423839569092e-01
-1.378898918628692627e-01
7.476800680160522461e-01
5.996577739715576172e-01
-1.905948072671890259e-01
6.615601181983947754e-01
6.895918846130371094e-01
-2.062538564205169678e-01
5.988700389862060547e-01
7.526489496231079102e-01
-2.233741283416748047e-01
9.428579807281494141e-01
5.321960449218750000e-01
-1.547239720821380615e-01
8.133956193923950195e-01
6.828336715698242188e-01
-1.878214925527572632e-01
8.397241830825805664e-01
6.893240809440612793e-01
-1.567210704088211060e-01
8.803754448890686035e-01
6.577392816543579102e-01
-1.387551277875900269e-01
9.821366071701049805e-01
6.082401871681213379e-01
-1.730874329805374146e-01
8.679469227790832520e-01
7.247042059898376465e-01
-1.998861730098724365e-01
8.794013857841491699e-01
7.259472608566284180e-01
-1.780936866998672485e-01
9.123089909553527832e-01
6.874641180038452148e-01
-1.612656861543655396e-01
