2.284490913152694702e-01
5.699642300605773926e-01
3.728130764102388639e-07
3.213505744934082031e-01
6.055824160575866699e-01
-7.567907683551311493e-03
3.986777067184448242e-01
6.211509108543395996e-01
-3.156486153602600098e-02
4.511234164237976074e-01
6.673192381858825684e-01
-6.222408264875411987e-02
4.978810846805572510e-01
7.262865304946899414e-01
-9.406796097755432129e-02
4.380069673061370850e-01
4.344844222068786621e-01
-1.548773795366287231e-02
5.039621591567993164e-01
5.418099761009216309e-01
-5.738324299454689026e-02
5.478713512420654297e-01
5.992147922515869141e-01
-9.114612638950347900e-02
5.923601984977722168e-01
6.443128585815429688e-01
-1.151019409298896790e-01
4.046519398689270020e-01
3.975075483322143555e-01
-3.539787977933883667e-02
4.533345997333526611e-01
5.571228265762329102e-01
-8.169930428266525269e-02
3.988614678382873535e-01
5.913155078887939453e-01
-9.737612307071685791e-02
3.673726022243499756e-01
5.657300949096679688e-01
-1.027147769927978516e-01
3.581829071044921875e-01
3.974023461341857910e-01
-5.796261876821517944e-02
4.054802358150482178e-01
5.477283596992492676e-01
-9.825997054576873779e-02
3.598106801509857178e-01
5.790602564811706543e-01
-9.075026959180831909e-02
3.343859016895294189e-01
5.495353341102600098e-01
-7.871145009994506836e-02
3.073975443840026855e-01
4.173747599124908447e-01
-8.254114538431167603e-02
3.561902046203613281e-01
5.242003202438354492e-01
-1.077339127659797668e-01
3.337238430976867676e-01
5.526415109634399414e-01
-9.681382775306701660e-02
3.138299882411956787e-01
5.292232036590576172e-01
-8.296921104192733765e-02
