1.796436160802841187e-01
8.095717430114746094e-01
5.488394094754767139e-07
3.044025301933288574e-01
8.238009214401245117e-01
1.411277451552450657e-03
4.030454158782958984e-01
8.307406902313232422e-01
-3.083015792071819305e-02
4.737803339958190918e-01
8.922540545463562012e-01
-7.098440080881118774e-02
5.358118414878845215e-01
9.581853151321411133e-01
-1.132911667227745056e-01
4.262765347957611084e-01
6.240494847297668457e-01
-5.060634389519691467e-02
5.262612104415893555e-01
7.581195831298828125e-01
-1.014048978686332703e-01
5.893722772598266602e-01
8.275166153907775879e-01
-1.380610913038253784e-01
6.472580432891845703e-01
8.804246783256530762e-01
-1.647663116455078125e-01
3.735665082931518555e-01
6.257799863815307617e-01
-8.320903033018112183e-02
4.773991405963897705e-01
8.140945434570312500e-01
-1.350747942924499512e-01
4.264376759529113770e-01
8.384093046188354492e-01
-1.434687227010726929e-01
3.927221894264221191e-01
7.941510677337646484e-01
-1.477282941341400146e-01
3.137845396995544434e-01
6.681427359580993652e-01
-1.158227548003196716e-01
4.142765104770660400e-01
8.350974917411804199e-01
-1.576602905988693237e-01
3.707371056079864502e-01
8.559775948524475098e-01
-1.369900107383728027e-01
3.393190503120422363e-01
8.158926963806152344e-01
-1.197677478194236755e-01
2.579709887504577637e-01
7.248696088790893555e-01
-1.501093953847885132e-01
3.475458025932312012e-01
8.390426635742187500e-01
-1.736449003219604492e-01
3.288109898567199707e-01
8.560777902603149414e-01
-1.543873846530914307e-01
3.023695945739746094e-01
8.233853578567504883e-01
-1.381828933954238892e-01
