2.752421200275421143e-01
7.211403846740722656e-01
2.689986047244019574e-07
3.665385544300079346e-01
7.582141757011413574e-01
-5.278465687297284603e-04
4.391863346099853516e-01
7.684241533279418945e-01
-1.710911467671394348e-02
4.891543090343475342e-01
7.996167540550231934e-01
-4.057801514863967896e-02
5.342866182327270508e-01
8.424062132835388184e-01
-6.411048769950866699e-02
4.636600315570831299e-01
6.014987826347351074e-01
-5.350605119019746780e-03
5.373330712318420410e-01
6.908866167068481445e-01
-3.597972542047500610e-02
5.806111693382263184e-01
7.374124526977539062e-01
-6.036023423075675964e-02
6.220404505729675293e-01
7.722919583320617676e-01
-7.870478928089141846e-02
4.436524808406829834e-01
5.817822813987731934e-01
-2.632770314812660217e-02
5.114291310310363770e-01
7.086508274078369141e-01
-6.398759037256240845e-02
4.658325314521789551e-01
7.356024384498596191e-01
-7.536000013351440430e-02
4.377158284187316895e-01
7.112490534782409668e-01
-7.842487841844558716e-02
4.159476161003112793e-01
5.935105681419372559e-01
-4.905536025762557983e-02
4.798867106437683105e-01
7.119069695472717285e-01
-8.083859831094741821e-02
4.356619119644165039e-01
7.389935851097106934e-01
-7.082296907901763916e-02
4.102358818054199219e-01
7.172573804855346680e-01
-5.849820375442504883e-02
3.848576247692108154e-01
6.230469942092895508e-01
-7.337450236082077026e-02
4.399698674678802490e-01
7.029932141304016113e-01
-9.121419489383697510e-02
4.152930080890655518e-01
7.242988348007202148e-01
-7.929025590419769287e-02
3.931987583637237549e-01
7.064241170883178711e-01
-6.702645123004913330e-02
