2.320468127727508545e-01
7.803164720535278320e-01
4.375851005988806719e-07
3.487538993358612061e-01
8.266427516937255859e-01
-6.274433340877294540e-03
4.371088445186614990e-01
8.404647111892700195e-01
-3.521813824772834778e-02
4.986506700515747070e-01
8.836997151374816895e-01
-7.173407077789306641e-02
5.580726265907287598e-01
9.450924396514892578e-01
-1.091948002576828003e-01
4.661786258220672607e-01
6.290788054466247559e-01
-2.809666097164154053e-02
5.558671951293945312e-01
7.477435469627380371e-01
-7.613440603017807007e-02
6.134210824966430664e-01
8.112643361091613770e-01
-1.136060580611228943e-01
6.676914691925048828e-01
8.625115156173706055e-01
-1.405388861894607544e-01
4.280138909816741943e-01
6.052123308181762695e-01
-5.399503186345100403e-02
5.116928219795227051e-01
7.792301774024963379e-01
-1.095154657959938049e-01
4.545675218105316162e-01
8.114978075027465820e-01
-1.249408796429634094e-01
4.163903594017028809e-01
7.797411680221557617e-01
-1.292077004909515381e-01
3.800022900104522705e-01
6.235550045967102051e-01
-8.203744888305664062e-02
4.602747261524200439e-01
7.839966416358947754e-01
-1.282636672258377075e-01
4.098976254463195801e-01
8.135225772857666016e-01
-1.147674620151519775e-01
3.763003349304199219e-01
7.832822799682617188e-01
-9.792540222406387329e-02
3.305354118347167969e-01
6.621046066284179688e-01
-1.123601421713829041e-01
4.020364284515380859e-01
7.699998021125793457e-01
-1.401777863502502441e-01
3.788022696971893311e-01
7.956410646438598633e-01
-1.256859004497528076e-01
3.536034226417541504e-01
7.738336324691772461e-01
-1.096251010894775391e-01
