8.464296460151672363e-01
6.718617081642150879e-01
-4.765612970913934987e-07
7.487059831619262695e-01
7.063545584678649902e-01
1.575742661952972412e-02
6.731681227684020996e-01
7.148226499557495117e-01
4.363514948636293411e-03
6.203294396400451660e-01
7.443426847457885742e-01
-1.452860608696937561e-02
5.735157728195190430e-01
7.843991518020629883e-01
-3.373802825808525085e-02
6.354080438613891602e-01
5.617686510086059570e-01
1.013804040849208832e-02
5.702645778656005859e-01
6.549877524375915527e-01
-9.609582833945751190e-03
5.340696573257446289e-01
7.006910443305969238e-01
-2.843740023672580719e-02
4.980311989784240723e-01
7.322799563407897949e-01
-4.504790529608726501e-02
6.523073911666870117e-01
5.556416511535644531e-01
-1.507658790796995163e-02
5.932497978210449219e-01
6.942532062530517578e-01
-3.790440037846565247e-02
6.380809545516967773e-01
7.021883130073547363e-01
-4.435884580016136169e-02
6.662774085998535156e-01
6.785135865211486816e-01
-4.952996969223022461e-02
6.774287819862365723e-01
5.745741128921508789e-01
-4.076912254095077515e-02
6.240538358688354492e-01
7.074747681617736816e-01
-5.713712051510810852e-02
6.679888963699340820e-01
7.135724425315856934e-01
-4.496407136321067810e-02
6.910022497177124023e-01
6.887102723121643066e-01
-3.841478750109672546e-02
7.055017352104187012e-01
6.121897697448730469e-01
-6.686729192733764648e-02
6.635546088218688965e-01
7.059524059295654297e-01
-7.851397246122360229e-02
6.919912099838256836e-01
7.148292064666748047e-01
-7.000620663166046143e-02
7.119207978248596191e-01
6.964699625968933105e-01
-6.358340382575988770e-02
