9.675878286361694336e-01
6.851283311843872070e-01
-5.630840291814820375e-07
8.460967540740966797e-01
7.212405800819396973e-01
-5.259199533611536026e-04
7.470443248748779297e-01
7.384337782859802246e-01
-2.142837084829807281e-02
6.790424585342407227e-01
7.867289781570434570e-01
-4.602166637778282166e-02
6.229767203330993652e-01
8.495391011238098145e-01
-7.141464948654174805e-02
7.100458145141601562e-01
5.501724481582641602e-01
-2.488126046955585480e-02
6.256055235862731934e-01
6.702389717102050781e-01
-6.157868355512619019e-02
5.756205320358276367e-01
7.268118262290954590e-01
-8.989314734935760498e-02
5.287902951240539551e-01
7.637429833412170410e-01
-1.121253073215484619e-01
7.547414302825927734e-01
5.433851480484008789e-01
-4.842918738722801208e-02
6.744276285171508789e-01
7.162399888038635254e-01
-8.776710182428359985e-02
7.276280522346496582e-01
7.362681627273559570e-01
-9.564755856990814209e-02
7.642128467559814453e-01
7.070760726928710938e-01
-1.004404202103614807e-01
8.072438240051269531e-01
5.671305656433105469e-01
-7.334820926189422607e-02
7.317426204681396484e-01
7.343111634254455566e-01
-1.104861348867416382e-01
7.815046310424804688e-01
7.470254898071289062e-01
-9.625232219696044922e-02
8.118135333061218262e-01
7.125080823898315430e-01
-8.434125036001205444e-02
8.591540455818176270e-01
6.124810576438903809e-01
-9.863372892141342163e-02
7.897703051567077637e-01
7.360490560531616211e-01
-1.270217001438140869e-01
8.197987675666809082e-01
7.537395954132080078e-01
-1.165404096245765686e-01
8.460462093353271484e-01
7.290327548980712891e-01
-1.058963462710380554e-01
