7.716411948204040527e-01
7.263217568397521973e-01
-5.751843445978011005e-07
6.522572636604309082e-01
7.628550529479980469e-01
1.442980580031871796e-02
5.559067726135253906e-01
7.713843584060668945e-01
-1.704962574876844883e-03
4.865499138832092285e-01
8.085449934005737305e-01
-2.475660853087902069e-02
4.256438016891479492e-01
8.593144416809082031e-01
-4.823849722743034363e-02
5.093806385993957520e-01
5.928455591201782227e-01
-2.739272313192486763e-03
4.237008094787597656e-01
7.068243622779846191e-01
-3.165258839726448059e-02
3.761596083641052246e-01
7.607138752937316895e-01
-5.552259460091590881e-02
3.325005769729614258e-01
7.953239679336547852e-01
-7.510488480329513550e-02
5.344769954681396484e-01
5.899964570999145508e-01
-3.165038675069808960e-02
4.504172503948211670e-01
7.547526359558105469e-01
-6.293549388647079468e-02
4.962213635444641113e-01
7.713773250579833984e-01
-7.046004384756088257e-02
5.296654701232910156e-01
7.481063604354858398e-01
-7.623555511236190796e-02
5.698224306106567383e-01
6.167782545089721680e-01
-6.087196990847587585e-02
4.927341938018798828e-01
7.774774432182312012e-01
-8.742271363735198975e-02
5.407487154006958008e-01
7.898359298706054688e-01
-7.305790483951568604e-02
5.695078372955322266e-01
7.611575722694396973e-01
-6.362104415893554688e-02
6.087529063224792480e-01
6.643345355987548828e-01
-8.997122198343276978e-02
5.415634512901306152e-01
7.815248370170593262e-01
-1.090396270155906677e-01
5.723453164100646973e-01
7.984817624092102051e-01
-9.789812564849853516e-02
5.990180373191833496e-01
7.788521051406860352e-01
-8.845837414264678955e-02
