7.389891147613525391e-01
6.863303780555725098e-01
-5.304395358507463243e-07
6.348091363906860352e-01
7.269799113273620605e-01
1.887208409607410431e-02
5.536440014839172363e-01
7.348437309265136719e-01
5.997746251523494720e-03
4.958991706371307373e-01
7.654708027839660645e-01
-1.513316668570041656e-02
4.459449052810668945e-01
8.104715347290039062e-01
-3.654033318161964417e-02
5.101220011711120605e-01
5.758025646209716797e-01
9.287724271416664124e-03
4.357116222381591797e-01
6.798518300056457520e-01
-1.285971421748399734e-02
3.982113599777221680e-01
7.319863438606262207e-01
-3.249133378267288208e-02
3.622708916664123535e-01
7.659258246421813965e-01
-4.880452901124954224e-02
5.259218811988830566e-01
5.713862180709838867e-01
-1.868394203484058380e-02
4.571164250373840332e-01
7.208513617515563965e-01
-4.421360790729522705e-02
5.030509829521179199e-01
7.318670153617858887e-01
-5.043373256921768188e-02
5.346516966819763184e-01
7.086361646652221680e-01
-5.467899888753890991e-02
5.506938695907592773e-01
5.935690999031066895e-01
-4.689605534076690674e-02
4.882536530494689941e-01
7.355853319168090820e-01
-6.484586745500564575e-02
5.349732637405395508e-01
7.444294691085815430e-01
-5.204037576913833618e-02
5.619037151336669922e-01
7.178456187248229980e-01
-4.480603709816932678e-02
5.783726572990417480e-01
6.329567432403564453e-01
-7.523231953382492065e-02
5.292161703109741211e-01
7.349870800971984863e-01
-8.752571046352386475e-02
5.602747797966003418e-01
7.502232193946838379e-01
-7.849522680044174194e-02
5.853672623634338379e-01
7.349882721900939941e-01
-7.152504473924636841e-02
