2.497945874929428101e-01
5.719671845436096191e-01
2.337883557856912375e-07
3.306727111339569092e-01
5.998550057411193848e-01
-9.509120718576014042e-04
4.018966555595397949e-01
6.097028255462646484e-01
-1.591140404343605042e-02
4.529516398906707764e-01
6.393125653266906738e-01
-3.776681050658226013e-02
4.931331872940063477e-01
6.786155104637145996e-01
-5.962370708584785461e-02
4.253526628017425537e-01
4.522165954113006592e-01
9.120021131820976734e-04
4.909334778785705566e-01
5.363674163818359375e-01
-2.791694737970829010e-02
5.314077138900756836e-01
5.747603774070739746e-01
-4.942970350384712219e-02
5.729345083236694336e-01
6.014147400856018066e-01
-6.505496054887771606e-02
4.066159129142761230e-01
4.252811968326568604e-01
-1.684299297630786896e-02
4.606640934944152832e-01
5.421792268753051758e-01
-5.041423067450523376e-02
4.136551022529602051e-01
5.665861368179321289e-01
-5.827481299638748169e-02
3.919469118118286133e-01
5.414561033248901367e-01
-5.868193879723548889e-02
3.801132142543792725e-01
4.254852533340454102e-01
-3.695037215948104858e-02
4.331008195877075195e-01
5.337105989456176758e-01
-6.697110831737518311e-02
3.914791643619537354e-01
5.599429607391357422e-01
-5.626058578491210938e-02
3.719229400157928467e-01
5.384539365768432617e-01
-4.314758628606796265e-02
3.495389223098754883e-01
4.418202936649322510e-01
-5.854225903749465942e-02
4.000211656093597412e-01
5.155322551727294922e-01
-7.673743367195129395e-02
3.756972849369049072e-01
5.361078977584838867e-01
-6.581595540046691895e-02
3.556830286979675293e-01
5.173345804214477539e-01
-5.331576615571975708e-02
