1.580513268709182739e-01
7.557700872421264648e-01
2.732685686623881338e-07
2.554167807102203369e-01
7.767539620399475098e-01
-7.572387112304568291e-04
3.318524658679962158e-01
7.767131924629211426e-01
-2.024680562317371368e-02
3.851802051067352295e-01
8.053499460220336914e-01
-4.710388183593750000e-02
4.335789382457733154e-01
8.454461097717285156e-01
-7.518573850393295288e-02
3.477688729763031006e-01
6.011430025100708008e-01
-1.499278564006090164e-02
4.286953508853912354e-01
6.776806712150573730e-01
-4.929745197296142578e-02
4.776612520217895508e-01
7.178379893302917480e-01
-7.610861957073211670e-02
5.239524841308593750e-01
7.502056360244750977e-01
-9.571395069360733032e-02
3.144123554229736328e-01
5.842837691307067871e-01
-3.689049556851387024e-02
3.873535096645355225e-01
7.147986292839050293e-01
-7.856983691453933716e-02
3.410852849483489990e-01
7.499282360076904297e-01
-9.130160510540008545e-02
3.072324991226196289e-01
7.333186864852905273e-01
-9.519469738006591797e-02
2.745077013969421387e-01
6.014662384986877441e-01
-6.004033982753753662e-02
3.463897109031677246e-01
7.213668823242187500e-01
-9.553615003824234009e-02
3.062713146209716797e-01
7.528755068778991699e-01
-8.629736304283142090e-02
2.772179543972015381e-01
7.360328435897827148e-01
-7.400473952293395996e-02
2.338843196630477905e-01
6.354677677154541016e-01
-8.456333726644515991e-02
2.988512217998504639e-01
7.163612246513366699e-01
-1.061499491333961487e-01
2.802700698375701904e-01
7.420838475227355957e-01
-9.494555741548538208e-02
2.575227320194244385e-01
7.300114631652832031e-01
-8.215366303920745850e-02
