1.747371703386306763e-01
6.973016262054443359e-01
2.592383339106163476e-07
2.643142938613891602e-01
7.343393564224243164e-01
-2.067100955173373222e-03
3.348778486251831055e-01
7.405976057052612305e-01
-1.886709965765476227e-02
3.839577436447143555e-01
7.699251770973205566e-01
-4.194552823901176453e-02
4.258064925670623779e-01
8.139755129814147949e-01
-6.496398895978927612e-02
3.596785962581634521e-01
5.804012417793273926e-01
-1.069387607276439667e-02
4.288291931152343750e-01
6.626244783401489258e-01
-3.982350975275039673e-02
4.715713858604431152e-01
7.036476731300354004e-01
-6.250206381082534790e-02
5.106448531150817871e-01
7.360482215881347656e-01
-7.991651445627212524e-02
3.357598781585693359e-01
5.639179944992065430e-01
-2.981630153954029083e-02
3.973478674888610840e-01
6.903447508811950684e-01
-6.660187244415283203e-02
3.541514873504638672e-01
7.167702913284301758e-01
-7.684953510761260986e-02
3.243350386619567871e-01
6.968241333961486816e-01
-7.986956834793090820e-02
3.044953942298889160e-01
5.771103501319885254e-01
-5.060859024524688721e-02
3.629483878612518311e-01
6.965175867080688477e-01
-8.143555372953414917e-02
3.233701586723327637e-01
7.199349403381347656e-01
-7.234522700309753418e-02
2.977429628372192383e-01
7.003340125083923340e-01
-6.164548546075820923e-02
2.711408734321594238e-01
6.065853238105773926e-01
-7.312148809432983398e-02
3.233571946620941162e-01
6.912044286727905273e-01
-9.138217568397521973e-02
3.022352755069732666e-01
7.099885940551757812e-01
-8.212991803884506226e-02
2.805049419403076172e-01
6.933422088623046875e-01
-7.241533696651458740e-02
