1.886556297540664673e-01
6.577950716018676758e-01
2.337218774073335226e-07
2.736207246780395508e-01
6.892361640930175781e-01
-1.783185580279678106e-04
3.449588716030120850e-01
6.948949694633483887e-01
-1.456805597990751266e-02
3.946114480495452881e-01
7.235893011093139648e-01
-3.504928201436996460e-02
4.388675689697265625e-01
7.650912404060363770e-01
-5.597744882106781006e-02
3.659698367118835449e-01
5.358111858367919922e-01
-6.685043685138225555e-03
4.347002804279327393e-01
6.237826347351074219e-01
-3.559126332402229309e-02
4.751520156860351562e-01
6.658367514610290527e-01
-5.784012004733085632e-02
5.156298279762268066e-01
6.960856914520263672e-01
-7.450363039970397949e-02
3.432901203632354736e-01
5.146982669830322266e-01
-2.601872198283672333e-02
4.092008471488952637e-01
6.358140110969543457e-01
-6.073038280010223389e-02
3.649912178516387939e-01
6.660957932472229004e-01
-6.973519176244735718e-02
3.371412754058837891e-01
6.478845477104187012e-01
-7.148552685976028442e-02
3.138323128223419189e-01
5.241451859474182129e-01
-4.704068228602409363e-02
3.771608769893646240e-01
6.367649435997009277e-01
-7.755628973245620728e-02
3.362872004508972168e-01
6.654526591300964355e-01
-6.817701458930969238e-02
3.121445178985595703e-01
6.472761631011962891e-01
-5.644745379686355591e-02
2.819698750972747803e-01
5.517801046371459961e-01
-6.927596032619476318e-02
3.392251431941986084e-01
6.260430812835693359e-01
-8.779633045196533203e-02
3.168826103210449219e-01
6.489549279212951660e-01
-7.734161615371704102e-02
2.950715422630310059e-01
6.346810460090637207e-01
-6.606321781873703003e-02
