1.747828722000122070e-01
7.612320184707641602e-01
3.237944667944248067e-07
2.759315967559814453e-01
7.962613105773925781e-01
-5.781442858278751373e-03
3.568915128707885742e-01
8.025050759315490723e-01
-2.809417620301246643e-02
4.131873548030853271e-01
8.391755223274230957e-01
-5.699740722775459290e-02
4.649186730384826660e-01
8.880420923233032227e-01
-8.663593232631683350e-02
3.809129297733306885e-01
6.108965873718261719e-01
-1.848947629332542419e-02
4.689121842384338379e-01
7.075465917587280273e-01
-5.692579224705696106e-02
5.220265388488769531e-01
7.550706863403320312e-01
-8.682306110858917236e-02
5.729157924652099609e-01
7.921804189682006836e-01
-1.087899133563041687e-01
3.476498425006866455e-01
5.920565128326416016e-01
-3.971156477928161621e-02
4.249588549137115479e-01
7.396020293235778809e-01
-8.476877957582473755e-02
3.737186193466186523e-01
7.702736258506774902e-01
-9.717831015586853027e-02
3.397888243198394775e-01
7.445659041404724121e-01
-1.007647886872291565e-01
3.065921366214752197e-01
6.098089814186096191e-01
-6.315635889768600464e-02
3.825467228889465332e-01
7.462649345397949219e-01
-1.004468798637390137e-01
3.375114500522613525e-01
7.743690013885498047e-01
-8.932853490114212036e-02
3.078202903270721436e-01
7.496321797370910645e-01
-7.613449543714523315e-02
2.640872001647949219e-01
6.471298933029174805e-01
-8.879014849662780762e-02
3.302619755268096924e-01
7.396196722984313965e-01
-1.115933507680892944e-01
3.059043586254119873e-01
7.619309425354003906e-01
-9.999841451644897461e-02
2.806155085563659668e-01
7.418267726898193359e-01
-8.724049478769302368e-02
