1.825395375490188599e-01
7.445980906486511230e-01
2.798189200348133454e-07
2.798495888710021973e-01
7.804659008979797363e-01
-4.823681083507835865e-04
3.547278642654418945e-01
7.896138429641723633e-01
-1.936095021665096283e-02
4.062987267971038818e-01
8.232275843620300293e-01
-4.551024734973907471e-02
4.535613059997558594e-01
8.650523424148559570e-01
-7.202415913343429565e-02
3.808038234710693359e-01
6.142226457595825195e-01
-1.255634147673845291e-02
4.572241306304931641e-01
7.076863646507263184e-01
-4.556505754590034485e-02
5.019968748092651367e-01
7.574276924133300781e-01
-7.140370458364486694e-02
5.433623790740966797e-01
7.953765988349914551e-01
-9.060452133417129517e-02
3.532657325267791748e-01
5.964245200157165527e-01
-3.439713642001152039e-02
4.229908585548400879e-01
7.330063581466674805e-01
-7.431145012378692627e-02
3.766619563102722168e-01
7.618972659111022949e-01
-8.625505119562149048e-02
3.441013395786285400e-01
7.388475537300109863e-01
-9.001564234495162964e-02
3.177203834056854248e-01
6.118179559707641602e-01
-5.754624679684638977e-02
3.839653134346008301e-01
7.394237518310546875e-01
-9.074209630489349365e-02
3.415118455886840820e-01
7.653122544288635254e-01
-8.034092187881469727e-02
3.133425116539001465e-01
7.425184249877929688e-01
-6.800133734941482544e-02
2.801572382450103760e-01
6.439357995986938477e-01
-8.224808424711227417e-02
3.396896421909332275e-01
7.315606474876403809e-01
-1.019451245665550232e-01
3.182355761528015137e-01
7.522211074829101562e-01
-9.036758542060852051e-02
2.955681085586547852e-01
7.338069081306457520e-01
-7.810283452272415161e-02
