8.582634329795837402e-01
5.577362775802612305e-01
-4.527521753061591880e-07
7.534350752830505371e-01
5.998153686523437500e-01
9.312975453212857246e-04
6.692160367965698242e-01
6.232956647872924805e-01
-2.025734633207321167e-02
6.140974760055541992e-01
6.753301620483398438e-01
-4.524995759129524231e-02
5.713678598403930664e-01
7.388412952423095703e-01
-7.076671719551086426e-02
6.195394396781921387e-01
4.603185355663299561e-01
-2.401375770568847656e-02
5.514307022094726562e-01
5.767410993576049805e-01
-5.658122897148132324e-02
5.101946592330932617e-01
6.290565729141235352e-01
-8.284173160791397095e-02
4.682697057723999023e-01
6.639422178268432617e-01
-1.047010421752929688e-01
6.531658768653869629e-01
4.490498602390289307e-01
-4.664024338126182556e-02
5.950370430946350098e-01
6.127704381942749023e-01
-7.963368296623229980e-02
6.431054472923278809e-01
6.185841560363769531e-01
-8.666444569826126099e-02
6.696791648864746094e-01
5.856681466102600098e-01
-9.282153099775314331e-02
6.966944336891174316e-01
4.643208086490631104e-01
-7.011383771896362305e-02
6.442990899085998535e-01
6.245680451393127441e-01
-9.580066800117492676e-02
6.871672272682189941e-01
6.252461671829223633e-01
-8.016066998243331909e-02
7.071410417556762695e-01
5.893977284431457520e-01
-7.094506174325942993e-02
7.422667145729064941e-01
4.982487857341766357e-01
-9.476146847009658813e-02
6.916257143020629883e-01
6.143794059753417969e-01
-1.131207123398780823e-01
7.167431712150573730e-01
6.235724091529846191e-01
-1.014501973986625671e-01
7.349265813827514648e-01
5.989354848861694336e-01
-9.256900846958160400e-02
