7.859553694725036621e-01
6.422860622406005859e-01
-4.900425665255170316e-07
6.740463972091674805e-01
6.972243785858154297e-01
8.043169043958187103e-03
5.812677145004272461e-01
7.221489548683166504e-01
-1.244516856968402863e-02
5.184624791145324707e-01
7.716614007949829102e-01
-3.790089115500450134e-02
4.614533185958862305e-01
8.341073989868164062e-01
-6.383327394723892212e-02
5.177544355392456055e-01
5.459778904914855957e-01
-1.845932565629482269e-02
4.394890666007995605e-01
6.756598353385925293e-01
-5.199194326996803284e-02
3.960132002830505371e-01
7.304956316947937012e-01
-7.775316387414932251e-02
3.531395196914672852e-01
7.641854882240295410e-01
-9.860426932573318481e-02
5.471002459526062012e-01
5.405572652816772461e-01
-4.491602629423141479e-02
4.758906960487365723e-01
7.149570584297180176e-01
-7.986365258693695068e-02
5.214903950691223145e-01
7.202495932579040527e-01
-8.773506432771682739e-02
5.484376549720764160e-01
6.849108934402465820e-01
-9.409531950950622559e-02
5.881512165069580078e-01
5.624554157257080078e-01
-7.136014103889465332e-02
5.253337025642395020e-01
7.362703084945678711e-01
-1.005176901817321777e-01
5.721426606178283691e-01
7.380619645118713379e-01
-8.399842679500579834e-02
5.933272838592529297e-01
6.996092200279235840e-01
-7.372891902923583984e-02
6.334111690521240234e-01
6.042775511741638184e-01
-9.785107523202896118e-02
5.798144340515136719e-01
7.368366122245788574e-01
-1.178854927420616150e-01
6.126671433448791504e-01
7.438631057739257812e-01
-1.040974259376525879e-01
6.333850026130676270e-01
7.128312587738037109e-01
-9.327253699302673340e-02
