2.162404060363769531e-01
6.729772686958312988e-01
3.536679002991149900e-07
3.251059651374816895e-01
6.969422698020935059e-01
-4.574636928737163544e-03
4.148718714714050293e-01
6.933659315109252930e-01
-2.660847455263137817e-02
4.792698025703430176e-01
7.207472324371337891e-01
-5.627723038196563721e-02
5.364071130752563477e-01
7.715079784393310547e-01
-8.687837421894073486e-02
4.304790794849395752e-01
4.920828938484191895e-01
-1.185807306319475174e-02
5.234224200248718262e-01
5.916322469711303711e-01
-5.180131271481513977e-02
5.820606946945190430e-01
6.346749067306518555e-01
-8.242058008909225464e-02
6.383135318756103516e-01
6.627876758575439453e-01
-1.046656966209411621e-01
3.968968093395233154e-01
4.634241461753845215e-01
-3.455457091331481934e-02
4.817370772361755371e-01
6.063359379768371582e-01
-8.093695342540740967e-02
4.286830425262451172e-01
6.525224447250366211e-01
-9.395937621593475342e-02
3.940337300300598145e-01
6.286620497703552246e-01
-9.666773676872253418e-02
3.568787276744842529e-01
4.741643071174621582e-01
-5.970393493771553040e-02
4.386007189750671387e-01
6.094061732292175293e-01
-1.020303890109062195e-01
3.910140693187713623e-01
6.561765670776367188e-01
-9.138192236423492432e-02
3.607517480850219727e-01
6.341758370399475098e-01
-7.603575289249420166e-02
3.147571980953216553e-01
5.073207020759582520e-01
-8.654449880123138428e-02
3.893865346908569336e-01
5.955702662467956543e-01
-1.128141954541206360e-01
3.653746545314788818e-01
6.320469379425048828e-01
-9.978450089693069458e-02
3.382802009582519531e-01
6.167778372764587402e-01
-8.427429944276809692e-02
