8.680341243743896484e-01
6.194796562194824219e-01
-4.491830338793079136e-07
7.706160545349121094e-01
6.556400656700134277e-01
2.694548107683658600e-03
6.896504163742065430e-01
6.787441372871398926e-01
-1.570404320955276489e-02
6.352064013481140137e-01
7.289726734161376953e-01
-3.762820363044738770e-02
5.907039642333984375e-01
7.875288128852844238e-01
-6.019460037350654602e-02
6.425033807754516602e-01
5.296066999435424805e-01
-1.924486830830574036e-02
5.790058374404907227e-01
6.326642632484436035e-01
-4.978675767779350281e-02
5.399842262268066406e-01
6.833704710006713867e-01
-7.531093806028366089e-02
5.011731386184692383e-01
7.210655212402343750e-01
-9.614123404026031494e-02
6.731595993041992188e-01
5.251528024673461914e-01
-4.024706780910491943e-02
6.170780658721923828e-01
6.733810901641845703e-01
-7.025463879108428955e-02
6.606458425521850586e-01
6.790425777435302734e-01
-7.749560475349426270e-02
6.863474845886230469e-01
6.495743989944458008e-01
-8.411239087581634521e-02
7.124334573745727539e-01
5.439237356185913086e-01
-6.186726689338684082e-02
6.609556078910827637e-01
6.884309649467468262e-01
-8.579535037279129028e-02
7.014147043228149414e-01
6.911290884017944336e-01
-7.108980417251586914e-02
7.210603356361389160e-01
6.594021916389465332e-01
-6.258828192949295044e-02
7.536998987197875977e-01
5.783683061599731445e-01
-8.429814130067825317e-02
7.077767252922058105e-01
6.867263317108154297e-01
-1.019332334399223328e-01
7.337832450866699219e-01
6.944971680641174316e-01
-9.061535447835922241e-02
7.514749169349670410e-01
6.698386669158935547e-01
-8.200164884328842163e-02
