6.784270405769348145e-01
6.418906450271606445e-01
-5.434445142782351468e-07
5.817315578460693359e-01
6.968226432800292969e-01
1.340910606086254120e-02
4.996665120124816895e-01
7.223906517028808594e-01
8.013769547687843442e-05
4.436660408973693848e-01
7.657162547111511230e-01
-2.036877721548080444e-02
3.968997001647949219e-01
8.183504343032836914e-01
-4.062486812472343445e-02
4.389863014221191406e-01
5.655376911163330078e-01
7.691550999879837036e-03
3.742024898529052734e-01
6.712473034858703613e-01
-1.484707463532686234e-02
3.368090689182281494e-01
7.229645252227783203e-01
-3.526973724365234375e-02
3.013072311878204346e-01
7.580848932266235352e-01
-5.280821770429611206e-02
4.521879553794860840e-01
5.617317557334899902e-01
-1.789935305714607239e-02
4.013573527336120605e-01
7.216326594352722168e-01
-4.412948340177536011e-02
4.471383094787597656e-01
7.279286384582519531e-01
-5.148872360587120056e-02
4.744066298007965088e-01
7.000748515129089355e-01
-5.667386204004287720e-02
4.770081043243408203e-01
5.820613503456115723e-01
-4.418730363249778748e-02
4.347732961177825928e-01
7.376992106437683105e-01
-6.484624743461608887e-02
4.825297892093658447e-01
7.395612001419067383e-01
-5.242781341075897217e-02
5.045508742332458496e-01
7.088239192962646484e-01
-4.481841623783111572e-02
5.084345936775207520e-01
6.191546916961669922e-01
-7.108052819967269897e-02
4.743814766407012939e-01
7.349935173988342285e-01
-8.665572106838226318e-02
5.082364678382873535e-01
7.421977519989013672e-01
-7.789640873670578003e-02
5.297879576683044434e-01
7.196295857429504395e-01
-7.029885798692703247e-02
