8.319563269615173340e-01
6.265153884887695312e-01
-4.654736756037891610e-07
7.346788048744201660e-01
6.709831357002258301e-01
6.069029681384563446e-03
6.531044840812683105e-01
6.975773572921752930e-01
-1.198398414999246597e-02
5.981562733650207520e-01
7.466403245925903320e-01
-3.413702175021171570e-02
5.533712506294250488e-01
8.061687350273132324e-01
-5.636870115995407104e-02
5.984086990356445312e-01
5.383896231651306152e-01
-1.469330582767724991e-02
5.353609919548034668e-01
6.496422290802001953e-01
-4.743988439440727234e-02
4.969394207000732422e-01
7.074439525604248047e-01
-7.534271478652954102e-02
4.598998427391052246e-01
7.510163187980651855e-01
-9.750583767890930176e-02
6.276038885116577148e-01
5.355009436607360840e-01
-3.785301744937896729e-02
5.694420337677001953e-01
6.912215948104858398e-01
-6.825527548789978027e-02
6.147830486297607422e-01
6.983773708343505859e-01
-7.491672784090042114e-02
6.402238607406616211e-01
6.667213439941406250e-01
-8.099842816591262817e-02
6.662456393241882324e-01
5.551947355270385742e-01
-6.196029111742973328e-02
6.127347350120544434e-01
7.068883776664733887e-01
-8.586870133876800537e-02
6.547538042068481445e-01
7.110577225685119629e-01
-6.919920444488525391e-02
6.739590764045715332e-01
6.760647892951965332e-01
-5.935011804103851318e-02
7.078022956848144531e-01
5.910082459449768066e-01
-8.674756437540054321e-02
6.609652042388916016e-01
7.061235904693603516e-01
-1.032185256481170654e-01
6.891270279884338379e-01
7.149085998535156250e-01
-9.006890654563903809e-02
7.062261104583740234e-01
6.868132352828979492e-01
-8.017736673355102539e-02
