9.135636687278747559e-01
6.599782705307006836e-01
-5.565219680647714995e-07
7.880862951278686523e-01
7.157295346260070801e-01
-1.269548432901501656e-03
6.909722685813903809e-01
7.484319210052490234e-01
-2.844887785613536835e-02
6.282819509506225586e-01
8.142510652542114258e-01
-6.003038585186004639e-02
5.810351371765136719e-01
8.932348489761352539e-01
-9.296130388975143433e-02
6.295826435089111328e-01
5.537219047546386719e-01
-3.483658283948898315e-02
5.446797609329223633e-01
6.809298992156982422e-01
-7.814141362905502319e-02
4.918265938758850098e-01
7.442962527275085449e-01
-1.113167703151702881e-01
4.410288333892822266e-01
7.908354997634887695e-01
-1.376095861196517944e-01
6.734536290168762207e-01
5.313532352447509766e-01
-6.114271655678749084e-02
6.029350161552429199e-01
7.262623310089111328e-01
-1.056866049766540527e-01
6.634982228279113770e-01
7.428619861602783203e-01
-1.140338331460952759e-01
6.999819874763488770e-01
7.072930932044982910e-01
-1.196417137980461121e-01
7.300564050674438477e-01
5.433416366577148438e-01
-8.874027431011199951e-02
6.681651473045349121e-01
7.371770143508911133e-01
-1.255578845739364624e-01
7.221713662147521973e-01
7.439762353897094727e-01
-1.068946048617362976e-01
7.512684464454650879e-01
7.013260722160339355e-01
-9.367579221725463867e-02
7.887327075004577637e-01
5.801457166671752930e-01
-1.174847334623336792e-01
7.288213968276977539e-01
7.231339216232299805e-01
-1.439539045095443726e-01
7.616788148880004883e-01
7.369084358215332031e-01
-1.298130899667739868e-01
7.873087525367736816e-01
7.047651410102844238e-01
-1.177469044923782349e-01
