8.418313264846801758e-01
5.402771234512329102e-01
-5.339969106898934115e-07
7.251660823822021484e-01
5.985720157623291016e-01
-6.723067723214626312e-03
6.281005740165710449e-01
6.317054033279418945e-01
-3.546931967139244080e-02
5.629870891571044922e-01
6.910051107406616211e-01
-6.812065094709396362e-02
5.133984088897705078e-01
7.694476842880249023e-01
-1.007657572627067566e-01
5.627992153167724609e-01
4.425048828125000000e-01
-3.443999215960502625e-02
4.839903116226196289e-01
5.764938592910766602e-01
-7.531213760375976562e-02
4.385091066360473633e-01
6.387894153594970703e-01
-1.046946570277214050e-01
3.943196833133697510e-01
6.826291084289550781e-01
-1.282404810190200806e-01
6.004940271377563477e-01
4.132822155952453613e-01
-5.920698866248130798e-02
5.398795008659362793e-01
6.080330610275268555e-01
-1.049411594867706299e-01
6.008960604667663574e-01
6.190571188926696777e-01
-1.137595474720001221e-01
6.358143091201782227e-01
5.833323001861572266e-01
-1.186834424734115601e-01
6.530392765998840332e-01
4.191091358661651611e-01
-8.615889400243759155e-02
5.972607731819152832e-01
6.064233183860778809e-01
-1.245774701237678528e-01
6.520950794219970703e-01
6.093179583549499512e-01
-1.073080077767372131e-01
6.795879006385803223e-01
5.689437985420227051e-01
-9.461316466331481934e-02
7.088416218757629395e-01
4.493133127689361572e-01
-1.151085346937179565e-01
6.575701236724853516e-01
5.834988355636596680e-01
-1.443261057138442993e-01
6.895468235015869141e-01
6.002757549285888672e-01
-1.339751929044723511e-01
7.130153179168701172e-01
5.762650966644287109e-01
-1.240622848272323608e-01
