7.000332474708557129e-01
5.643233060836791992e-01
-4.103796413801319432e-07
6.070052385330200195e-01
6.305395960807800293e-01
2.043919265270233154e-02
5.376210808753967285e-01
6.543092131614685059e-01
8.347976021468639374e-03
4.885625839233398438e-01
6.940464377403259277e-01
-1.301848515868186951e-02
4.471305906772613525e-01
7.432110905647277832e-01
-3.534068167209625244e-02
4.851778745651245117e-01
5.176861286163330078e-01
1.363028585910797119e-02
4.270965456962585449e-01
6.175815463066101074e-01
-1.740884035825729370e-03
3.986487686634063721e-01
6.595881581306457520e-01
-1.544811204075813293e-02
3.635990619659423828e-01
6.831000447273254395e-01
-2.889951691031455994e-02
4.956299066543579102e-01
5.015430450439453125e-01
-1.414386089891195297e-02
4.494389593601226807e-01
6.487900614738464355e-01
-3.484417125582695007e-02
4.957773387432098389e-01
6.525722742080688477e-01
-3.816380724310874939e-02
5.209605097770690918e-01
6.227259039878845215e-01
-4.078786447644233704e-02
5.178673267364501953e-01
5.104983448982238770e-01
-4.183100536465644836e-02
4.779523015022277832e-01
6.483596563339233398e-01
-5.430560186505317688e-02
5.230109691619873047e-01
6.523995995521545410e-01
-3.984748944640159607e-02
5.436289310455322266e-01
6.223473548889160156e-01
-3.286287561058998108e-02
5.430115461349487305e-01
5.384644865989685059e-01
-6.957864016294479370e-02
5.110316276550292969e-01
6.375083327293395996e-01
-7.638851553201675415e-02
5.420832037925720215e-01
6.444125175476074219e-01
-6.565763056278228760e-02
5.619524717330932617e-01
6.222227215766906738e-01
-5.895446240901947021e-02
