1.801133453845977783e-01
7.094035148620605469e-01
3.346399637393915327e-07
2.813596129417419434e-01
7.417646646499633789e-01
-1.192715833894908428e-03
3.586003482341766357e-01
7.504692673683166504e-01
-2.207442373037338257e-02
4.111738801002502441e-01
7.865969538688659668e-01
-5.001641437411308289e-02
4.579905271530151367e-01
8.303807973861694336e-01
-7.855438441038131714e-02
3.828292489051818848e-01
5.693503022193908691e-01
-1.816843077540397644e-02
4.631631076335906982e-01
6.559798121452331543e-01
-5.338884890079498291e-02
5.141288638114929199e-01
6.986084580421447754e-01
-8.057952672243118286e-02
5.616365075111389160e-01
7.320767045021057129e-01
-1.007613092660903931e-01
3.511434793472290039e-01
5.510987043380737305e-01
-4.076612740755081177e-02
4.218641817569732666e-01
6.958422660827636719e-01
-8.380168676376342773e-02
3.743006587028503418e-01
7.305937409400939941e-01
-9.590564668178558350e-02
3.419876098632812500e-01
7.117478251457214355e-01
-9.961751848459243774e-02
3.111869096755981445e-01
5.680275559425354004e-01
-6.459245830774307251e-02
3.794488012790679932e-01
7.019127607345581055e-01
-1.016733720898628235e-01
3.369722664356231689e-01
7.299630641937255859e-01
-9.186784923076629639e-02
3.084194958209991455e-01
7.087677121162414551e-01
-7.945923507213592529e-02
2.702341079711914062e-01
6.023890972137451172e-01
-8.984545618295669556e-02
3.298469185829162598e-01
6.926909089088439941e-01
-1.119792610406875610e-01
3.104795813560485840e-01
7.150568366050720215e-01
-1.009267643094062805e-01
2.887823879718780518e-01
6.989702582359313965e-01
-8.883907645940780640e-02
