1.605737805366516113e-01
6.015322804450988770e-01
4.235934056850965135e-07
2.548115849494934082e-01
6.406220793724060059e-01
-8.698757737874984741e-03
3.369943499565124512e-01
6.646223664283752441e-01
-3.660335764288902283e-02
3.873116075992584229e-01
7.242212891578674316e-01
-7.112301886081695557e-02
4.334848225116729736e-01
7.914650440216064453e-01
-1.081686019897460938e-01
3.893016576766967773e-01
4.786412715911865234e-01
-3.374623134732246399e-02
4.681413173675537109e-01
5.930605530738830566e-01
-8.627174794673919678e-02
5.210823416709899902e-01
6.543343067169189453e-01
-1.276685595512390137e-01
5.764985084533691406e-01
7.019124031066894531e-01
-1.563414931297302246e-01
3.494360446929931641e-01
4.409037828445434570e-01
-5.677919089794158936e-02
4.028151929378509521e-01
6.140015125274658203e-01
-1.143203824758529663e-01
3.408728539943695068e-01
6.493090987205505371e-01
-1.325272470712661743e-01
3.057123422622680664e-01
6.228356957435607910e-01
-1.385801583528518677e-01
2.933374047279357910e-01
4.389854073524475098e-01
-8.203270286321640015e-02
3.488768935203552246e-01
6.008470058441162109e-01
-1.332956701517105103e-01
2.957053780555725098e-01
6.322646141052246094e-01
-1.247896477580070496e-01
2.660697102546691895e-01
6.029538512229919434e-01
-1.096063032746315002e-01
2.330670654773712158e-01
4.577030539512634277e-01
-1.088440120220184326e-01
2.914831936359405518e-01
5.685733556747436523e-01
-1.410485655069351196e-01
2.680243253707885742e-01
6.013200879096984863e-01
-1.285227090120315552e-01
2.465560734272003174e-01
5.837275981903076172e-01
-1.120303571224212646e-01
