1.758085340261459351e-01
6.040392518043518066e-01
4.250049983056669589e-07
2.716924846172332764e-01
6.711813211441040039e-01
-3.699490800499916077e-03
3.484197258949279785e-01
7.080263495445251465e-01
-3.195767477154731750e-02
3.955024182796478271e-01
7.748042345046997070e-01
-6.821076571941375732e-02
4.382217526435852051e-01
8.471512198448181152e-01
-1.065037325024604797e-01
4.099361300468444824e-01
5.278216600418090820e-01
-3.056464530527591705e-02
4.841512143611907959e-01
6.579250097274780273e-01
-7.691899687051773071e-02
5.305521488189697266e-01
7.318864464759826660e-01
-1.120683848857879639e-01
5.748134851455688477e-01
7.938364148139953613e-01
-1.369721889495849609e-01
3.762405514717102051e-01
4.948242306709289551e-01
-5.592720955610275269e-02
4.270586073398590088e-01
6.806527972221374512e-01
-1.077951788902282715e-01
3.694063425064086914e-01
6.921468973159790039e-01
-1.203911006450653076e-01
3.397077322006225586e-01
6.495837569236755371e-01
-1.237565353512763977e-01
3.265503942966461182e-01
4.969570636749267578e-01
-8.295159786939620972e-02
3.791479766368865967e-01
6.688807606697082520e-01
-1.266191303730010986e-01
3.285763561725616455e-01
6.817148327827453613e-01
-1.134637817740440369e-01
3.015606403350830078e-01
6.434385776519775391e-01
-9.781618416309356689e-02
2.726940512657165527e-01
5.174034833908081055e-01
-1.117349639534950256e-01
3.206176161766052246e-01
6.375777125358581543e-01
-1.390618383884429932e-01
2.935959994792938232e-01
6.551548838615417480e-01
-1.255598068237304688e-01
2.734124958515167236e-01
6.263297796249389648e-01
-1.104592457413673401e-01
