2.278232425451278687e-01
5.599240660667419434e-01
2.409510955203586491e-07
2.908534407615661621e-01
6.015078425407409668e-01
-9.096386842429637909e-03
3.512173295021057129e-01
6.282020807266235352e-01
-2.885512448847293854e-02
3.878732621669769287e-01
6.761545538902282715e-01
-5.340119078755378723e-02
4.149263799190521240e-01
7.319928407669067383e-01
-7.888179272413253784e-02
4.064437747001647949e-01
4.923536181449890137e-01
-1.731277070939540863e-02
4.489881098270416260e-01
5.716572403907775879e-01
-5.161349102854728699e-02
4.769899845123291016e-01
6.174854636192321777e-01
-7.790853828191757202e-02
5.072208642959594727e-01
6.542575359344482422e-01
-9.585236757993698120e-02
3.832135200500488281e-01
4.523605108261108398e-01
-3.169346228241920471e-02
4.002751708030700684e-01
5.806007385253906250e-01
-7.075629383325576782e-02
3.552516400814056396e-01
5.994064807891845703e-01
-8.378075063228607178e-02
3.349421024322509766e-01
5.748556852340698242e-01
-8.767146617174148560e-02
3.448145389556884766e-01
4.369489252567291260e-01
-4.830307886004447937e-02
3.620062470436096191e-01
5.592036247253417969e-01
-8.373640477657318115e-02
3.235735595226287842e-01
5.772457122802734375e-01
-8.082033693790435791e-02
3.081913292407989502e-01
5.521603822708129883e-01
-7.217244058847427368e-02
3.013573586940765381e-01
4.362607896327972412e-01
-6.633254885673522949e-02
3.213323950767517090e-01
5.271180272102355957e-01
-8.762302249670028687e-02
2.995476722717285156e-01
5.494577884674072266e-01
-8.055900037288665771e-02
2.881779670715332031e-01
5.329066514968872070e-01
-7.019445300102233887e-02
