2.541962563991546631e-01
5.614351034164428711e-01
-1.487591987370251445e-07
3.115764260292053223e-01
5.964524745941162109e-01
-4.063056409358978271e-02
3.591918647289276123e-01
6.290986537933349609e-01
-7.995475083589553833e-02
3.875877857208251953e-01
7.029215097427368164e-01
-1.183623448014259338e-01
3.989018201828002930e-01
7.784316539764404297e-01
-1.545636653900146484e-01
3.803228139877319336e-01
4.325777888298034668e-01
-7.191776484251022339e-02
3.701645135879516602e-01
5.562593340873718262e-01
-1.315107196569442749e-01
3.587008714675903320e-01
6.409831047058105469e-01
-1.710354536771774292e-01
3.557465672492980957e-01
6.918469071388244629e-01
-1.904769837856292725e-01
3.164567649364471436e-01
4.020899236202239990e-01
-7.464421540498733521e-02
2.999813258647918701e-01
5.769107937812805176e-01
-1.084665432572364807e-01
3.041846156120300293e-01
6.142393350601196289e-01
-1.132382377982139587e-01
3.121835887432098389e-01
6.111298799514770508e-01
-1.173450723290443420e-01
2.505375742912292480e-01
4.079470336437225342e-01
-8.305487036705017090e-02
2.447345107793807983e-01
5.725508928298950195e-01
-1.027138084173202515e-01
2.501519322395324707e-01
5.856804847717285156e-01
-8.470055460929870605e-02
2.581113576889038086e-01
5.624613761901855469e-01
-7.123921066522598267e-02
1.936581879854202271e-01
4.280924201011657715e-01
-9.895910322666168213e-02
1.905228942632675171e-01
5.369141101837158203e-01
-1.081756725907325745e-01
2.010210752487182617e-01
5.592119693756103516e-01
-9.336291998624801636e-02
2.125814557075500488e-01
5.492913126945495605e-01
-7.939030975103378296e-02
