2.286515384912490845e-01
6.217297315597534180e-01
3.512746786782372510e-07
3.249784409999847412e-01
6.764377355575561523e-01
-1.008658320643007755e-03
4.024989604949951172e-01
6.977552175521850586e-01
-2.459367178380489349e-02
4.541268348693847656e-01
7.485960721969604492e-01
-5.623245239257812500e-02
5.004996061325073242e-01
8.146944046020507812e-01
-9.011565148830413818e-02
4.542977809906005859e-01
5.225819349288940430e-01
-1.962902769446372986e-02
5.331225991249084473e-01
6.292137503623962402e-01
-6.063647568225860596e-02
5.868716239929199219e-01
6.808287501335144043e-01
-9.356006234884262085e-02
6.368678808212280273e-01
7.215707302093505859e-01
-1.178362816572189331e-01
4.253679215908050537e-01
4.832607507705688477e-01
-4.455423355102539062e-02
4.795546531677246094e-01
6.426916122436523438e-01
-9.280891716480255127e-02
4.205821156501770020e-01
6.735014915466308594e-01
-1.067578718066215515e-01
3.850734233856201172e-01
6.462241411209106445e-01
-1.109395995736122131e-01
3.815079033374786377e-01
4.805054068565368652e-01
-7.096877694129943848e-02
4.382143616676330566e-01
6.299521327018737793e-01
-1.124949008226394653e-01
3.875721395015716553e-01
6.580850481986999512e-01
-1.013408973813056946e-01
3.571046888828277588e-01
6.281837821006774902e-01
-8.714760094881057739e-02
3.314375281333923340e-01
4.988952279090881348e-01
-9.870932996273040771e-02
3.852744102478027344e-01
5.997490882873535156e-01
-1.247880831360816956e-01
3.631985187530517578e-01
6.303558349609375000e-01
-1.113197356462478638e-01
3.429099321365356445e-01
6.130083799362182617e-01
-9.630239754915237427e-02
