2.560266852378845215e-01
6.029757857322692871e-01
2.797258957798476331e-07
3.340996801853179932e-01
6.542617678642272949e-01
5.018934607505798340e-04
4.049436748027801514e-01
6.809827685356140137e-01
-1.485675293952226639e-02
4.498997628688812256e-01
7.220712304115295410e-01
-3.699211031198501587e-02
4.890427887439727783e-01
7.750421762466430664e-01
-6.021548062562942505e-02
4.497299790382385254e-01
5.296992063522338867e-01
-5.706514231860637665e-03
5.132868885993957520e-01
6.274639964103698730e-01
-3.541544452309608459e-02
5.544465780258178711e-01
6.730521321296691895e-01
-5.850082635879516602e-02
5.938189029693603516e-01
7.060316205024719238e-01
-7.570300251245498657e-02
4.317777156829833984e-01
4.978687167167663574e-01
-2.558246068656444550e-02
4.829561412334442139e-01
6.286728978157043457e-01
-6.389299780130386353e-02
4.349026381969451904e-01
6.525058746337890625e-01
-7.538240402936935425e-02
4.062149822711944580e-01
6.291933655738830566e-01
-7.749929279088973999e-02
4.030559659004211426e-01
4.937906265258789062e-01
-4.682745411992073059e-02
4.511151909828186035e-01
6.177400946617126465e-01
-7.996249943971633911e-02
4.062359333038330078e-01
6.401949524879455566e-01
-7.105099409818649292e-02
3.833113312721252441e-01
6.170213818550109863e-01
-5.844499543309211731e-02
3.680194318294525146e-01
5.067824125289916992e-01
-6.901326775550842285e-02
4.140231013298034668e-01
5.938987135887145996e-01
-8.873584121465682983e-02
3.893865644931793213e-01
6.164708733558654785e-01
-7.783067971467971802e-02
3.706364035606384277e-01
5.999232530593872070e-01
-6.543181091547012329e-02
