8.442165255546569824e-01
5.293273925781250000e-01
-5.025113978263107128e-07
7.462109327316284180e-01
5.791250467300415039e-01
2.144754398614168167e-03
6.640889644622802734e-01
5.993136763572692871e-01
-1.727107912302017212e-02
6.093022823333740234e-01
6.424846649169921875e-01
-4.093869030475616455e-02
5.630525350570678711e-01
7.024002075195312500e-01
-6.520055979490280151e-02
6.126949787139892578e-01
4.364770948886871338e-01
-1.761910691857337952e-02
5.493691563606262207e-01
5.455096960067749023e-01
-4.654480516910552979e-02
5.109881758689880371e-01
5.971359610557556152e-01
-7.005687803030014038e-02
4.723815619945526123e-01
6.327394247055053711e-01
-9.023912996053695679e-02
6.421488523483276367e-01
4.139880836009979248e-01
-4.031758755445480347e-02
5.888443589210510254e-01
5.740560889244079590e-01
-7.118339091539382935e-02
6.396941542625427246e-01
5.840724110603332520e-01
-7.738714665174484253e-02
6.689171195030212402e-01
5.553231239318847656e-01
-8.248550444841384888e-02
6.834295988082885742e-01
4.218350648880004883e-01
-6.396291404962539673e-02
6.359378695487976074e-01
5.817524790763854980e-01
-8.858325332403182983e-02
6.829193830490112305e-01
5.832548737525939941e-01
-7.325578480958938599e-02
7.052315473556518555e-01
5.498616695404052734e-01
-6.441174447536468506e-02
7.270085811614990234e-01
4.523555040359497070e-01
-8.872541785240173340e-02
6.819782853126525879e-01
5.705410838127136230e-01
-1.083111166954040527e-01
7.111880779266357422e-01
5.790919065475463867e-01
-9.830681979656219482e-02
7.310997843742370605e-01
5.546542406082153320e-01
-9.034330397844314575e-02
