8.002340793609619141e-01
6.453073024749755859e-01
-5.424943196885578800e-07
6.813895106315612793e-01
6.941087245941162109e-01
1.212386135011911392e-02
5.846083164215087891e-01
7.132093310356140137e-01
-7.556580007076263428e-03
5.182625651359558105e-01
7.596662640571594238e-01
-3.402813151478767395e-02
4.595030844211578369e-01
8.233466148376464844e-01
-6.076499447226524353e-02
5.275533795356750488e-01
5.273222923278808594e-01
-9.167644195258617401e-03
4.420364499092102051e-01
6.500072479248046875e-01
-4.101640731096267700e-02
3.949943482875823975e-01
7.030431628227233887e-01
-6.657825410366058350e-02
3.482071757316589355e-01
7.369932532310485840e-01
-8.785962313413619995e-02
5.545294284820556641e-01
5.196404457092285156e-01
-3.852537274360656738e-02
4.802007973194122314e-01
6.939336061477661133e-01
-7.371865212917327881e-02
5.311204791069030762e-01
7.009134888648986816e-01
-8.253156393766403198e-02
5.622451901435852051e-01
6.658919453620910645e-01
-8.906650543212890625e-02
5.935596227645874023e-01
5.417990684509277344e-01
-6.807593256235122681e-02
5.246520042419433594e-01
7.137787342071533203e-01
-9.691955894231796265e-02
5.759319663047790527e-01
7.204424738883972168e-01
-8.121969550848007202e-02
6.006826758384704590e-01
6.833634376525878906e-01
-7.114640623331069946e-02
6.370152235031127930e-01
5.858137011528015137e-01
-9.768392890691757202e-02
5.768383145332336426e-01
7.139805555343627930e-01
-1.174209564924240112e-01
6.105563044548034668e-01
7.263367772102355957e-01
-1.044998690485954285e-01
6.341767907142639160e-01
6.983096599578857422e-01
-9.394684433937072754e-02
