6.851392984390258789e-01
6.219959259033203125e-01
-4.803807200914889108e-07
5.963268876075744629e-01
6.744274497032165527e-01
2.204086631536483765e-02
5.273730754852294922e-01
6.953800916671752930e-01
1.172333583235740662e-02
4.794999659061431885e-01
7.339971661567687988e-01
-8.197279646992683411e-03
4.385725259780883789e-01
7.815722227096557617e-01
-2.825924381613731384e-02
4.673607349395751953e-01
5.521637201309204102e-01
2.097902260720729828e-02
4.111305177211761475e-01
6.490776538848876953e-01
4.187316168099641800e-03
3.801053762435913086e-01
6.962382197380065918e-01
-1.177533157169818878e-02
3.477865457534790039e-01
7.263090014457702637e-01
-2.601087652146816254e-02
4.770635366439819336e-01
5.433176755905151367e-01
-7.340318523347377777e-03
4.313194751739501953e-01
6.881214976310729980e-01
-2.689971588551998138e-02
4.761690795421600342e-01
6.921487450599670410e-01
-3.079115785658359528e-02
5.018472671508789062e-01
6.644219756126403809e-01
-3.355190902948379517e-02
4.974260032176971436e-01
5.594438910484313965e-01
-3.625856339931488037e-02
4.569890499114990234e-01
6.973814964294433594e-01
-4.902984946966171265e-02
5.014706850051879883e-01
7.000174522399902344e-01
-3.630613535642623901e-02
5.217970609664916992e-01
6.706268191337585449e-01
-2.963655255734920502e-02
5.216345191001892090e-01
5.925429463386535645e-01
-6.533718109130859375e-02
4.881731271743774414e-01
6.929236650466918945e-01
-7.206896692514419556e-02
5.185933113098144531e-01
7.015593647956848145e-01
-6.217240914702415466e-02
5.385029315948486328e-01
6.840776205062866211e-01
-5.538590252399444580e-02
