9.178574681282043457e-01
6.919538974761962891e-01
-6.226870823411445599e-07
8.019400835037231445e-01
7.176905870437622070e-01
-7.514819502830505371e-03
7.024959325790405273e-01
7.268402576446533203e-01
-2.971762791275978088e-02
6.328495740890502930e-01
7.569889426231384277e-01
-5.518268421292304993e-02
5.715808868408203125e-01
7.987340092658996582e-01
-7.979253679513931274e-02
6.590276360511779785e-01
5.580036044120788574e-01
-2.741754800081253052e-02
5.771074891090393066e-01
6.528185606002807617e-01
-6.426739692687988281e-02
5.215370655059814453e-01
7.012445926666259766e-01
-8.973258733749389648e-02
4.712299108505249023e-01
7.310022711753845215e-01
-1.101227700710296631e-01
7.005190253257751465e-01
5.457819700241088867e-01
-4.744774103164672852e-02
6.488009691238403320e-01
7.356261014938354492e-01
-9.136608988046646118e-02
7.025371789932250977e-01
7.603776454925537109e-01
-9.919513016939163208e-02
7.328997850418090820e-01
7.310003042221069336e-01
-1.028205603361129761e-01
7.498490810394287109e-01
5.674742460250854492e-01
-6.985991448163986206e-02
6.992464661598205566e-01
7.543243765830993652e-01
-1.088566780090332031e-01
7.483482956886291504e-01
7.654309868812561035e-01
-9.238673001527786255e-02
7.742063999176025391e-01
7.303693294525146484e-01
-7.827617973089218140e-02
7.997505068778991699e-01
6.079204082489013672e-01
-9.417551755905151367e-02
7.480836510658264160e-01
7.424563169479370117e-01
-1.236788704991340637e-01
7.766214609146118164e-01
7.567281723022460938e-01
-1.143869608640670776e-01
7.986660599708557129e-01
7.299568057060241699e-01
-1.036854833364486694e-01
