9.760860204696655273e-01
7.934486865997314453e-01
-6.488654662462067790e-07
8.583556413650512695e-01
8.216771483421325684e-01
-2.398507297039031982e-02
7.550743818283081055e-01
8.318405747413635254e-01
-5.720894783735275269e-02
6.795538663864135742e-01
8.780009746551513672e-01
-9.123031049966812134e-02
6.150851249694824219e-01
9.395055174827575684e-01
-1.246073246002197266e-01
7.230666875839233398e-01
6.116355657577514648e-01
-4.931722581386566162e-02
6.240389943122863770e-01
7.047235965728759766e-01
-1.001333296298980713e-01
5.549141168594360352e-01
7.541883587837219238e-01
-1.339426040649414062e-01
4.964551031589508057e-01
7.864722609519958496e-01
-1.591241955757141113e-01
7.739294767379760742e-01
5.828138589859008789e-01
-6.639457494020462036e-02
7.032960653305053711e-01
7.926071882247924805e-01
-1.166820898652076721e-01
7.670047879219055176e-01
8.454961180686950684e-01
-1.220859363675117493e-01
8.069656491279602051e-01
8.090062141418457031e-01
-1.227570474147796631e-01
8.387734293937683105e-01
5.996946692466735840e-01
-8.808423578739166260e-02
7.737526893615722656e-01
8.085005283355712891e-01
-1.339676976203918457e-01
8.275712132453918457e-01
8.396680355072021484e-01
-1.144999042153358459e-01
8.589310050010681152e-01
7.963826656341552734e-01
-9.770467132329940796e-02
9.033786058425903320e-01
6.420046091079711914e-01
-1.133118048310279846e-01
8.419059514999389648e-01
7.961735725402832031e-01
-1.507350653409957886e-01
8.727130293846130371e-01
8.228229880332946777e-01
-1.404618173837661743e-01
9.007252454757690430e-01
7.912862300872802734e-01
-1.275712996721267700e-01
