8.826983571052551270e-01
7.100909352302551270e-01
-4.459070339635218261e-07
7.822431921958923340e-01
7.408969998359680176e-01
-3.836550051346421242e-03
6.985217332839965820e-01
7.442235946655273438e-01
-2.219054661691188812e-02
6.393305659294128418e-01
7.711864709854125977e-01
-4.631768539547920227e-02
5.911864638328552246e-01
8.181484937667846680e-01
-6.944090127944946289e-02
6.691827774047851562e-01
5.749506354331970215e-01
-1.610453589819371700e-03
5.907065868377685547e-01
6.556070446968078613e-01
-3.086957894265651703e-02
5.462324023246765137e-01
6.912679672241210938e-01
-5.414199829101562500e-02
5.021528005599975586e-01
7.127023935317993164e-01
-7.330386340618133545e-02
6.907396912574768066e-01
5.515799522399902344e-01
-2.127018198370933533e-02
6.291640400886535645e-01
6.891345381736755371e-01
-5.807550624012947083e-02
6.871980428695678711e-01
7.081771492958068848e-01
-6.697585433721542358e-02
7.196214795112609863e-01
6.788735985755920410e-01
-6.937228888273239136e-02
7.216511368751525879e-01
5.568319559097290039e-01
-4.432819783687591553e-02
6.679991483688354492e-01
6.945001482963562012e-01
-7.415185123682022095e-02
7.181726098060607910e-01
7.078576683998107910e-01
-6.230485439300537109e-02
7.443300485610961914e-01
6.738557815551757812e-01
-5.170836672186851501e-02
7.533962130546569824e-01
5.857817530632019043e-01
-6.991738826036453247e-02
7.077705264091491699e-01
6.816904544830322266e-01
-8.955045789480209351e-02
7.363243103027343750e-01
7.006033658981323242e-01
-8.204249292612075806e-02
7.584413290023803711e-01
6.800470948219299316e-01
-7.426927238702774048e-02
