2.714125514030456543e-01
9.688986539840698242e-01
8.855154192133340985e-07
3.329076170921325684e-01
9.225735068321228027e-01
-4.695234820246696472e-02
3.668799400329589844e-01
8.271371126174926758e-01
-6.367189437150955200e-02
2.986511886119842529e-01
7.544724941253662109e-01
-7.355997711420059204e-02
2.366833686828613281e-01
7.127352952957153320e-01
-8.457229286432266235e-02
3.543936610221862793e-01
6.494445204734802246e-01
-3.878040984272956848e-02
4.015582203865051270e-01
5.315302610397338867e-01
-5.991961434483528137e-02
4.300684928894042969e-01
4.518370628356933594e-01
-7.937455922365188599e-02
4.500811100006103516e-01
3.771845102310180664e-01
-9.440667927265167236e-02
2.918088734149932861e-01
6.290159821510314941e-01
-3.906667605042457581e-02
3.077519536018371582e-01
4.779981374740600586e-01
-5.222310125827789307e-02
3.154260218143463135e-01
3.862704932689666748e-01
-7.001232355833053589e-02
3.195943832397460938e-01
3.019350171089172363e-01
-8.368949592113494873e-02
2.378971576690673828e-01
6.522659063339233398e-01
-4.396201670169830322e-02
2.284468710422515869e-01
5.294352769851684570e-01
-7.378619909286499023e-02
2.319986522197723389e-01
4.415650367736816406e-01
-1.005662009119987488e-01
2.324816286563873291e-01
3.588660359382629395e-01
-1.189625561237335205e-01
1.876176297664642334e-01
7.086760997772216797e-01
-5.188821256160736084e-02
1.935606300830841064e-01
6.293560266494750977e-01
-8.585851639509201050e-02
2.179578244686126709e-01
6.710581183433532715e-01
-8.907660841941833496e-02
2.369015514850616455e-01
7.216180562973022461e-01
-8.820072561502456665e-02
