1.748265922069549561e-01
1.148916721343994141e+00
6.944985670997994021e-07
1.364567279815673828e-01
9.947282075881958008e-01
-1.714336872100830078e-02
1.834391951560974121e-01
8.469555974006652832e-01
-3.987860307097434998e-02
2.790095210075378418e-01
7.709227800369262695e-01
-5.540392547845840454e-02
3.474476635456085205e-01
7.431477308273315430e-01
-7.094999402761459351e-02
1.689218282699584961e-01
8.004103899002075195e-01
-1.041311398148536682e-01
1.849916279315948486e-01
5.742636919021606445e-01
-1.419084966182708740e-01
1.915956735610961914e-01
4.347267150878906250e-01
-1.576995849609375000e-01
1.962991654872894287e-01
3.256404995918273926e-01
-1.658163219690322876e-01
2.348090410232543945e-01
8.679240345954895020e-01
-1.169055700302124023e-01
3.016355037689208984e-01
6.206309795379638672e-01
-1.621255874633789062e-01
3.384010493755340576e-01
4.736411571502685547e-01
-1.809017360210418701e-01
3.653633594512939453e-01
3.630203902721405029e-01
-1.899517476558685303e-01
3.016117215156555176e-01
9.388852119445800781e-01
-1.238960400223731995e-01
4.061695337295532227e-01
7.123934030532836914e-01
-1.717290729284286499e-01
4.394845366477966309e-01
6.059890389442443848e-01
-1.858378499746322632e-01
4.602547287940979004e-01
5.390455722808837891e-01
-1.871675103902816772e-01
3.610832095146179199e-01
1.006947278976440430e+00
-1.275644600391387939e-01
4.110746085643768311e-01
8.208334445953369141e-01
-1.518427729606628418e-01
3.716755509376525879e-01
8.164187669754028320e-01
-1.355330348014831543e-01
3.371523916721343994e-01
8.550259470939636230e-01
-1.190608888864517212e-01
