2.232287377119064331e-01
1.000251889228820801e+00
3.382512545613280963e-07
2.038410454988479614e-01
8.594157695770263672e-01
-1.205181353725492954e-03
2.591542005538940430e-01
7.528960108757019043e-01
-1.363909337669610977e-02
3.437969386577606201e-01
7.214158773422241211e-01
-2.112573757767677307e-02
4.029011130332946777e-01
7.104004621505737305e-01
-3.013800643384456635e-02
2.432202100753784180e-01
7.239048480987548828e-01
-7.185100764036178589e-02
2.663935422897338867e-01
5.596266984939575195e-01
-8.870911598205566406e-02
2.769172489643096924e-01
4.589779973030090332e-01
-9.273418784141540527e-02
2.857709228992462158e-01
3.774054348468780518e-01
-9.575066715478897095e-02
2.987106442451477051e-01
7.784154415130615234e-01
-8.206568658351898193e-02
3.465096652507781982e-01
6.008653640747070312e-01
-1.034784391522407532e-01
3.753113746643066406e-01
5.002611875534057617e-01
-1.157816350460052490e-01
3.957688510417938232e-01
4.280161261558532715e-01
-1.258629560470581055e-01
3.497744500637054443e-01
8.336054086685180664e-01
-8.587089180946350098e-02
4.265615344047546387e-01
6.727815866470336914e-01
-1.147434338927268982e-01
4.568256139755249023e-01
5.904377698898315430e-01
-1.349598616361618042e-01
4.740641117095947266e-01
5.389251112937927246e-01
-1.470400243997573853e-01
3.946571350097656250e-01
8.773878216743469238e-01
-8.467847108840942383e-02
4.190419912338256836e-01
7.435081601142883301e-01
-1.001146063208580017e-01
3.864656388759613037e-01
7.303028106689453125e-01
-9.615115821361541748e-02
3.629283905029296875e-01
7.466749548912048340e-01
-9.334700554609298706e-02
