1.819861978292465210e-01
1.026813745498657227e+00
4.744434818348963745e-07
1.643628776073455811e-01
8.667901754379272461e-01
-7.788672111928462982e-03
2.277156859636306763e-01
7.470604181289672852e-01
-2.463958784937858582e-02
3.229516744613647461e-01
7.123973369598388672e-01
-3.541535884141921997e-02
3.883246481418609619e-01
7.054250240325927734e-01
-4.747438430786132812e-02
2.067351043224334717e-01
7.185924649238586426e-01
-8.485435694456100464e-02
2.391806393861770630e-01
5.289158821105957031e-01
-1.073364242911338806e-01
2.559859156608581543e-01
4.129876196384429932e-01
-1.134144961833953857e-01
2.687969207763671875e-01
3.212195038795471191e-01
-1.169558539986610413e-01
2.680969834327697754e-01
7.867826819419860840e-01
-9.570994228124618530e-02
3.323413729667663574e-01
5.795015096664428711e-01
-1.249680891633033752e-01
3.686747252941131592e-01
4.625749289989471436e-01
-1.400348693132400513e-01
3.922796547412872314e-01
3.778024017810821533e-01
-1.501224637031555176e-01
3.250807523727416992e-01
8.558867573738098145e-01
-1.000268459320068359e-01
4.201925396919250488e-01
6.682066917419433594e-01
-1.367543041706085205e-01
4.558452963829040527e-01
5.732145309448242188e-01
-1.575064510107040405e-01
4.741131067276000977e-01
5.114853382110595703e-01
-1.674395054578781128e-01
3.733014464378356934e-01
9.132645130157470703e-01
-9.951157122850418091e-02
4.135772585868835449e-01
7.554493546485900879e-01
-1.193513497710227966e-01
3.808581233024597168e-01
7.410494685173034668e-01
-1.119311600923538208e-01
3.528937399387359619e-01
7.626897692680358887e-01
-1.049074158072471619e-01
