6.940258741378784180e-01
9.285721778869628906e-01
1.191048681903339457e-06
7.244966030120849609e-01
7.889556884765625000e-01
1.626774482429027557e-02
6.934245228767395020e-01
6.794984340667724609e-01
1.004569884389638901e-02
6.394830942153930664e-01
6.208178997039794922e-01
4.769882187247276306e-03
5.826491713523864746e-01
5.961019992828369141e-01
-5.026704166084527969e-03
6.990793943405151367e-01
6.294078230857849121e-01
-5.436367541551589966e-02
6.832016706466674805e-01
4.610511064529418945e-01
-7.662245631217956543e-02
6.856481432914733887e-01
3.681931495666503906e-01
-8.421797305345535278e-02
6.869314312934875488e-01
2.924906611442565918e-01
-8.549371361732482910e-02
6.369169950485229492e-01
6.591124534606933594e-01
-7.098302990198135376e-02
6.004838943481445312e-01
4.685018062591552734e-01
-9.503533691167831421e-02
5.821816921234130859e-01
3.554205000400543213e-01
-1.061005070805549622e-01
5.656487345695495605e-01
2.723819315433502197e-01
-1.115833893418312073e-01
5.771772861480712891e-01
7.035124897956848145e-01
-8.085653185844421387e-02
5.179384946823120117e-01
5.517219901084899902e-01
-1.063694879412651062e-01
4.866235852241516113e-01
4.485463500022888184e-01
-1.275262832641601562e-01
4.583641886711120605e-01
3.768151104450225830e-01
-1.407466977834701538e-01
5.339993834495544434e-01
7.552508115768432617e-01
-8.474445343017578125e-02
5.416900515556335449e-01
6.330522894859313965e-01
-9.685897827148437500e-02
5.765871405601501465e-01
6.193367838859558105e-01
-9.330239146947860718e-02
6.010932922363281250e-01
6.257147192955017090e-01
-9.050844609737396240e-02
