6.341757178306579590e-01
9.358345866203308105e-01
1.013753603729128372e-06
6.606699228286743164e-01
8.238831758499145508e-01
6.180843338370323181e-03
6.378531455993652344e-01
7.333586812019348145e-01
-2.080402569845318794e-03
5.908266305923461914e-01
6.942632198333740234e-01
-8.824225515127182007e-03
5.443800687789916992e-01
6.811532378196716309e-01
-1.944349519908428192e-02
6.420583128929138184e-01
6.958193182945251465e-01
-4.683360829949378967e-02
6.370193958282470703e-01
5.588687062263488770e-01
-6.631020456552505493e-02
6.453958749771118164e-01
4.846318364143371582e-01
-7.516118884086608887e-02
6.530642509460449219e-01
4.244849681854248047e-01
-7.818823307752609253e-02
5.908083915710449219e-01
7.183366417884826660e-01
-5.732145905494689941e-02
5.668176412582397461e-01
5.714753866195678711e-01
-7.330657541751861572e-02
5.557660460472106934e-01
4.828941822052001953e-01
-8.204786479473114014e-02
5.462390184402465820e-01
4.170754253864288330e-01
-8.771725744009017944e-02
5.423082709312438965e-01
7.506918907165527344e-01
-6.337158381938934326e-02
4.998401105403900146e-01
6.332252025604248047e-01
-7.953324913978576660e-02
4.795798063278198242e-01
5.505853295326232910e-01
-9.646172821521759033e-02
4.617341756820678711e-01
4.938443899154663086e-01
-1.090615987777709961e-01
5.057466626167297363e-01
7.881500124931335449e-01
-6.591323018074035645e-02
5.129595398902893066e-01
7.014827132225036621e-01
-7.430286705493927002e-02
5.414798855781555176e-01
6.982084512710571289e-01
-7.191898673772811890e-02
5.629627108573913574e-01
7.108159661293029785e-01
-7.064434885978698730e-02
