6.235653162002563477e-01
9.790867567062377930e-01
7.965329018588818144e-08
5.826872587203979492e-01
9.106657505035400391e-01
-2.056170813739299774e-02
5.620808601379394531e-01
8.196635842323303223e-01
-3.082633018493652344e-02
5.966894030570983887e-01
7.789865136146545410e-01
-3.946067765355110168e-02
6.452314257621765137e-01
7.548588514328002930e-01
-5.034994706511497498e-02
6.151057481765747070e-01
6.939784288406372070e-01
-2.018264122307300568e-02
5.816208124160766602e-01
5.923832654953002930e-01
-3.793870285153388977e-02
5.586263537406921387e-01
5.285889506340026855e-01
-5.267789214849472046e-02
5.427162647247314453e-01
4.695375859737396240e-01
-6.655612587928771973e-02
6.631299257278442383e-01
6.950881481170654297e-01
-3.339806944131851196e-02
6.634076237678527832e-01
5.647277235984802246e-01
-4.638231173157691956e-02
6.635538339614868164e-01
4.830397665500640869e-01
-6.185047328472137451e-02
6.701862215995788574e-01
4.152542352676391602e-01
-7.465063035488128662e-02
7.013629078865051270e-01
7.343783974647521973e-01
-5.047294870018959045e-02
7.228048443794250488e-01
6.353181600570678711e-01
-8.161440491676330566e-02
7.324191331863403320e-01
5.574766397476196289e-01
-1.125153750181198120e-01
7.511227130889892578e-01
4.882337450981140137e-01
-1.351750642061233521e-01
7.313367128372192383e-01
7.984983921051025391e-01
-6.773951649665832520e-02
6.953531503677368164e-01
7.644076347351074219e-01
-1.086837649345397949e-01
6.530024409294128418e-01
7.913826107978820801e-01
-1.236712932586669922e-01
6.258641481399536133e-01
8.224025368690490723e-01
-1.329893022775650024e-01
