2.972078621387481689e-01
8.655951023101806641e-01
7.616574748681159690e-07
3.522500693798065186e-01
8.245049715042114258e-01
-3.935325518250465393e-02
3.812885880470275879e-01
7.363737821578979492e-01
-5.311583727598190308e-02
3.273041546344757080e-01
6.627264618873596191e-01
-6.108908355236053467e-02
2.770223021507263184e-01
6.226311922073364258e-01
-6.971804052591323853e-02
3.734505772590637207e-01
5.841315984725952148e-01
-3.201869875192642212e-02
4.134894609451293945e-01
4.776042699813842773e-01
-4.939716309309005737e-02
4.391955733299255371e-01
4.076374173164367676e-01
-6.551644951105117798e-02
4.566443562507629395e-01
3.421527147293090820e-01
-7.791065424680709839e-02
3.186584115028381348e-01
5.664020180702209473e-01
-3.229079395532608032e-02
3.327745199203491211e-01
4.323299825191497803e-01
-4.252861812710762024e-02
3.403951525688171387e-01
3.534218072891235352e-01
-5.632151290774345398e-02
3.442569375038146973e-01
2.809858024120330811e-01
-6.686114519834518433e-02
2.709254324436187744e-01
5.859168171882629395e-01
-3.641737625002861023e-02
2.630595862865447998e-01
4.753301739692687988e-01
-6.058394908905029297e-02
2.693642377853393555e-01
3.974408209323883057e-01
-8.225496113300323486e-02
2.720681726932525635e-01
3.267406523227691650e-01
-9.718803316354751587e-02
2.255574613809585571e-01
6.329055428504943848e-01
-4.319426044821739197e-02
2.330111861228942871e-01
5.626692175865173340e-01
-7.059714943170547485e-02
2.545894980430603027e-01
5.989937186241149902e-01
-7.204709947109222412e-02
2.693727612495422363e-01
6.438961625099182129e-01
-7.043379545211791992e-02
