7.021031379699707031e-01
1.183133125305175781e+00
8.426400768257735763e-07
6.543548107147216797e-01
1.142121911048889160e+00
-4.461480304598808289e-02
6.218787431716918945e-01
1.090179800987243652e+00
-7.096735388040542603e-02
6.201285719871520996e-01
1.073678970336914062e+00
-9.078364074230194092e-02
6.082627177238464355e-01
1.050706267356872559e+00
-1.136107966303825378e-01
6.310399174690246582e-01
8.968311548233032227e-01
-6.521379947662353516e-02
6.064881682395935059e-01
7.653762102127075195e-01
-9.456195682287216187e-02
5.915799736976623535e-01
6.843582391738891602e-01
-1.154898032546043396e-01
5.756822824478149414e-01
6.104522943496704102e-01
-1.314202994108200073e-01
6.912021040916442871e-01
8.902786970138549805e-01
-6.991285085678100586e-02
6.916651725769042969e-01
7.417102456092834473e-01
-9.690684825181961060e-02
6.931363940238952637e-01
6.437925100326538086e-01
-1.214816942811012268e-01
6.933598518371582031e-01
5.582028627395629883e-01
-1.390005797147750854e-01
7.380088567733764648e-01
9.279609322547912598e-01
-7.805313169956207275e-02
7.678146362304687500e-01
8.198038339614868164e-01
-1.149191036820411682e-01
7.826073169708251953e-01
7.347382903099060059e-01
-1.504251509904861450e-01
7.940468788146972656e-01
6.567889451980590820e-01
-1.747359484434127808e-01
7.745591998100280762e-01
9.910885095596313477e-01
-8.755935728549957275e-02
7.757462859153747559e-01
9.714937210083007812e-01
-1.278934627771377563e-01
7.573997974395751953e-01
1.006406068801879883e+00
-1.424413323402404785e-01
7.463530898094177246e-01
1.039526700973510742e+00
-1.506506353616714478e-01
