1.962089538574218750e-01
1.170443296432495117e+00
8.688027151038113516e-07
2.721761763095855713e-01
1.157921552658081055e+00
-5.260836705565452576e-02
3.238798975944519043e-01
1.087778329849243164e+00
-7.372170686721801758e-02
2.788797914981842041e-01
9.989846348762512207e-01
-8.679106831550598145e-02
2.194548547267913818e-01
9.357184171676635742e-01
-1.013191640377044678e-01
3.565766215324401855e-01
8.824375867843627930e-01
-5.198026075959205627e-02
4.045243263244628906e-01
7.452342510223388672e-01
-7.290658354759216309e-02
4.296843409538269043e-01
6.585338711738586426e-01
-9.001384675502777100e-02
4.467015862464904785e-01
5.751913785934448242e-01
-1.026434376835823059e-01
2.935748696327209473e-01
8.527107238769531250e-01
-4.946075379848480225e-02
3.253362476825714111e-01
6.917178630828857422e-01
-6.926275044679641724e-02
3.358299732208251953e-01
5.876640081405639648e-01
-9.124563634395599365e-02
3.434952795505523682e-01
4.923026859760284424e-01
-1.055099219083786011e-01
2.324674725532531738e-01
8.621153831481933594e-01
-5.007124319672584534e-02
2.385880649089813232e-01
7.339223623275756836e-01
-8.384422212839126587e-02
2.448733896017074585e-01
6.434319019317626953e-01
-1.108682900667190552e-01
2.485942691564559937e-01
5.592721700668334961e-01
-1.267051249742507935e-01
1.704972535371780396e-01
9.078667759895324707e-01
-5.386606976389884949e-02
1.872335672378540039e-01
8.264731764793395996e-01
-8.534026890993118286e-02
2.037434577941894531e-01
8.794443011283874512e-01
-8.350147306919097900e-02
2.130808830261230469e-01
9.515240788459777832e-01
-7.749178260564804077e-02
