1.507907807826995850e-01
1.238152027130126953e+00
1.033201215250301175e-06
2.394176274538040161e-01
1.201587915420532227e+00
-6.015426665544509888e-02
2.875871062278747559e-01
1.095851063728332520e+00
-8.188527822494506836e-02
2.171562016010284424e-01
9.893956184387207031e-01
-9.457180649042129517e-02
1.359776705503463745e-01
9.181426763534545898e-01
-1.085235625505447388e-01
3.276043236255645752e-01
8.599032759666442871e-01
-4.997362196445465088e-02
3.785682916641235352e-01
6.896644830703735352e-01
-7.121237367391586304e-02
4.064559638500213623e-01
5.847015380859375000e-01
-8.953116834163665771e-02
4.248736500740051270e-01
4.818386733531951904e-01
-1.043302416801452637e-01
2.507543861865997314e-01
8.226592540740966797e-01
-4.711662605404853821e-02
2.809163033962249756e-01
6.247053146362304688e-01
-7.197859138250350952e-02
2.914159893989562988e-01
5.008946657180786133e-01
-9.735465049743652344e-02
2.989860177040100098e-01
3.848757445812225342e-01
-1.128521412611007690e-01
1.769389957189559937e-01
8.360394239425659180e-01
-4.841165244579315186e-02
1.802737265825271606e-01
6.760374307632446289e-01
-9.022492170333862305e-02
1.853383183479309082e-01
5.683076977729797363e-01
-1.204360350966453552e-01
1.881671547889709473e-01
4.649355411529541016e-01
-1.363620012998580933e-01
1.035397201776504517e-01
8.924584388732910156e-01
-5.324982106685638428e-02
1.169382333755493164e-01
7.825097441673278809e-01
-9.033585339784622192e-02
1.266714930534362793e-01
8.433815836906433105e-01
-8.597002923488616943e-02
1.323531568050384521e-01
9.226824641227722168e-01
-7.687196880578994751e-02
