2.341907769441604614e-01
1.184283971786499023e+00
9.380190135743760038e-07
3.104569613933563232e-01
1.131034731864929199e+00
-4.272468760609626770e-02
3.515420258045196533e-01
1.024158358573913574e+00
-5.636531859636306763e-02
2.742274701595306396e-01
9.465899467468261719e-01
-6.344554573297500610e-02
1.985389888286590576e-01
9.168499112129211426e-01
-7.207825034856796265e-02
3.489901125431060791e-01
8.497635722160339355e-01
-3.319280967116355896e-02
3.920246958732604980e-01
7.027540206909179688e-01
-4.692343622446060181e-02
4.156627655029296875e-01
6.166885495185852051e-01
-5.976220965385437012e-02
4.314325451850891113e-01
5.330169200897216797e-01
-7.041589915752410889e-02
2.815666794776916504e-01
8.310350179672241211e-01
-3.441795706748962402e-02
3.064364790916442871e-01
6.641865968704223633e-01
-4.679387062788009644e-02
3.157433867454528809e-01
5.616205930709838867e-01
-6.381922215223312378e-02
3.205045163631439209e-01
4.639100730419158936e-01
-7.547976821660995483e-02
2.216236144304275513e-01
8.476387858390808105e-01
-3.896593302488327026e-02
2.227022349834442139e-01
7.118111848831176758e-01
-6.684417277574539185e-02
2.290136516094207764e-01
6.205198764801025391e-01
-9.038247913122177124e-02
2.312374711036682129e-01
5.306944847106933594e-01
-1.044990196824073792e-01
1.637584567070007324e-01
8.999781012535095215e-01
-4.604469239711761475e-02
1.698754131793975830e-01
7.965229749679565430e-01
-7.227860391139984131e-02
1.901988387107849121e-01
8.481528759002685547e-01
-6.564149260520935059e-02
2.060452103614807129e-01
9.176971912384033203e-01
-5.712059512734413147e-02
