2.557027339935302734e-01
1.063275098800659180e+00
7.647640245522779878e-07
3.125287890434265137e-01
1.003737807273864746e+00
-3.972762450575828552e-02
3.371999859809875488e-01
9.035561680793762207e-01
-5.102359876036643982e-02
2.729135453701019287e-01
8.399829864501953125e-01
-5.623450502753257751e-02
2.115749269723892212e-01
8.240582942962646484e-01
-6.220173835754394531e-02
3.163295984268188477e-01
7.739859223365783691e-01
-2.956837229430675507e-02
3.462962210178375244e-01
6.596258878707885742e-01
-4.318149015307426453e-02
3.617513775825500488e-01
5.901173353195190430e-01
-5.659785866737365723e-02
3.706567287445068359e-01
5.223242044448852539e-01
-6.805318593978881836e-02
2.623172402381896973e-01
7.624405026435852051e-01
-2.982344292104244232e-02
2.769140899181365967e-01
6.283469200134277344e-01
-3.683266043663024902e-02
2.837080657482147217e-01
5.488424301147460938e-01
-4.922267422080039978e-02
2.850228846073150635e-01
4.753993749618530273e-01
-6.030987203121185303e-02
2.141260355710983276e-01
7.833393812179565430e-01
-3.430460020899772644e-02
2.092414498329162598e-01
6.743410825729370117e-01
-5.606414005160331726e-02
2.151696234941482544e-01
5.980983376502990723e-01
-7.776395231485366821e-02
2.142710089683532715e-01
5.288849472999572754e-01
-9.362138807773590088e-02
1.682811081409454346e-01
8.297776579856872559e-01
-4.164108633995056152e-02
1.697427630424499512e-01
7.447563409805297852e-01
-6.630940735340118408e-02
1.934053450822830200e-01
7.747305035591125488e-01
-6.637690961360931396e-02
2.086824029684066772e-01
8.214028477668762207e-01
-6.513418257236480713e-02
