3.183742165565490723e-01
1.113774776458740234e+00
9.618592002880177461e-07
3.940855264663696289e-01
1.067837715148925781e+00
-3.927094116806983948e-02
4.466115236282348633e-01
9.725067019462585449e-01
-5.388594791293144226e-02
3.883910775184631348e-01
8.858767747879028320e-01
-6.317592412233352661e-02
3.179018199443817139e-01
8.545294404029846191e-01
-7.538780570030212402e-02
4.414470791816711426e-01
8.154031038284301758e-01
-3.527101129293441772e-02
5.106450319290161133e-01
7.090907096862792969e-01
-5.253599584102630615e-02
5.509445667266845703e-01
6.414829492568969727e-01
-7.037671655416488647e-02
5.812765955924987793e-01
5.723350048065185547e-01
-8.463025838136672974e-02
3.820945620536804199e-01
7.847882509231567383e-01
-3.846612945199012756e-02
4.277008175849914551e-01
6.424322128295898438e-01
-4.658550769090652466e-02
4.536355137825012207e-01
5.577201247215270996e-01
-6.317205727100372314e-02
4.708836078643798828e-01
4.775346517562866211e-01
-7.735589146614074707e-02
3.247872591018676758e-01
7.954502701759338379e-01
-4.466775804758071899e-02
3.408888578414916992e-01
6.747621297836303711e-01
-6.835615634918212891e-02
3.644789159297943115e-01
5.916486978530883789e-01
-9.305835515260696411e-02
3.785155117511749268e-01
5.126482248306274414e-01
-1.110870167613029480e-01
2.653886675834655762e-01
8.399153351783752441e-01
-5.321592092514038086e-02
2.788804173469543457e-01
7.486526370048522949e-01
-7.920065522193908691e-02
3.045057952404022217e-01
7.916892766952514648e-01
-7.665125280618667603e-02
3.189616799354553223e-01
8.538492918014526367e-01
-7.300707697868347168e-02
