2.440488040447235107e-01
1.052070021629333496e+00
8.325667977260309272e-07
2.959530353546142578e-01
9.817081093788146973e-01
-4.448973014950752258e-02
3.051941394805908203e-01
8.757213950157165527e-01
-5.855143070220947266e-02
2.218843400478363037e-01
8.294897675514221191e-01
-6.522122025489807129e-02
1.546100080013275146e-01
8.182684183120727539e-01
-7.210006564855575562e-02
2.764454782009124756e-01
7.324091196060180664e-01
-3.395247831940650940e-02
2.962700724601745605e-01
6.044709682464599609e-01
-4.995378851890563965e-02
3.058632910251617432e-01
5.265232920646667480e-01
-6.514654308557510376e-02
3.088710308074951172e-01
4.504435956478118896e-01
-7.783485203981399536e-02
2.156009227037429810e-01
7.301198244094848633e-01
-3.334574401378631592e-02
2.118854224681854248e-01
5.834162235260009766e-01
-4.399873316287994385e-02
2.066214382648468018e-01
4.971700608730316162e-01
-5.865371599793434143e-02
1.969815790653228760e-01
4.167191684246063232e-01
-7.032041996717453003e-02
1.667078286409378052e-01
7.615290284156799316e-01
-3.728295862674713135e-02
1.450407505035400391e-01
6.474045515060424805e-01
-6.343306601047515869e-02
1.383195817470550537e-01
5.668323636054992676e-01
-8.568581938743591309e-02
1.260874718427658081e-01
4.897421598434448242e-01
-1.005992069840431213e-01
1.251003146171569824e-01
8.217644691467285156e-01
-4.429210722446441650e-02
1.125359535217285156e-01
7.305214405059814453e-01
-7.142782956361770630e-02
1.375931501388549805e-01
7.630324363708496094e-01
-6.963248550891876221e-02
1.585830152034759521e-01
8.093183636665344238e-01
-6.610874086618423462e-02
