4.030337631702423096e-01
1.045535802841186523e+00
8.542602358829753939e-07
4.608905315399169922e-01
9.866409301757812500e-01
-4.372302815318107605e-02
4.921602904796600342e-01
8.758553266525268555e-01
-5.768277868628501892e-02
4.300955832004547119e-01
8.019040226936340332e-01
-6.471726298332214355e-02
3.630101084709167480e-01
7.831894159317016602e-01
-7.293308526277542114e-02
4.592893719673156738e-01
7.209284901618957520e-01
-3.807028755545616150e-02
4.987192749977111816e-01
5.981544256210327148e-01
-5.559255182743072510e-02
5.257589817047119141e-01
5.240976214408874512e-01
-7.286427170038223267e-02
5.434448122978210449e-01
4.501166343688964844e-01
-8.653844147920608521e-02
4.014139771461486816e-01
7.091135382652282715e-01
-3.902989253401756287e-02
4.176511764526367188e-01
5.555540919303894043e-01
-4.786323010921478271e-02
4.273115694522857666e-01
4.686815738677978516e-01
-6.279402971267700195e-02
4.283573329448699951e-01
3.885285258293151855e-01
-7.590035349130630493e-02
3.503407239913940430e-01
7.359641194343566895e-01
-4.398334771394729614e-02
3.459390699863433838e-01
6.153907775878906250e-01
-6.936418265104293823e-02
3.552022576332092285e-01
5.294079184532165527e-01
-9.338285028934478760e-02
3.547217845916748047e-01
4.521256685256958008e-01
-1.106935888528823853e-01
3.000950217247009277e-01
7.940936088562011719e-01
-5.180762708187103271e-02
3.023521304130554199e-01
6.943919658660888672e-01
-7.862647622823715210e-02
3.341124057769775391e-01
7.273476123809814453e-01
-7.647025585174560547e-02
3.560184538364410400e-01
7.827582359313964844e-01
-7.348430156707763672e-02
