2.531039416790008545e-01
1.018388032913208008e+00
1.088701878870779183e-06
3.161112368106842041e-01
9.677111506462097168e-01
-5.239965021610260010e-02
3.462957143783569336e-01
8.636168241500854492e-01
-7.098688185214996338e-02
2.631078958511352539e-01
7.918500900268554688e-01
-8.031817525625228882e-02
1.878512501716613770e-01
7.544346451759338379e-01
-9.040477126836776733e-02
3.347429633140563965e-01
6.690658926963806152e-01
-4.695683717727661133e-02
3.875865936279296875e-01
5.330859422683715820e-01
-6.778053194284439087e-02
4.159466028213500977e-01
4.436879158020019531e-01
-8.399219065904617310e-02
4.345306456089019775e-01
3.621625900268554688e-01
-9.683680534362792969e-02
2.655993700027465820e-01
6.509949564933776855e-01
-4.637764021754264832e-02
2.853403389453887939e-01
4.824346899986267090e-01
-6.710232794284820557e-02
2.935004532337188721e-01
3.778946101665496826e-01
-8.613381534814834595e-02
2.969926595687866211e-01
2.833212614059448242e-01
-9.759525209665298462e-02
2.069046199321746826e-01
6.780452132225036621e-01
-5.033123120665550232e-02
1.906281709671020508e-01
5.380309820175170898e-01
-9.084482491016387939e-02
1.916944980621337891e-01
4.428910017013549805e-01
-1.197925060987472534e-01
1.903107464313507080e-01
3.524580895900726318e-01
-1.357849538326263428e-01
1.533260196447372437e-01
7.440137863159179688e-01
-5.672380700707435608e-02
1.569280028343200684e-01
6.520516872406005859e-01
-9.807779639959335327e-02
1.804173886775970459e-01
7.098718285560607910e-01
-9.894974529743194580e-02
1.981167495250701904e-01
7.761828899383544922e-01
-9.376277774572372437e-02
