3.387723565101623535e-01
1.053242325782775879e+00
9.131985052590607665e-07
3.975942134857177734e-01
9.888689517974853516e-01
-4.432836174964904785e-02
4.242282509803771973e-01
8.769851922988891602e-01
-5.800722911953926086e-02
3.569792211055755615e-01
8.023103475570678711e-01
-6.455543637275695801e-02
2.877788543701171875e-01
7.809225916862487793e-01
-7.203943282365798950e-02
4.018367528915405273e-01
7.227116227149963379e-01
-3.783640637993812561e-02
4.454560875892639160e-01
5.967061519622802734e-01
-5.529466271400451660e-02
4.709806442260742188e-01
5.183645486831665039e-01
-7.194087654352188110e-02
4.879120588302612305e-01
4.418736696243286133e-01
-8.517627418041229248e-02
3.412863612174987793e-01
7.076416611671447754e-01
-3.878268599510192871e-02
3.615158200263977051e-01
5.534650087356567383e-01
-4.779579490423202515e-02
3.710102736949920654e-01
4.616462886333465576e-01
-6.208381801843643188e-02
3.736147582530975342e-01
3.773001432418823242e-01
-7.408136874437332153e-02
2.873742282390594482e-01
7.331019639968872070e-01
-4.399842396378517151e-02
2.761003375053405762e-01
6.053881049156188965e-01
-7.006728649139404297e-02
2.806786000728607178e-01
5.155479311943054199e-01
-9.430156648159027100e-02
2.781646549701690674e-01
4.350034594535827637e-01
-1.112176775932312012e-01
2.360774278640747070e-01
7.913950085639953613e-01
-5.214526131749153137e-02
2.385798394680023193e-01
6.898897290229797363e-01
-7.937245070934295654e-02
2.676697373390197754e-01
7.256724238395690918e-01
-7.708171010017395020e-02
2.876298725605010986e-01
7.819622755050659180e-01
-7.351571321487426758e-02
