3.345292508602142334e-01
1.023338198661804199e+00
8.082478757387434598e-07
3.898954689502716064e-01
9.551292061805725098e-01
-3.973325341939926147e-02
4.154882133007049561e-01
8.422153592109680176e-01
-5.035913735628128052e-02
3.549805581569671631e-01
7.668624520301818848e-01
-5.496003478765487671e-02
2.904922068119049072e-01
7.476265430450439453e-01
-6.003357470035552979e-02
3.878802955150604248e-01
7.035483717918395996e-01
-3.042975068092346191e-02
4.286725223064422607e-01
5.863458514213562012e-01
-4.452531039714813232e-02
4.518411159515380859e-01
5.158307552337646484e-01
-5.787662044167518616e-02
4.667782783508300781e-01
4.470829665660858154e-01
-6.892263889312744141e-02
3.322404623031616211e-01
6.919329166412353516e-01
-3.144233301281929016e-02
3.461703062057495117e-01
5.468813776969909668e-01
-3.786855563521385193e-02
3.545989394187927246e-01
4.667114019393920898e-01
-4.772388562560081482e-02
3.569367229938507080e-01
3.931738734245300293e-01
-5.696763470768928528e-02
2.824167609214782715e-01
7.191385030746459961e-01
-3.693923354148864746e-02
2.741213142871856689e-01
6.071128845214843750e-01
-5.870742723345756531e-02
2.831540703773498535e-01
5.259083509445190430e-01
-7.935710251331329346e-02
2.847362458705902100e-01
4.519066810607910156e-01
-9.451290220022201538e-02
2.354491353034973145e-01
7.763466238975524902e-01
-4.545442387461662292e-02
2.357004731893539429e-01
6.856042146682739258e-01
-6.886576861143112183e-02
2.670746743679046631e-01
7.124615907669067383e-01
-6.694696098566055298e-02
2.894916534423828125e-01
7.614499926567077637e-01
-6.451612710952758789e-02
