3.240985274314880371e-01
1.003648638725280762e+00
7.569307740595832001e-07
3.760925531387329102e-01
9.472877979278564453e-01
-3.354037925601005554e-02
4.011460840702056885e-01
8.490504026412963867e-01
-4.381701350212097168e-02
3.436791598796844482e-01
7.859356403350830078e-01
-4.893167316913604736e-02
2.856269776821136475e-01
7.720942497253417969e-01
-5.500452965497970581e-02
3.703931868076324463e-01
7.202606201171875000e-01
-2.814796753227710724e-02
4.055687785148620605e-01
6.119476556777954102e-01
-4.137388616800308228e-02
4.284536242485046387e-01
5.468303561210632324e-01
-5.406514555215835571e-02
4.437885284423828125e-01
4.856334328651428223e-01
-6.392887234687805176e-02
3.187036514282226562e-01
7.099987268447875977e-01
-3.011955507099628448e-02
3.306047618389129639e-01
5.741245746612548828e-01
-3.724382445216178894e-02
3.380614519119262695e-01
4.951433539390563965e-01
-4.868778586387634277e-02
3.383643925189971924e-01
4.248988032341003418e-01
-5.807100236415863037e-02
2.741907238960266113e-01
7.335203289985656738e-01
-3.527389839291572571e-02
2.633330821990966797e-01
6.257276535034179688e-01
-5.674009397625923157e-02
2.690812647342681885e-01
5.483378171920776367e-01
-7.757253944873809814e-02
2.673779428005218506e-01
4.805511236190795898e-01
-9.200330823659896851e-02
2.319422662258148193e-01
7.853251099586486816e-01
-4.238872975111007690e-02
2.309829443693161011e-01
6.963180899620056152e-01
-6.494240462779998779e-02
2.591102421283721924e-01
7.247556447982788086e-01
-6.295009702444076538e-02
2.797922790050506592e-01
7.724173665046691895e-01
-5.989823117852210999e-02
