1.868700087070465088e-01
1.013356685638427734e+00
8.713488455214246642e-07
2.349461913108825684e-01
9.417910575866699219e-01
-5.016148462891578674e-02
2.390921264886856079e-01
8.300525546073913574e-01
-6.717924028635025024e-02
1.513712257146835327e-01
7.741355895996093750e-01
-7.660636305809020996e-02
8.221707493066787720e-02
7.585663199424743652e-01
-8.610984683036804199e-02
2.197598069906234741e-01
6.803677678108215332e-01
-3.826235234737396240e-02
2.370284795761108398e-01
5.457608103752136230e-01
-5.853395164012908936e-02
2.460981607437133789e-01
4.643381237983703613e-01
-7.676728069782257080e-02
2.483007609844207764e-01
3.853399157524108887e-01
-9.170832484960556030e-02
1.572097539901733398e-01
6.759462356567382812e-01
-3.592482209205627441e-02
1.531667709350585938e-01
5.253466963768005371e-01
-5.037610977888107300e-02
1.481882631778717041e-01
4.348731040954589844e-01
-6.741221249103546143e-02
1.397250592708587646e-01
3.474495410919189453e-01
-8.074918389320373535e-02
1.057480126619338989e-01
7.077333331108093262e-01
-3.882261365652084351e-02
7.943024486303329468e-02
5.885472893714904785e-01
-6.689938157796859741e-02
7.027377933263778687e-02
5.048508644104003906e-01
-9.076692909002304077e-02
5.969567596912384033e-02
4.250993430614471436e-01
-1.070078611373901367e-01
5.990342795848846436e-02
7.681100368499755859e-01
-4.542265832424163818e-02
3.856628388166427612e-02
6.828402876853942871e-01
-7.532581686973571777e-02
5.883540213108062744e-02
7.106876969337463379e-01
-7.696693390607833862e-02
7.925964146852493286e-02
7.483558058738708496e-01
-7.589229196310043335e-02
