3.636747598648071289e-01
1.030691742897033691e+00
8.753521569815347902e-07
4.238538146018981934e-01
9.830203056335449219e-01
-4.021099582314491272e-02
4.664119780063629150e-01
8.919994831085205078e-01
-5.659018456935882568e-02
4.111522436141967773e-01
8.149289488792419434e-01
-6.703807413578033447e-02
3.492015600204467773e-01
7.786549925804138184e-01
-7.941045612096786499e-02
4.514624476432800293e-01
7.381939291954040527e-01
-4.008801653981208801e-02
5.050227046012878418e-01
6.277672052383422852e-01
-5.963277444243431091e-02
5.395428538322448730e-01
5.594516396522521973e-01
-7.779157161712646484e-02
5.636522769927978516e-01
4.907122552394866943e-01
-9.150604903697967529e-02
3.959142267704010010e-01
7.174043059349060059e-01
-4.318797960877418518e-02
4.291025102138519287e-01
5.677274465560913086e-01
-5.413692817091941833e-02
4.456508159637451172e-01
4.812446832656860352e-01
-7.048487663269042969e-02
4.518509209156036377e-01
4.012171924114227295e-01
-8.405607193708419800e-02
3.433381021022796631e-01
7.341272234916687012e-01
-4.947720840573310852e-02
3.474995195865631104e-01
6.136758327484130859e-01
-7.584532350301742554e-02
3.628139495849609375e-01
5.301739573478698730e-01
-9.966038912534713745e-02
3.684460818767547607e-01
4.534404873847961426e-01
-1.167472377419471741e-01
2.877959311008453369e-01
7.815203666687011719e-01
-5.809698253870010376e-02
2.969149649143218994e-01
6.856548786163330078e-01
-8.543524891138076782e-02
3.254674375057220459e-01
7.246427536010742188e-01
-8.297538012266159058e-02
3.444229960441589355e-01
7.827703356742858887e-01
-7.949221879243850708e-02
