2.781914174556732178e-01
1.017511248588562012e+00
8.618281412964279298e-07
3.437202870845794678e-01
9.625939130783081055e-01
-4.505318775773048401e-02
3.805552423000335693e-01
8.581311106681823730e-01
-5.936919152736663818e-02
3.108445703983306885e-01
7.793187499046325684e-01
-6.641089171171188354e-02
2.432889789342880249e-01
7.504799365997314453e-01
-7.420881837606430054e-02
3.644154071807861328e-01
7.014948129653930664e-01
-3.667167574167251587e-02
4.130184948444366455e-01
5.791418552398681641e-01
-5.289493128657341003e-02
4.404380619525909424e-01
5.023002624511718750e-01
-6.812925636768341064e-02
4.587906599044799805e-01
4.272119104862213135e-01
-8.071777224540710449e-02
3.039466142654418945e-01
6.810662150382995605e-01
-3.692141920328140259e-02
3.281100690364837646e-01
5.288132429122924805e-01
-4.591415077447891235e-02
3.401493430137634277e-01
4.394747018814086914e-01
-5.986669287085533142e-02
3.445675671100616455e-01
3.565353453159332275e-01
-7.177941501140594482e-02
2.497924268245697021e-01
6.994136571884155273e-01
-4.152308404445648193e-02
2.479140162467956543e-01
5.756000876426696777e-01
-6.731551885604858398e-02
2.581380307674407959e-01
4.886257648468017578e-01
-9.114952385425567627e-02
2.596931755542755127e-01
4.084241986274719238e-01
-1.079045683145523071e-01
1.967408806085586548e-01
7.486073374748229980e-01
-4.913961514830589294e-02
2.018906325101852417e-01
6.486622691154479980e-01
-7.674930244684219360e-02
2.265693545341491699e-01
6.883293390274047852e-01
-7.494266331195831299e-02
2.417763471603393555e-01
7.462334632873535156e-01
-7.172826677560806274e-02
