2.681269943714141846e-01
1.026909828186035156e+00
7.439825822075363249e-07
3.214871287345886230e-01
9.705788493156433105e-01
-3.657327592372894287e-02
3.482436239719390869e-01
8.754200339317321777e-01
-4.812786355614662170e-02
2.878040671348571777e-01
8.132554888725280762e-01
-5.423114076256752014e-02
2.284650057554244995e-01
7.940075993537902832e-01
-6.108773499727249146e-02
3.302624225616455078e-01
7.473518252372741699e-01
-2.732226625084877014e-02
3.662571310997009277e-01
6.423685550689697266e-01
-4.186540469527244568e-02
3.894408345222473145e-01
5.792652964591979980e-01
-5.646385625004768372e-02
4.063689708709716797e-01
5.160672664642333984e-01
-6.824713945388793945e-02
2.786716818809509277e-01
7.332534790039062500e-01
-2.886231988668441772e-02
2.953821122646331787e-01
6.038525104522705078e-01
-3.608397394418716431e-02
3.040915131568908691e-01
5.285134315490722656e-01
-4.850115999579429626e-02
3.070390522480010986e-01
4.580349326133728027e-01
-5.948871001601219177e-02
2.320802360773086548e-01
7.521248459815979004e-01
-3.442166745662689209e-02
2.287526428699493408e-01
6.480391025543212891e-01
-5.639337748289108276e-02
2.361126244068145752e-01
5.750774145126342773e-01
-7.716814428567886353e-02
2.366060018539428711e-01
5.064458250999450684e-01
-9.215080738067626953e-02
1.872645020484924316e-01
7.973439097404479980e-01
-4.254972934722900391e-02
1.900575459003448486e-01
7.123477458953857422e-01
-6.687994301319122314e-02
2.121456861495971680e-01
7.462863922119140625e-01
-6.567548960447311401e-02
2.264143228530883789e-01
7.945955991744995117e-01
-6.339262425899505615e-02
