4.119845032691955566e-01
1.069622635841369629e+00
8.618911806479445659e-07
4.675208032131195068e-01
1.016126513481140137e+00
-2.855796366930007935e-02
5.078328847885131836e-01
9.284992814064025879e-01
-4.068020358681678772e-02
4.661183059215545654e-01
8.648258447647094727e-01
-4.937550425529479980e-02
4.081121385097503662e-01
8.403395414352416992e-01
-6.054477393627166748e-02
4.831860661506652832e-01
7.875899076461791992e-01
-2.892669662833213806e-02
5.397934913635253906e-01
6.863662600517272949e-01
-4.378603026270866394e-02
5.733969211578369141e-01
6.265059709548950195e-01
-5.904850363731384277e-02
5.975791215896606445e-01
5.657933950424194336e-01
-7.048004120588302612e-02
4.340500831604003906e-01
7.719289064407348633e-01
-3.394113481044769287e-02
4.677668809890747070e-01
6.403442621231079102e-01
-4.223949462175369263e-02
4.875278770923614502e-01
5.623530149459838867e-01
-5.621554329991340637e-02
4.970376789569854736e-01
4.894616305828094482e-01
-6.791560351848602295e-02
3.877200782299041748e-01
7.910103201866149902e-01
-4.108379408717155457e-02
3.957864046096801758e-01
6.825700998306274414e-01
-6.267456710338592529e-02
4.127972424030303955e-01
6.066305637359619141e-01
-8.346766233444213867e-02
4.190280139446258545e-01
5.366330146789550781e-01
-9.831923246383666992e-02
3.413390517234802246e-01
8.389508724212646484e-01
-4.953756555914878845e-02
3.574130535125732422e-01
7.496938705444335938e-01
-7.103489339351654053e-02
3.852689266204833984e-01
7.831047177314758301e-01
-6.645607203245162964e-02
4.023502469062805176e-01
8.372527360916137695e-01
-6.162748113274574280e-02
