7.868875861167907715e-01
1.119286060333251953e+00
3.265035672939120559e-07
7.213591337203979492e-01
1.068278789520263672e+00
-3.658007085323333740e-02
6.836647987365722656e-01
9.641376137733459473e-01
-4.727195948362350464e-02
7.455921769142150879e-01
9.118202328681945801e-01
-5.416746810078620911e-02
8.223380446434020996e-01
8.867521286010742188e-01
-6.441804021596908569e-02
6.764547824859619141e-01
8.005442619323730469e-01
-2.333268709480762482e-02
6.155009269714355469e-01
6.805093288421630859e-01
-4.418159276247024536e-02
5.792349576950073242e-01
6.047717928886413574e-01
-6.324366480112075806e-02
5.477092266082763672e-01
5.332726836204528809e-01
-7.970743626356124878e-02
7.351593375205993652e-01
7.698553800582885742e-01
-3.150767460465431213e-02
7.046148777008056641e-01
6.210899353027343750e-01
-4.648722335696220398e-02
6.846356987953186035e-01
5.245967507362365723e-01
-6.942605972290039062e-02
6.694914698600769043e-01
4.367515742778778076e-01
-8.716972917318344116e-02
7.898092269897460938e-01
7.830291986465454102e-01
-4.517739638686180115e-02
7.894669175148010254e-01
6.589639782905578613e-01
-7.695244997739791870e-02
7.759467959403991699e-01
5.706432461738586426e-01
-1.153093352913856506e-01
7.663456797599792480e-01
4.828082323074340820e-01
-1.429214030504226685e-01
8.453077077865600586e-01
8.287823200225830078e-01
-6.099699065089225769e-02
8.268402218818664551e-01
7.924079895019531250e-01
-9.884191304445266724e-02
8.164867162704467773e-01
8.532222509384155273e-01
-1.102625876665115356e-01
8.176776766777038574e-01
9.102708697319030762e-01
-1.171948760747909546e-01
