3.140623867511749268e-01
8.529440164566040039e-01
1.799691489168253611e-07
2.721055746078491211e-01
7.284126281738281250e-01
1.374639105051755905e-02
2.878447473049163818e-01
6.264677643775939941e-01
1.450969278812408447e-02
3.353467881679534912e-01
5.885117650032043457e-01
1.427580509334802628e-02
3.797551393508911133e-01
5.832888484001159668e-01
1.138794049620628357e-02
3.065872788429260254e-01
5.812463164329528809e-01
-2.535527385771274567e-02
2.896990478038787842e-01
4.355634450912475586e-01
-3.971050679683685303e-02
2.808884382247924805e-01
3.512223958969116211e-01
-4.312836378812789917e-02
2.758377492427825928e-01
2.848722338676452637e-01
-4.281237721443176270e-02
3.637335598468780518e-01
5.949349999427795410e-01
-3.843560442328453064e-02
3.800377845764160156e-01
4.353234469890594482e-01
-5.255283042788505554e-02
3.874204456806182861e-01
3.437631726264953613e-01
-5.390892550349235535e-02
3.934966325759887695e-01
2.751945853233337402e-01
-5.074190348386764526e-02
4.096038937568664551e-01
6.253616809844970703e-01
-4.763078317046165466e-02
4.352826178073883057e-01
4.951438903808593750e-01
-6.253229826688766479e-02
4.409878253936767578e-01
4.190230369567871094e-01
-6.686519831418991089e-02
4.443718791007995605e-01
3.653345704078674316e-01
-6.530098617076873779e-02
4.439377188682556152e-01
6.685239672660827637e-01
-5.368871614336967468e-02
4.429988563060760498e-01
5.799869894981384277e-01
-5.400069057941436768e-02
4.225659072399139404e-01
5.762069225311279297e-01
-3.844161331653594971e-02
4.102748632431030273e-01
5.936933755874633789e-01
-2.450978010892868042e-02
