6.895690560340881348e-01
1.007955312728881836e+00
1.779654326128365938e-07
6.266066431999206543e-01
9.698616862297058105e-01
-2.408547699451446533e-02
5.804312229156494141e-01
8.970488309860229492e-01
-3.561667725443840027e-02
6.142094135284423828e-01
8.412166237831115723e-01
-4.569484665989875793e-02
6.659595370292663574e-01
8.047890663146972656e-01
-5.842520296573638916e-02
5.879155993461608887e-01
7.525376677513122559e-01
-2.101531624794006348e-02
5.297310948371887207e-01
6.610584259033203125e-01
-3.857844695448875427e-02
4.963105916976928711e-01
6.074780821800231934e-01
-5.357826128602027893e-02
4.678286910057067871e-01
5.539062023162841797e-01
-6.790096312761306763e-02
6.325748562812805176e-01
7.286718487739562988e-01
-3.307454288005828857e-02
5.894700288772583008e-01
6.079314351081848145e-01
-5.092532560229301453e-02
5.645514130592346191e-01
5.334390997886657715e-01
-6.992074847221374512e-02
5.460711121559143066e-01
4.663370251655578613e-01
-8.438012748956680298e-02
6.789920330047607422e-01
7.417232394218444824e-01
-4.897996783256530762e-02
6.666413545608520508e-01
6.353770494461059570e-01
-8.152367919683456421e-02
6.482220292091369629e-01
5.620703101158142090e-01
-1.111403703689575195e-01
6.363490223884582520e-01
4.897591173648834229e-01
-1.315650641918182373e-01
7.273334264755249023e-01
7.836667299270629883e-01
-6.547301262617111206e-02
6.961342096328735352e-01
7.334367036819458008e-01
-1.003993451595306396e-01
6.729304194450378418e-01
7.823718190193176270e-01
-1.079986989498138428e-01
6.622794866561889648e-01
8.336701393127441406e-01
-1.124222278594970703e-01
