7.505073547363281250e-01
9.438874721527099609e-01
9.085717920243041590e-07
7.853350639343261719e-01
8.333439230918884277e-01
1.531436853110790253e-02
7.725030183792114258e-01
7.388577461242675781e-01
9.466841816902160645e-03
7.275307774543762207e-01
7.022930979728698730e-01
2.173259854316711426e-03
6.790402531623840332e-01
6.916038990020751953e-01
-9.109011851251125336e-03
7.847958803176879883e-01
7.124093770980834961e-01
-3.447264060378074646e-02
8.022453188896179199e-01
5.737565755844116211e-01
-5.692442506551742554e-02
8.215687870979309082e-01
4.981820583343505859e-01
-6.572924554347991943e-02
8.394624590873718262e-01
4.421301186084747314e-01
-6.701162457466125488e-02
7.396334409713745117e-01
7.264912724494934082e-01
-5.301660299301147461e-02
7.314079999923706055e-01
5.628789663314819336e-01
-7.910242676734924316e-02
7.327334880828857422e-01
4.745886623859405518e-01
-8.610165864229202271e-02
7.340097427368164062e-01
4.078278839588165283e-01
-8.560422807931900024e-02
6.909698247909545898e-01
7.483575344085693359e-01
-6.715930998325347900e-02
6.710525751113891602e-01
6.018046736717224121e-01
-9.182324260473251343e-02
6.656982302665710449e-01
5.204991102218627930e-01
-9.683513641357421875e-02
6.610195040702819824e-01
4.554398059844970703e-01
-9.507363289594650269e-02
6.487094163894653320e-01
7.829196453094482422e-01
-7.717460393905639648e-02
6.479707956314086914e-01
6.708201766014099121e-01
-8.400345593690872192e-02
6.600602865219116211e-01
6.876245141029357910e-01
-6.497670710086822510e-02
6.704787611961364746e-01
7.223449349403381348e-01
-4.844240099191665649e-02
