6.978337168693542480e-01
9.141360521316528320e-01
8.527374006916943472e-07
7.297691702842712402e-01
8.105261325836181641e-01
4.894474521279335022e-03
7.102033495903015137e-01
7.261821627616882324e-01
-6.720939418300986290e-04
6.635655760765075684e-01
6.911851763725280762e-01
-4.402293823659420013e-03
6.206454634666442871e-01
6.810390949249267578e-01
-1.091965101659297943e-02
7.045936584472656250e-01
7.005268931388854980e-01
-3.724118322134017944e-02
7.131147384643554688e-01
5.734925866127014160e-01
-5.186326801776885986e-02
7.216801643371582031e-01
5.054637193679809570e-01
-5.744990333914756775e-02
7.278411984443664551e-01
4.522014558315277100e-01
-5.813615024089813232e-02
6.572331786155700684e-01
7.155276536941528320e-01
-4.390629380941390991e-02
6.472126245498657227e-01
5.769295692443847656e-01
-5.982164666056632996e-02
6.442320942878723145e-01
4.989147186279296875e-01
-6.511828303337097168e-02
6.390187144279479980e-01
4.392461478710174561e-01
-6.562978774309158325e-02
6.152683496475219727e-01
7.372615933418273926e-01
-4.624681547284126282e-02
5.926553010940551758e-01
6.162549257278442383e-01
-5.826061964035034180e-02
5.852458477020263672e-01
5.424828529357910156e-01
-6.436412036418914795e-02
5.763261914253234863e-01
4.864947497844696045e-01
-6.708206236362457275e-02
5.859915614128112793e-01
7.647742033004760742e-01
-4.589853435754776001e-02
5.895783305168151855e-01
6.756169199943542480e-01
-4.621909558773040771e-02
6.102403402328491211e-01
6.761828660964965820e-01
-3.403251618146896362e-02
6.259225606918334961e-01
6.933662891387939453e-01
-2.419931069016456604e-02
