7.884421348571777344e-01
9.392938613891601562e-01
8.591094342591532040e-07
8.285539746284484863e-01
8.241446018218994141e-01
1.660931855440139771e-02
8.105717301368713379e-01
7.235785722732543945e-01
1.245867554098367691e-02
7.616434693336486816e-01
6.845175027847290039e-01
7.453512400388717651e-03
7.104554772377014160e-01
6.710209846496582031e-01
-2.276174025610089302e-03
8.249714374542236328e-01
6.931521296501159668e-01
-3.656922653317451477e-02
8.400188684463500977e-01
5.503371357917785645e-01
-5.506716296076774597e-02
8.552190065383911133e-01
4.732593595981597900e-01
-6.141903996467590332e-02
8.691983819007873535e-01
4.133982658386230469e-01
-6.198150664567947388e-02
7.766451835632324219e-01
7.073814868927001953e-01
-5.353751778602600098e-02
7.693024277687072754e-01
5.414309501647949219e-01
-7.969901710748672485e-02
7.683380842208862305e-01
4.518083035945892334e-01
-8.777179569005966187e-02
7.666682600975036621e-01
3.808760046958923340e-01
-8.791216462850570679e-02
7.267152667045593262e-01
7.276470065116882324e-01
-6.487549841403961182e-02
7.052934765815734863e-01
5.755774378776550293e-01
-8.828938007354736328e-02
6.983036994934082031e-01
4.928017556667327881e-01
-9.384015202522277832e-02
6.916679739952087402e-01
4.241822063922882080e-01
-9.274961799383163452e-02
6.843875646591186523e-01
7.636200189590454102e-01
-7.167693227529525757e-02
6.863641142845153809e-01
6.466925144195556641e-01
-7.483588904142379761e-02
6.999710202217102051e-01
6.687472462654113770e-01
-5.410290881991386414e-02
7.122756242752075195e-01
7.080279588699340820e-01
-3.720388934016227722e-02
