5.992308855056762695e-01
9.439691305160522461e-01
8.789012895249470603e-07
6.301243305206298828e-01
8.354933261871337891e-01
-6.063524167984724045e-03
6.070997714996337891e-01
7.429103851318359375e-01
-1.416328549385070801e-02
5.560954213142395020e-01
7.017208933830261230e-01
-1.878225617110729218e-02
5.139991044998168945e-01
6.942340135574340820e-01
-2.631007879972457886e-02
5.758572816848754883e-01
7.185508608818054199e-01
-5.048352852463722229e-02
5.665466189384460449e-01
5.830173492431640625e-01
-7.027561962604522705e-02
5.645616650581359863e-01
5.072234869003295898e-01
-8.053854107856750488e-02
5.597086548805236816e-01
4.438518583774566650e-01
-8.520326018333435059e-02
5.222953557968139648e-01
7.416200637817382812e-01
-5.421921610832214355e-02
4.938565492630004883e-01
5.924280881881713867e-01
-6.820770353078842163e-02
4.739370048046112061e-01
5.056087970733642578e-01
-7.538028061389923096e-02
4.538896977901458740e-01
4.413517713546752930e-01
-7.955128699541091919e-02
4.825552105903625488e-01
7.740605473518371582e-01
-5.457988753914833069e-02
4.479696154594421387e-01
6.483644247055053711e-01
-6.584013998508453369e-02
4.283624589443206787e-01
5.692841410636901855e-01
-7.691530883312225342e-02
4.090131521224975586e-01
5.149145126342773438e-01
-8.520410209894180298e-02
4.612605571746826172e-01
8.095462322235107422e-01
-5.362195149064064026e-02
4.576636850833892822e-01
7.136907577514648438e-01
-5.877711251378059387e-02
4.774222075939178467e-01
6.915698647499084473e-01
-5.462788045406341553e-02
4.917952418327331543e-01
6.899091005325317383e-01
-5.126414820551872253e-02
