7.415978312492370605e-01
9.043854475021362305e-01
7.684658385187503882e-07
7.747398614883422852e-01
8.029018044471740723e-01
1.214940007776021957e-02
7.578924298286437988e-01
7.177500128746032715e-01
8.260389789938926697e-03
7.146430015563964844e-01
6.828010678291320801e-01
4.380426369607448578e-03
6.710048913955688477e-01
6.742641329765319824e-01
-2.719443058595061302e-03
7.592390179634094238e-01
6.905060410499572754e-01
-3.179573640227317810e-02
7.630508542060852051e-01
5.626046061515808105e-01
-4.735401645302772522e-02
7.699595093727111816e-01
4.931932389736175537e-01
-5.199847370386123657e-02
7.753182649612426758e-01
4.392905831336975098e-01
-5.166098102927207947e-02
7.150213122367858887e-01
7.047159075736999512e-01
-4.468717426061630249e-02
7.008047103881835938e-01
5.609585642814636230e-01
-6.369835138320922852e-02
6.950682401657104492e-01
4.831994473934173584e-01
-6.762578338384628296e-02
6.888480186462402344e-01
4.232681691646575928e-01
-6.600173562765121460e-02
6.712448000907897949e-01
7.265384793281555176e-01
-5.320120602846145630e-02
6.453790068626403809e-01
5.989093780517578125e-01
-7.010834664106369019e-02
6.361643075942993164e-01
5.267594456672668457e-01
-7.379199564456939697e-02
6.267033815383911133e-01
4.703103899955749512e-01
-7.276657223701477051e-02
6.374468803405761719e-01
7.595517635345458984e-01
-5.820682272315025330e-02
6.336182355880737305e-01
6.616059541702270508e-01
-6.035508215427398682e-02
6.500068306922912598e-01
6.714426279067993164e-01
-4.367827251553535461e-02
6.631966829299926758e-01
6.978159546852111816e-01
-2.964364364743232727e-02
