6.465450525283813477e-01
9.059004783630371094e-01
9.590020226823980920e-07
6.756609082221984863e-01
7.964600920677185059e-01
-2.290151780471205711e-03
6.519517898559570312e-01
7.075570225715637207e-01
-1.093183178454637527e-02
6.018829941749572754e-01
6.718021035194396973e-01
-1.674450188875198364e-02
5.568850040435791016e-01
6.639913916587829590e-01
-2.571644447743892670e-02
6.358058452606201172e-01
6.830817461013793945e-01
-4.417604207992553711e-02
6.319722533226013184e-01
5.541821122169494629e-01
-5.965153500437736511e-02
6.335349082946777344e-01
4.829888343811035156e-01
-6.683061271905899048e-02
6.315424442291259766e-01
4.265415966510772705e-01
-6.899400055408477783e-02
5.857695341110229492e-01
7.076958417892456055e-01
-4.916244745254516602e-02
5.620273947715759277e-01
5.671529769897460938e-01
-6.023313850164413452e-02
5.496562123298645020e-01
4.879606962203979492e-01
-6.574037671089172363e-02
5.370236039161682129e-01
4.297754466533660889e-01
-6.893675774335861206e-02
5.432439446449279785e-01
7.364555597305297852e-01
-5.061596632003784180e-02
5.135039687156677246e-01
6.138319969177246094e-01
-6.006386876106262207e-02
4.995899796485900879e-01
5.383989810943603516e-01
-6.988219171762466431e-02
4.847634732723236084e-01
4.847335517406463623e-01
-7.785912603139877319e-02
5.156359076499938965e-01
7.656286358833312988e-01
-5.013684183359146118e-02
5.220959186553955078e-01
6.742990612983703613e-01
-5.348266661167144775e-02
5.469871759414672852e-01
6.654921174049377441e-01
-4.722987860441207886e-02
5.629936456680297852e-01
6.746120452880859375e-01
-4.276779666543006897e-02
