2.616930305957794189e-01
1.009634971618652344e+00
8.262755955001921393e-07
3.271719217300415039e-01
9.726956486701965332e-01
-4.119114577770233154e-02
3.748745322227478027e-01
8.910384178161621094e-01
-5.686670169234275818e-02
3.200529813766479492e-01
8.041982650756835938e-01
-6.682474166154861450e-02
2.645238041877746582e-01
7.573903203010559082e-01
-7.762487232685089111e-02
3.821111023426055908e-01
7.241607904434204102e-01
-3.156393393874168396e-02
4.407099485397338867e-01
6.189126372337341309e-01
-4.851874709129333496e-02
4.773368239402770996e-01
5.527415275573730469e-01
-6.490778177976608276e-02
5.040723085403442383e-01
4.894317388534545898e-01
-7.764776796102523804e-02
3.252309262752532959e-01
6.937076449394226074e-01
-3.215106204152107239e-02
3.608767688274383545e-01
5.510557889938354492e-01
-4.390645027160644531e-02
3.811642527580261230e-01
4.689447283744812012e-01
-5.948260053992271423e-02
3.936392962932586670e-01
3.930274844169616699e-01
-7.129950821399688721e-02
2.713537812232971191e-01
7.022988796234130859e-01
-3.665585443377494812e-02
2.841418385505676270e-01
5.835373997688293457e-01
-6.190469488501548767e-02
3.056455254554748535e-01
5.046221017837524414e-01
-8.298165351152420044e-02
3.192734420299530029e-01
4.322985410690307617e-01
-9.683822840452194214e-02
2.151127904653549194e-01
7.405533194541931152e-01
-4.389203339815139771e-02
2.334307730197906494e-01
6.466187834739685059e-01
-6.928314268589019775e-02
2.505380213260650635e-01
6.850320696830749512e-01
-6.620807200670242310e-02
2.584570050239562988e-01
7.399585843086242676e-01
-6.133547425270080566e-02
