1.711791455745697021e-01
1.043220758438110352e+00
9.565186473992071114e-07
2.172422111034393311e-01
9.830712676048278809e-01
-6.234870851039886475e-02
2.154930233955383301e-01
8.861145973205566406e-01
-8.862482756376266479e-02
1.188907325267791748e-01
8.367955088615417480e-01
-1.054554134607315063e-01
4.449346661567687988e-02
8.086507916450500488e-01
-1.222062930464744568e-01
1.939024627208709717e-01
7.111418247222900391e-01
-5.759651586413383484e-02
2.101726084947586060e-01
5.710461139678955078e-01
-8.777115494012832642e-02
2.157436311244964600e-01
4.794802963733673096e-01
-1.128493472933769226e-01
2.178211510181427002e-01
3.980010151863098145e-01
-1.321099102497100830e-01
1.304032653570175171e-01
7.048661708831787109e-01
-5.174953490495681763e-02
1.200097873806953430e-01
5.470059514045715332e-01
-7.435060292482376099e-02
1.075248643755912781e-01
4.491114318370819092e-01
-9.810072183609008789e-02
9.621148556470870972e-02
3.625420331954956055e-01
-1.157722845673561096e-01
8.027218282222747803e-02
7.387912869453430176e-01
-5.175576359033584595e-02
4.907885938882827759e-02
6.069183349609375000e-01
-8.633605390787124634e-02
3.564404696226119995e-02
5.212835073471069336e-01
-1.163428500294685364e-01
2.334717661142349243e-02
4.437307119369506836e-01
-1.368313729763031006e-01
3.756397217512130737e-02
8.031134009361267090e-01
-5.606633424758911133e-02
1.798938959836959839e-02
7.344499826431274414e-01
-9.671426564455032349e-02
3.698568046092987061e-02
7.518122792243957520e-01
-1.091529130935668945e-01
5.440242588520050049e-02
7.738869190216064453e-01
-1.142583265900611877e-01
