6.803000569343566895e-01
9.269390106201171875e-01
2.327537202972962405e-07
6.298418641090393066e-01
8.744711875915527344e-01
-1.406936440616846085e-02
5.863751769065856934e-01
8.140026330947875977e-01
-2.538824826478958130e-02
5.548191666603088379e-01
7.795211076736450195e-01
-3.632117435336112976e-02
5.298932790756225586e-01
7.443075180053710938e-01
-4.956744611263275146e-02
6.284527778625488281e-01
7.926849126815795898e-01
-4.505256935954093933e-02
6.094472408294677734e-01
7.400614023208618164e-01
-7.186767458915710449e-02
5.967373847961425781e-01
7.031295895576477051e-01
-8.988749235868453979e-02
5.874624848365783691e-01
6.715281009674072266e-01
-1.037454009056091309e-01
6.465590596199035645e-01
8.217073678970336914e-01
-5.650716647505760193e-02
6.283912062644958496e-01
7.792063355445861816e-01
-8.123033493757247925e-02
6.122362017631530762e-01
7.492478489875793457e-01
-9.535404294729232788e-02
5.985599756240844727e-01
7.194007635116577148e-01
-1.078315749764442444e-01
6.634356975555419922e-01
8.672354817390441895e-01
-6.877484172582626343e-02
6.409924626350402832e-01
8.492295742034912109e-01
-9.551636129617691040e-02
6.265955567359924316e-01
8.310136198997497559e-01
-1.063991859555244446e-01
6.154391765594482422e-01
8.052266836166381836e-01
-1.151150465011596680e-01
6.747834682464599609e-01
9.214599728584289551e-01
-8.144157379865646362e-02
6.544855237007141113e-01
9.288468360900878906e-01
-1.098273545503616333e-01
6.428195834159851074e-01
9.209812879562377930e-01
-1.203552708029747009e-01
6.364661455154418945e-01
9.058515429496765137e-01
-1.277970075607299805e-01
