6.376672387123107910e-01
1.153358936309814453e+00
4.550353480681224028e-07
5.850392580032348633e-01
1.074183821678161621e+00
-5.143690109252929688e-02
5.657079815864562988e-01
9.567241668701171875e-01
-7.217080891132354736e-02
6.419839262962341309e-01
9.236674308776855469e-01
-8.601312339305877686e-02
7.353140711784362793e-01
9.285373687744140625e-01
-1.030128598213195801e-01
6.042409539222717285e-01
7.694217562675476074e-01
-4.788789898157119751e-02
5.638223290443420410e-01
6.146049499511718750e-01
-7.716450095176696777e-02
5.406548976898193359e-01
5.169835686683654785e-01
-9.998140484094619751e-02
5.259342193603515625e-01
4.254462122917175293e-01
-1.197351366281509399e-01
6.753347516059875488e-01
7.579544782638549805e-01
-5.481309443712234497e-02
6.809347867965698242e-01
5.807865262031555176e-01
-7.634692639112472534e-02
6.855632066726684570e-01
4.612760841846466064e-01
-1.016577556729316711e-01
6.963111162185668945e-01
3.567908704280853271e-01
-1.208051070570945740e-01
7.308880686759948730e-01
8.030398488044738770e-01
-6.820436567068099976e-02
7.737842798233032227e-01
6.830145120620727539e-01
-1.100038290023803711e-01
7.944716811180114746e-01
5.756033658981323242e-01
-1.570154130458831787e-01
8.192573189735412598e-01
4.758353233337402344e-01
-1.906956136226654053e-01
7.775461673736572266e-01
8.845665454864501953e-01
-8.433818072080612183e-02
7.589607834815979004e-01
8.725915551185607910e-01
-1.368631720542907715e-01
7.210400700569152832e-01
9.319683313369750977e-01
-1.578642874956130981e-01
6.983501315116882324e-01
9.885436892509460449e-01
-1.708254069089889526e-01
