3.337883651256561279e-01
1.052846670150756836e+00
8.939261988416546956e-07
3.948092758655548096e-01
9.730763435363769531e-01
-5.205992981791496277e-02
4.130524396896362305e-01
8.571895360946655273e-01
-6.635539233684539795e-02
3.202264308929443359e-01
7.883668541908264160e-01
-7.109979540109634399e-02
2.458776235580444336e-01
7.640683650970458984e-01
-7.505524158477783203e-02
3.876724839210510254e-01
6.855134367942810059e-01
-4.111623018980026245e-02
4.201351702213287354e-01
5.305286049842834473e-01
-5.810091644525527954e-02
4.344146847724914551e-01
4.365909397602081299e-01
-7.281215488910675049e-02
4.394134283065795898e-01
3.480521440505981445e-01
-8.495809137821197510e-02
3.183254897594451904e-01
6.784343719482421875e-01
-3.910524025559425354e-02
3.199831247329711914e-01
5.021317005157470703e-01
-5.262462049722671509e-02
3.186646401882171631e-01
4.020372033119201660e-01
-6.703668087720870972e-02
3.106534183025360107e-01
3.107539415359497070e-01
-7.741043716669082642e-02
2.611394226551055908e-01
7.095491886138916016e-01
-4.216603562235832214e-02
2.439220547676086426e-01
5.710814595222473145e-01
-7.150460034608840942e-02
2.455384731292724609e-01
4.732736945152282715e-01
-9.304791688919067383e-02
2.372685372829437256e-01
3.795882463455200195e-01
-1.060828492045402527e-01
2.094834595918655396e-01
7.792344093322753906e-01
-4.885648936033248901e-02
1.995908766984939575e-01
6.565160751342773438e-01
-7.444513589143753052e-02
2.286196500062942505e-01
6.898908615112304688e-01
-6.595738977193832397e-02
2.497897446155548096e-01
7.498651742935180664e-01
-5.705925822257995605e-02
