1.645539999008178711e-01
7.544989585876464844e-01
4.247981166827230481e-07
2.323057204484939575e-01
7.442901134490966797e-01
-1.453205663710832596e-02
3.008628189563751221e-01
7.023728489875793457e-01
-2.518699876964092255e-02
3.513604402542114258e-01
6.791527271270751953e-01
-3.885318711400032043e-02
3.964034020900726318e-01
6.612083315849304199e-01
-5.196925625205039978e-02
2.969231307506561279e-01
5.417481064796447754e-01
1.298090792261064053e-03
3.357064723968505859e-01
4.581910669803619385e-01
-2.268030866980552673e-02
3.730389475822448730e-01
4.370391964912414551e-01
-4.476432129740715027e-02
4.076680541038513184e-01
4.376324415206909180e-01
-5.843413993716239929e-02
2.750200033187866211e-01
5.287144780158996582e-01
-8.688673377037048340e-03
3.189677894115447998e-01
4.368375539779663086e-01
-3.236134350299835205e-02
3.623718321323394775e-01
4.212472438812255859e-01
-5.386036261916160583e-02
4.001947641372680664e-01
4.363789558410644531e-01
-6.659880280494689941e-02
2.496308386325836182e-01
5.282996892929077148e-01
-2.314565144479274750e-02
2.930932939052581787e-01
4.360623955726623535e-01
-4.487051442265510559e-02
3.383455872535705566e-01
4.172765016555786133e-01
-6.007863581180572510e-02
3.790375590324401855e-01
4.282857477664947510e-01
-6.782919913530349731e-02
2.207499146461486816e-01
5.394698381423950195e-01
-3.996654227375984192e-02
2.570217847824096680e-01
4.667016565799713135e-01
-5.843020230531692505e-02
2.942497134208679199e-01
4.350764155387878418e-01
-6.777065247297286987e-02
3.301959931850433350e-01
4.275431931018829346e-01
-7.217144221067428589e-02
