3.581277132034301758e-01
6.697496175765991211e-01
3.511889303808857221e-07
4.093403816223144531e-01
6.661970019340515137e-01
-7.845736108720302582e-03
4.559676945209503174e-01
6.471723318099975586e-01
-1.466490142047405243e-02
4.932205677032470703e-01
6.320202946662902832e-01
-2.509226649999618530e-02
5.177171230316162109e-01
6.014405488967895508e-01
-3.499298542737960815e-02
4.494393765926361084e-01
5.365362167358398438e-01
1.315803173929452896e-02
4.854770302772521973e-01
4.963217973709106445e-01
-9.223841479979455471e-04
5.164691805839538574e-01
4.926759004592895508e-01
-1.612825691699981689e-02
5.414450168609619141e-01
5.013734698295593262e-01
-2.537947706878185272e-02
4.382390975952148438e-01
5.219882726669311523e-01
5.214189179241657257e-03
4.794309735298156738e-01
4.656172096729278564e-01
-9.090337902307510376e-03
5.134482979774475098e-01
4.686213731765747070e-01
-2.359360456466674805e-02
5.393880009651184082e-01
4.904895722866058350e-01
-3.159925714135169983e-02
4.241951107978820801e-01
5.146696567535400391e-01
-6.427444983273744583e-03
4.639912247657775879e-01
4.530891776084899902e-01
-1.996045932173728943e-02
5.010952949523925781e-01
4.554539322853088379e-01
-3.003805503249168396e-02
5.291262269020080566e-01
4.771421253681182861e-01
-3.453651443123817444e-02
4.089591801166534424e-01
5.157029032707214355e-01
-1.981035061180591583e-02
4.469503462314605713e-01
4.676868319511413574e-01
-3.131522610783576965e-02
4.791074693202972412e-01
4.625664949417114258e-01
-3.639533370733261108e-02
5.047891736030578613e-01
4.762258827686309814e-01
-3.793742135167121887e-02
