2.731132507324218750e-01
6.609795689582824707e-01
5.107193032927170862e-07
3.325843811035156250e-01
6.508861780166625977e-01
-1.241744775325059891e-02
3.897178471088409424e-01
6.106884479522705078e-01
-2.033796906471252441e-02
4.338707923889160156e-01
5.859487652778625488e-01
-3.026235848665237427e-02
4.769178032875061035e-01
5.619729757308959961e-01
-3.934552893042564392e-02
3.721060752868652344e-01
4.951489567756652832e-01
7.473336998373270035e-03
4.181422293186187744e-01
4.546589851379394531e-01
-9.833091869950294495e-03
4.537505209445953369e-01
4.346646070480346680e-01
-2.677813544869422913e-02
4.859108030796051025e-01
4.209862351417541504e-01
-3.842861205339431763e-02
3.543531894683837891e-01
4.798843562602996826e-01
2.958211007353384048e-05
4.068683087825775146e-01
4.344245791435241699e-01
-1.607247628271579742e-02
4.466735124588012695e-01
4.197927117347717285e-01
-3.079543635249137878e-02
4.858070611953735352e-01
4.147317707538604736e-01
-4.066191241145133972e-02
3.344774842262268066e-01
4.760220348834991455e-01
-1.188882347196340561e-02
3.878685832023620605e-01
4.301715791225433350e-01
-2.939115464687347412e-02
4.309988617897033691e-01
4.154118299484252930e-01
-3.877930715680122375e-02
4.723744094371795654e-01
4.111030697822570801e-01
-4.378983005881309509e-02
3.153789341449737549e-01
4.813161194324493408e-01
-2.592090331017971039e-02
3.626860678195953369e-01
4.439858794212341309e-01
-4.121214896440505981e-02
3.995122313499450684e-01
4.265931248664855957e-01
-4.687361046671867371e-02
4.349547028541564941e-01
4.170447885990142822e-01
-4.939454793930053711e-02
