8.059186339378356934e-01
7.327498197555541992e-01
3.773099521708900284e-08
7.359684705734252930e-01
7.061022520065307617e-01
-9.145295247435569763e-03
6.664046049118041992e-01
6.529379487037658691e-01
-2.054215222597122192e-02
6.110746860504150391e-01
6.401563286781311035e-01
-3.618318960070610046e-02
5.590978264808654785e-01
6.404803395271301270e-01
-5.233084037899971008e-02
6.818562150001525879e-01
5.147046446800231934e-01
8.855322375893592834e-03
6.363278627395629883e-01
4.448130726814270020e-01
-1.044171210378408432e-02
6.018407940864562988e-01
4.136660099029541016e-01
-3.192022815346717834e-02
5.664981603622436523e-01
3.953712582588195801e-01
-4.853486642241477966e-02
7.052192091941833496e-01
5.045645236968994141e-01
-5.526620894670486450e-03
6.561552882194519043e-01
4.274472594261169434e-01
-2.689112350344657898e-02
6.149598360061645508e-01
3.957292139530181885e-01
-4.795055836439132690e-02
5.723568201065063477e-01
3.810211420059204102e-01
-6.229958683252334595e-02
7.356166839599609375e-01
5.086306333541870117e-01
-2.420311421155929565e-02
6.860387921333312988e-01
4.294354915618896484e-01
-4.387038946151733398e-02
6.439368128776550293e-01
3.952380418777465820e-01
-5.705733224749565125e-02
6.015687584877014160e-01
3.745018243789672852e-01
-6.530969589948654175e-02
7.683219909667968750e-01
5.244426727294921875e-01
-4.484186694025993347e-02
7.264851927757263184e-01
4.589727222919464111e-01
-6.121573597192764282e-02
6.888251900672912598e-01
4.219481945037841797e-01
-6.912479549646377563e-02
6.516264081001281738e-01
3.939231038093566895e-01
-7.427664846181869507e-02
