7.314525246620178223e-01
7.165464162826538086e-01
-1.546041339395287650e-08
6.733223795890808105e-01
7.070646286010742188e-01
-3.877273527905344963e-03
6.144212484359741211e-01
6.734849214553833008e-01
-1.121553033590316772e-02
5.684812068939208984e-01
6.692474484443664551e-01
-2.338015288114547729e-02
5.267746448516845703e-01
6.749697923660278320e-01
-3.578032180666923523e-02
6.225897073745727539e-01
5.535004734992980957e-01
1.470785401761531830e-02
5.846457481384277344e-01
5.006288290023803711e-01
4.166073922533541918e-04
5.531428456306457520e-01
4.818630814552307129e-01
-1.685388013720512390e-02
5.226133465766906738e-01
4.758432507514953613e-01
-3.001141548156738281e-02
6.386896967887878418e-01
5.439633131027221680e-01
1.224901294335722923e-03
5.958265662193298340e-01
4.844439029693603516e-01
-1.434593740850687027e-02
5.572921633720397949e-01
4.684843420982360840e-01
-3.057064116001129150e-02
5.201945900917053223e-01
4.682221114635467529e-01
-4.156055301427841187e-02
6.594353318214416504e-01
5.433030128479003906e-01
-1.598052121698856354e-02
6.140980720520019531e-01
4.815614521503448486e-01
-3.025624342262744904e-02
5.734961032867431641e-01
4.639449417591094971e-01
-4.044507071375846863e-02
5.361207723617553711e-01
4.589656591415405273e-01
-4.685975611209869385e-02
6.807831525802612305e-01
5.508562326431274414e-01
-3.476535901427268982e-02
6.413175463676452637e-01
5.007599592208862305e-01
-4.590984806418418884e-02
6.079930067062377930e-01
4.783653020858764648e-01
-5.114866793155670166e-02
5.771659612655639648e-01
4.650150537490844727e-01
-5.471924692392349243e-02
