7.434398531913757324e-01
7.909288406372070312e-01
-7.773343213557382114e-08
6.805880069732666016e-01
7.757072448730468750e-01
1.412178156897425652e-03
6.183902025222778320e-01
7.369598746299743652e-01
-5.588147323578596115e-03
5.716428160667419434e-01
7.285692095756530762e-01
-1.892740465700626373e-02
5.303724408149719238e-01
7.315539717674255371e-01
-3.249315172433853149e-02
6.341122984886169434e-01
6.117397546768188477e-01
1.797244325280189514e-02
5.916383862495422363e-01
5.498234033584594727e-01
3.867543127853423357e-04
5.570451617240905762e-01
5.331255793571472168e-01
-1.857551001012325287e-02
5.243188738822937012e-01
5.328776240348815918e-01
-3.215212747454643250e-02
6.504115462303161621e-01
6.059132218360900879e-01
4.756915150210261345e-04
5.982647538185119629e-01
5.386675000190734863e-01
-1.926656998693943024e-02
5.584745407104492188e-01
5.266584157943725586e-01
-3.747374191880226135e-02
5.230697393417358398e-01
5.356141328811645508e-01
-4.904399067163467407e-02
6.705611348152160645e-01
6.097007393836975098e-01
-2.069641835987567902e-02
6.170025467872619629e-01
5.433228015899658203e-01
-3.697988018393516541e-02
5.739325881004333496e-01
5.285927653312683105e-01
-4.780408367514610291e-02
5.362497568130493164e-01
5.300185680389404297e-01
-5.443008989095687866e-02
6.909380555152893066e-01
6.219631433486938477e-01
-4.309709370136260986e-02
6.467363834381103516e-01
5.702408552169799805e-01
-5.508001521229743958e-02
6.116238832473754883e-01
5.447911620140075684e-01
-6.178541854023933411e-02
5.789543986320495605e-01
5.290275216102600098e-01
-6.663010269403457642e-02
