9.001470208168029785e-01
6.719067096710205078e-01
2.934349474514874601e-08
8.400072455406188965e-01
6.551839709281921387e-01
-1.134231034666299820e-02
7.812680006027221680e-01
6.123265027999877930e-01
-2.137713693082332611e-02
7.364676594734191895e-01
5.894680619239807129e-01
-3.381761536002159119e-02
6.950806379318237305e-01
5.752528905868530273e-01
-4.630316793918609619e-02
7.920510768890380859e-01
4.921256303787231445e-01
2.031626645475625992e-03
7.568342089653015137e-01
4.259356558322906494e-01
-1.663482561707496643e-02
7.292888164520263672e-01
3.971609473228454590e-01
-3.579876571893692017e-02
7.009912133216857910e-01
3.816964626312255859e-01
-4.956625774502754211e-02
8.141430020332336426e-01
4.807170331478118896e-01
-7.255738135427236557e-03
7.746617794036865234e-01
4.107622206211090088e-01
-2.699782885611057281e-02
7.424147725105285645e-01
3.846147358417510986e-01
-4.481876268982887268e-02
7.093148827552795410e-01
3.751251399517059326e-01
-5.610579252243041992e-02
8.422079086303710938e-01
4.792599678039550781e-01
-2.025119774043560028e-02
8.008974790573120117e-01
4.112559854984283447e-01
-3.679041191935539246e-02
7.670283317565917969e-01
3.824629783630371094e-01
-4.708294942975044250e-02
7.335660457611083984e-01
3.665934801101684570e-01
-5.320256203413009644e-02
8.750774860382080078e-01
4.865189492702484131e-01
-3.525826334953308105e-02
8.412064313888549805e-01
4.297688305377960205e-01
-4.928618669509887695e-02
8.109669685363769531e-01
3.957105875015258789e-01
-5.595090985298156738e-02
7.815861105918884277e-01
3.688749670982360840e-01
-5.975073948502540588e-02
