2.788409590721130371e-01
7.127511501312255859e-01
4.507889457272540312e-07
3.431271612644195557e-01
7.006379365921020508e-01
-7.487224880605936050e-03
4.042811989784240723e-01
6.629643440246582031e-01
-1.778192259371280670e-02
4.509129524230957031e-01
6.491155624389648438e-01
-3.199981153011322021e-02
4.964343905448913574e-01
6.446163654327392578e-01
-4.645758867263793945e-02
3.924975991249084473e-01
5.349879264831542969e-01
1.861381693743169308e-03
4.376138448715209961e-01
4.830191135406494141e-01
-1.925546117126941681e-02
4.726902246475219727e-01
4.640346169471740723e-01
-3.799406811594963074e-02
5.052361488342285156e-01
4.554052054882049561e-01
-5.093969032168388367e-02
3.734589517116546631e-01
5.236956477165222168e-01
-1.147295348346233368e-02
4.271623790264129639e-01
4.620750546455383301e-01
-3.262759745121002197e-02
4.690897464752197266e-01
4.486905932426452637e-01
-5.060288682579994202e-02
5.068836808204650879e-01
4.503461122512817383e-01
-6.207959726452827454e-02
3.516752123832702637e-01
5.252416729927062988e-01
-2.835402265191078186e-02
4.045410752296447754e-01
4.621773660182952881e-01
-4.884124174714088440e-02
4.485573768615722656e-01
4.467654228210449219e-01
-6.087049841880798340e-02
4.890671372413635254e-01
4.455318748950958252e-01
-6.757546961307525635e-02
3.301010429859161377e-01
5.389240980148315430e-01
-4.680644348263740540e-02
3.733047842979431152e-01
4.916394352912902832e-01
-6.344974786043167114e-02
4.094864428043365479e-01
4.660820960998535156e-01
-7.117110490798950195e-02
4.443961381912231445e-01
4.499762952327728271e-01
-7.563009113073348999e-02
