1.837497353553771973e-01
7.277498245239257812e-01
4.108209736841672566e-07
2.531296312808990479e-01
7.184630632400512695e-01
-1.033200882375240326e-02
3.193407058715820312e-01
6.799717545509338379e-01
-1.835396513342857361e-02
3.696083128452301025e-01
6.591467857360839844e-01
-3.041775710880756378e-02
4.136216640472412109e-01
6.412373781204223633e-01
-4.205622524023056030e-02
3.160428404808044434e-01
5.210596919059753418e-01
9.198360145092010498e-03
3.584470450878143311e-01
4.452620744705200195e-01
-1.142657455056905746e-02
3.953707814216613770e-01
4.242696762084960938e-01
-3.143754601478576660e-02
4.284566640853881836e-01
4.245219826698303223e-01
-4.401534423232078552e-02
2.958495318889617920e-01
5.061996579170227051e-01
-2.325640525668859482e-03
3.431791961193084717e-01
4.208040237426757812e-01
-2.290498092770576477e-02
3.860633373260498047e-01
4.062784910202026367e-01
-4.307113960385322571e-02
4.224116206169128418e-01
4.223970174789428711e-01
-5.536259710788726807e-02
2.718630135059356689e-01
5.038299560546875000e-01
-1.831337250769138336e-02
3.180325925350189209e-01
4.173864424228668213e-01
-3.812148049473762512e-02
3.635989427566528320e-01
4.003241062164306641e-01
-5.367364734411239624e-02
4.030396044254302979e-01
4.131531119346618652e-01
-6.200810149312019348e-02
2.447615563869476318e-01
5.126054286956787109e-01
-3.637587651610374451e-02
2.831165194511413574e-01
4.411453008651733398e-01
-5.401488021016120911e-02
3.208552896976470947e-01
4.125695824623107910e-01
-6.372760981321334839e-02
3.564084470272064209e-01
4.095461368560791016e-01
-6.856387108564376831e-02
