2.874884009361267090e-01
7.861212491989135742e-01
6.087518613639986143e-07
3.509359955787658691e-01
7.724797129631042480e-01
-2.683493681252002716e-02
4.079867005348205566e-01
7.401497364044189453e-01
-4.736360907554626465e-02
4.550408720970153809e-01
7.310036420822143555e-01
-6.844431906938552856e-02
5.007340312004089355e-01
7.317079305648803711e-01
-9.025247395038604736e-02
4.144952595233917236e-01
5.879075527191162109e-01
-2.155133336782455444e-02
4.528996944427490234e-01
5.199598670005798340e-01
-5.058873072266578674e-02
4.823918342590332031e-01
4.888361394405364990e-01
-7.571499049663543701e-02
5.148019194602966309e-01
4.645163416862487793e-01
-9.332798421382904053e-02
3.843020796775817871e-01
5.729780197143554688e-01
-2.801478467881679535e-02
4.271516501903533936e-01
5.017138123512268066e-01
-5.538219958543777466e-02
4.621323049068450928e-01
4.745954275131225586e-01
-7.785046845674514771e-02
5.011432766914367676e-01
4.589845538139343262e-01
-9.367661178112030029e-02
3.474324643611907959e-01
5.727762579917907715e-01
-3.921792656183242798e-02
3.897891640663146973e-01
5.017045736312866211e-01
-6.560041010379791260e-02
4.230148792266845703e-01
4.744915366172790527e-01
-8.125627785921096802e-02
4.593744277954101562e-01
4.602928161621093750e-01
-9.079367667436599731e-02
3.030030727386474609e-01
5.850831866264343262e-01
-5.346620082855224609e-02
3.360518217086791992e-01
5.241771936416625977e-01
-7.548885047435760498e-02
3.639986217021942139e-01
4.891942143440246582e-01
-8.582200109958648682e-02
3.952750563621520996e-01
4.626114368438720703e-01
-9.233312308788299561e-02
