2.361322343349456787e-01
6.641714572906494141e-01
4.617404272266867338e-07
3.054516911506652832e-01
6.220226287841796875e-01
2.740708924829959869e-02
3.490105867385864258e-01
5.710636973381042480e-01
2.771204896271228790e-02
3.850461840629577637e-01
5.557867288589477539e-01
1.753398030996322632e-02
4.229679405689239502e-01
5.498141050338745117e-01
6.574439816176891327e-03
2.857536673545837402e-01
4.476654827594757080e-01
2.754470333456993103e-02
3.542631864547729492e-01
3.885695040225982666e-01
1.516555435955524445e-02
3.982210159301757812e-01
3.752236962318420410e-01
1.319974660873413086e-03
4.368799626827239990e-01
3.750873506069183350e-01
-8.098262362182140350e-03
2.822617590427398682e-01
4.565275013446807861e-01
-9.625040111131966114e-04
3.598902225494384766e-01
3.846921324729919434e-01
-1.258438732475042343e-02
4.096415340900421143e-01
3.692977428436279297e-01
-2.400059625506401062e-02
4.498828053474426270e-01
3.782388567924499512e-01
-2.983731217682361603e-02
2.898539006710052490e-01
4.782261848449707031e-01
-2.898237295448780060e-02
3.621263802051544189e-01
3.987986445426940918e-01
-3.108197078108787537e-02
4.090721011161804199e-01
3.747827112674713135e-01
-2.815564908087253571e-02
4.449083805084228516e-01
3.659306168556213379e-01
-2.642767876386642456e-02
3.103109598159790039e-01
5.110021829605102539e-01
-5.670198053121566772e-02
3.640019595623016357e-01
4.495851695537567139e-01
-5.460131168365478516e-02
3.969833552837371826e-01
4.151237607002258301e-01
-4.715976119041442871e-02
4.240750670433044434e-01
3.911036252975463867e-01
-4.144551977515220642e-02
