3.113486766815185547e-01
7.271992564201354980e-01
4.382295060167962220e-07
3.634598553180694580e-01
7.210614681243896484e-01
-1.286798436194658279e-02
4.175287485122680664e-01
6.896237730979919434e-01
-2.045392058789730072e-02
4.612368941307067871e-01
6.741710901260375977e-01
-3.013437427580356598e-02
5.023996829986572266e-01
6.662601828575134277e-01
-3.923339024186134338e-02
4.122157990932464600e-01
5.758438110351562500e-01
7.885805331170558929e-03
4.490884244441986084e-01
5.269435644149780273e-01
-8.227159269154071808e-03
4.805348813533782959e-01
5.036087036132812500e-01
-2.420881763100624084e-02
5.100314021110534668e-01
4.879721403121948242e-01
-3.500116989016532898e-02
3.986707031726837158e-01
5.626996159553527832e-01
9.452346712350845337e-04
4.419509172439575195e-01
5.108729600906372070e-01
-1.266278512775897980e-02
4.769980609416961670e-01
4.894574880599975586e-01
-2.597435005009174347e-02
5.119342207908630371e-01
4.780876636505126953e-01
-3.502549603581428528e-02
3.803885579109191895e-01
5.578051209449768066e-01
-1.062167808413505554e-02
4.237997829914093018e-01
5.054797530174255371e-01
-2.528037503361701965e-02
4.605104327201843262e-01
4.822988510131835938e-01
-3.438333421945571899e-02
4.960936307907104492e-01
4.704421758651733398e-01
-3.939812257885932922e-02
3.589432835578918457e-01
5.587186217308044434e-01
-2.453470416367053986e-02
3.961090445518493652e-01
5.137976408004760742e-01
-3.670141100883483887e-02
4.257140457630157471e-01
4.885304570198059082e-01
-4.147248342633247375e-02
4.550375938415527344e-01
4.714906215667724609e-01
-4.387718066573143005e-02
