1.644819974899291992e-01
7.143078446388244629e-01
8.835879725666018203e-07
2.585214972496032715e-01
6.891833543777465820e-01
-2.516131289303302765e-02
3.526186943054199219e-01
6.117524504661560059e-01
-4.552339017391204834e-02
4.294289350509643555e-01
5.780776739120483398e-01
-6.892490386962890625e-02
5.018506646156311035e-01
5.598090291023254395e-01
-9.283727407455444336e-02
3.298427462577819824e-01
4.061360359191894531e-01
-1.692011766135692596e-02
3.999978303909301758e-01
3.151938319206237793e-01
-5.739644542336463928e-02
4.583202004432678223e-01
2.763853669166564941e-01
-9.186714142560958862e-02
5.153532028198242188e-01
2.511190176010131836e-01
-1.157745644450187683e-01
2.935939729213714600e-01
3.891658484935760498e-01
-3.259563446044921875e-02
3.684037625789642334e-01
2.851260602474212646e-01
-7.093615084886550903e-02
4.359771013259887695e-01
2.484483718872070312e-01
-1.003368496894836426e-01
5.040237903594970703e-01
2.308376133441925049e-01
-1.199400648474693298e-01
2.512583136558532715e-01
3.974686264991760254e-01
-5.484464019536972046e-02
3.227484524250030518e-01
2.895812094211578369e-01
-9.190831333398818970e-02
3.894069492816925049e-01
2.480077445507049561e-01
-1.117469295859336853e-01
4.565122723579406738e-01
2.248377799987792969e-01
-1.232170984148979187e-01
2.082479447126388550e-01
4.253337383270263672e-01
-8.075170964002609253e-02
2.697943747043609619e-01
3.404091000556945801e-01
-1.132165417075157166e-01
3.237511813640594482e-01
2.880441844463348389e-01
-1.286640763282775879e-01
3.788649141788482666e-01
2.472656369209289551e-01
-1.379099488258361816e-01
