8.864073157310485840e-01
8.014433383941650391e-01
5.312424988801467407e-08
7.908775806427001953e-01
7.615870237350463867e-01
-1.157970074564218521e-02
6.977999210357666016e-01
6.865557432174682617e-01
-3.096016496419906616e-02
6.215848922729492188e-01
6.710026264190673828e-01
-5.671469494700431824e-02
5.514348745346069336e-01
6.772561073303222656e-01
-8.340910077095031738e-02
7.270550131797790527e-01
4.919229149818420410e-01
7.740263361483812332e-03
6.716588735580444336e-01
3.800714612007141113e-01
-2.562887407839298248e-02
6.256657838821411133e-01
3.376058340072631836e-01
-5.933501198887825012e-02
5.804619193077087402e-01
3.217959702014923096e-01
-8.288618177175521851e-02
7.617493867874145508e-01
4.835606813430786133e-01
-1.419867575168609619e-02
7.031035423278808594e-01
3.591169714927673340e-01
-5.075770616531372070e-02
6.486575007438659668e-01
3.242087662220001221e-01
-8.208650350570678711e-02
5.949964523315429688e-01
3.226781487464904785e-01
-1.012743115425109863e-01
8.036409020423889160e-01
4.962325692176818848e-01
-4.211644083261489868e-02
7.420629858970642090e-01
3.755245208740234375e-01
-7.165148854255676270e-02
6.837198734283447266e-01
3.323261439800262451e-01
-9.008115530014038086e-02
6.299116015434265137e-01
3.142525851726531982e-01
-1.009807810187339783e-01
8.461805582046508789e-01
5.265761613845825195e-01
-7.264483720064163208e-02
7.917811274528503418e-01
4.337074160575866699e-01
-9.405115991830825806e-02
7.433349490165710449e-01
3.794476985931396484e-01
-1.043326929211616516e-01
6.979125738143920898e-01
3.377887606620788574e-01
-1.112710088491439819e-01
