7.958940863609313965e-01
6.515187025070190430e-01
7.275827584862781805e-08
7.333970665931701660e-01
6.402869224548339844e-01
-1.198508776724338531e-02
6.682091951370239258e-01
5.998874306678771973e-01
-2.226801030337810516e-02
6.191214323043823242e-01
5.830215811729431152e-01
-3.537727892398834229e-02
5.740977525711059570e-01
5.741571187973022461e-01
-4.811786487698554993e-02
6.734697222709655762e-01
4.679422974586486816e-01
4.679529927670955658e-03
6.335214376449584961e-01
3.984803557395935059e-01
-1.198485121130943298e-02
6.028964519500732422e-01
3.692302405834197998e-01
-2.996409125626087189e-02
5.729580521583557129e-01
3.535256385803222656e-01
-4.326117783784866333e-02
6.936016678810119629e-01
4.552681148052215576e-01
-5.004930775612592697e-03
6.484836935997009277e-01
3.832635879516601562e-01
-2.235314808785915375e-02
6.111220121383666992e-01
3.558684885501861572e-01
-3.888877481222152710e-02
5.747354030609130859e-01
3.462958931922912598e-01
-4.986003413796424866e-02
7.205385565757751465e-01
4.524816870689392090e-01
-1.878841221332550049e-02
6.735221147537231445e-01
3.800649940967559814e-01
-3.402172774076461792e-02
6.348538994789123535e-01
3.508857488632202148e-01
-4.399126395583152771e-02
5.979930162429809570e-01
3.354188799858093262e-01
-5.028894916176795959e-02
7.517774105072021484e-01
4.582135081291198730e-01
-3.487450256943702698e-02
7.133461833000183105e-01
3.985161781311035156e-01
-4.805568978190422058e-02
6.795291304588317871e-01
3.653681278228759766e-01
-5.449575930833816528e-02
6.469408273696899414e-01
3.409296274185180664e-01
-5.842300876975059509e-02
