8.092647790908813477e-01
6.995940208435058594e-01
4.469854530952943605e-08
7.549647688865661621e-01
6.793291568756103516e-01
-9.648580104112625122e-03
7.068730592727661133e-01
6.342004537582397461e-01
-1.870039105415344238e-02
6.693406105041503906e-01
6.019854545593261719e-01
-3.062776662409305573e-02
6.329222321510314941e-01
5.819683074951171875e-01
-4.235103726387023926e-02
7.254301309585571289e-01
5.188691020011901855e-01
7.225608453154563904e-03
7.058590054512023926e-01
4.491907358169555664e-01
-9.184253402054309845e-03
6.856616139411926270e-01
4.189559221267700195e-01
-2.714030630886554718e-02
6.636539697647094727e-01
4.046197235584259033e-01
-3.963287919759750366e-02
7.465303540229797363e-01
5.091651678085327148e-01
-1.633630483411252499e-03
7.240308523178100586e-01
4.318974614143371582e-01
-2.012125030159950256e-02
6.980385780334472656e-01
4.058524370193481445e-01
-3.828633204102516174e-02
6.704513430595397949e-01
4.035334885120391846e-01
-4.922992736101150513e-02
7.709671258926391602e-01
5.086392164230346680e-01
-1.400846522301435471e-02
7.480315566062927246e-01
4.334391355514526367e-01
-2.785994671285152435e-02
7.213097214698791504e-01
4.065378010272979736e-01
-3.858371078968048096e-02
6.944788694381713867e-01
3.999838829040527344e-01
-4.484644159674644470e-02
7.991495728492736816e-01
5.178632736206054688e-01
-2.832941338419914246e-02
7.792651653289794922e-01
4.577256739139556885e-01
-3.911719843745231628e-02
7.571470737457275391e-01
4.228808879852294922e-01
-4.571567475795745850e-02
7.342818379402160645e-01
4.005714058876037598e-01
-4.960126429796218872e-02
