9.273235201835632324e-01
6.532080173492431641e-01
1.118074735018126376e-07
8.758313655853271484e-01
6.295832395553588867e-01
-1.378096081316471100e-02
8.385115861892700195e-01
5.883876681327819824e-01
-2.117536216974258423e-02
8.146750926971435547e-01
5.475065708160400391e-01
-2.878345921635627747e-02
7.908256649971008301e-01
5.163919925689697266e-01
-3.567691147327423096e-02
8.497999310493469238e-01
4.968975186347961426e-01
1.978199230507016182e-03
8.362642526626586914e-01
4.384278059005737305e-01
-9.604587219655513763e-03
8.238227367401123047e-01
4.080932736396789551e-01
-2.343233861029148102e-02
8.089727163314819336e-01
3.826425671577453613e-01
-3.434136882424354553e-02
8.742926716804504395e-01
4.839228391647338867e-01
-1.592771383002400398e-03
8.569642305374145508e-01
4.222357571125030518e-01
-1.299162302166223526e-02
8.409538865089416504e-01
3.922414779663085938e-01
-2.656516432762145996e-02
8.216328620910644531e-01
3.714450001716613770e-01
-3.647147491574287415e-02
9.001468420028686523e-01
4.822542071342468262e-01
-8.384684100747108459e-03
8.817383050918579102e-01
4.208782017230987549e-01
-1.909532211720943451e-02
8.641958236694335938e-01
3.899444043636322021e-01
-2.775531820952892303e-02
8.444914221763610840e-01
3.681112527847290039e-01
-3.372865542769432068e-02
9.290845990180969238e-01
4.904269278049468994e-01
-1.708242483437061310e-02
9.133628010749816895e-01
4.382609128952026367e-01
-2.747189998626708984e-02
8.980005383491516113e-01
4.060204327106475830e-01
-3.280751034617424011e-02
8.812010884284973145e-01
3.791431188583374023e-01
-3.598890826106071472e-02
