6.159105300903320312e-01
6.824842095375061035e-01
-6.058780854800716043e-08
5.291010737419128418e-01
6.509558558464050293e-01
7.835756056010723114e-03
4.507529735565185547e-01
5.866421461105346680e-01
1.576581737026572227e-03
3.913311958312988281e-01
5.641800761222839355e-01
-1.535244937986135483e-02
3.351248800754547119e-01
5.557603240013122559e-01
-3.334017470479011536e-02
4.827388226985931396e-01
4.257189035415649414e-01
3.534658253192901611e-02
4.343134462833404541e-01
3.382864594459533691e-01
1.593586429953575134e-02
3.912361860275268555e-01
3.060745596885681152e-01
-7.010559551417827606e-03
3.527354001998901367e-01
2.975502014160156250e-01
-2.308417856693267822e-02
5.035958290100097656e-01
4.188033342361450195e-01
9.165219962596893311e-03
4.485732316970825195e-01
3.175475299358367920e-01
-1.138793025165796280e-02
3.974517881870269775e-01
2.910498976707458496e-01
-3.163792565464973450e-02
3.509137928485870361e-01
2.940656542778015137e-01
-4.362306371331214905e-02
5.295202732086181641e-01
4.235111474990844727e-01
-2.209352888166904449e-02
4.706608653068542480e-01
3.210982084274291992e-01
-3.723841905593872070e-02
4.185709059238433838e-01
2.906463742256164551e-01
-4.609083756804466248e-02
3.712111115455627441e-01
2.813607156276702881e-01
-5.165470391511917114e-02
5.554612874984741211e-01
4.408456981182098389e-01
-5.535269528627395630e-02
5.097789764404296875e-01
3.599835932254791260e-01
-6.664256006479263306e-02
4.679934382438659668e-01
3.153018951416015625e-01
-7.177039980888366699e-02
4.272423088550567627e-01
2.829084992408752441e-01
-7.539386302232742310e-02
