4.342807829380035400e-01
6.470768451690673828e-01
1.216232021761243232e-07
4.124203026294708252e-01
6.485167741775512695e-01
-8.050151914358139038e-02
3.707653582096099854e-01
6.052995324134826660e-01
-1.141908541321754456e-01
3.102690577507019043e-01
5.747476816177368164e-01
-1.320688724517822266e-01
2.563123703002929688e-01
5.552719235420227051e-01
-1.434214413166046143e-01
4.025938212871551514e-01
4.348432421684265137e-01
-7.346310466527938843e-02
3.636160492897033691e-01
3.213035166263580322e-01
-1.040281802415847778e-01
3.162353932857513428e-01
2.926923632621765137e-01
-1.265244185924530029e-01
2.700697779655456543e-01
2.900095880031585693e-01
-1.370036900043487549e-01
3.912589550018310547e-01
4.193307757377624512e-01
-3.770962357521057129e-02
3.604108989238739014e-01
2.982321381568908691e-01
-6.619196385145187378e-02
3.090989291667938232e-01
2.785567045211791992e-01
-8.426986634731292725e-02
2.641457021236419678e-01
2.942138910293579102e-01
-9.084852039813995361e-02
3.781747221946716309e-01
4.211195111274719238e-01
-8.567868731915950775e-03
3.513907492160797119e-01
3.183107972145080566e-01
-2.933419495820999146e-02
3.098925650119781494e-01
2.973259687423706055e-01
-4.632125422358512878e-02
2.710673213005065918e-01
3.003354668617248535e-01
-5.251923575997352600e-02
3.655743598937988281e-01
4.280115365982055664e-01
1.475638616830110550e-02
3.405718207359313965e-01
3.523193001747131348e-01
3.498255508020520210e-03
3.106889724731445312e-01
3.256218433380126953e-01
-5.941947456449270248e-03
2.822559773921966553e-01
3.161542415618896484e-01
-9.946937672793865204e-03
