1.875055879354476929e-01
8.500749468803405762e-01
8.058696039370261133e-07
2.702052593231201172e-01
8.051251173019409180e-01
-2.309971116483211517e-02
3.511120080947875977e-01
7.132282257080078125e-01
-4.505582153797149658e-02
4.228254556655883789e-01
6.713625788688659668e-01
-7.025043666362762451e-02
4.922850131988525391e-01
6.572486162185668945e-01
-9.710121154785156250e-02
3.062150776386260986e-01
5.247422456741333008e-01
-2.365962229669094086e-02
3.561643660068511963e-01
4.161581397056579590e-01
-6.334993988275527954e-02
4.020355939865112305e-01
3.683639168739318848e-01
-9.593623876571655273e-02
4.512951970100402832e-01
3.340024650096893311e-01
-1.188321858644485474e-01
2.713981568813323975e-01
5.240007638931274414e-01
-4.062964022159576416e-02
3.256901204586029053e-01
3.983274102210998535e-01
-7.897391170263290405e-02
3.815608322620391846e-01
3.509985208511352539e-01
-1.069717928767204285e-01
4.406928420066833496e-01
3.245536684989929199e-01
-1.255260854959487915e-01
2.322701960802078247e-01
5.473775863647460938e-01
-6.310433894395828247e-02
2.826927006244659424e-01
4.171226918697357178e-01
-9.967637062072753906e-02
3.389301896095275879e-01
3.650039732456207275e-01
-1.184560358524322510e-01
3.977561295032501221e-01
3.334441483020782471e-01
-1.291739791631698608e-01
1.930691599845886230e-01
5.889765024185180664e-01
-8.879229426383972168e-02
2.323838770389556885e-01
4.860169589519500732e-01
-1.202216371893882751e-01
2.743496894836425781e-01
4.233231544494628906e-01
-1.346663534641265869e-01
3.194205760955810547e-01
3.750178813934326172e-01
-1.435270011425018311e-01
