2.968113124370574951e-01
5.990531444549560547e-01
5.561311695601034444e-07
3.588127791881561279e-01
5.788195729255676270e-01
-1.534215733408927917e-02
4.150737822055816650e-01
5.166531801223754883e-01
-2.314036898314952850e-02
4.629985690116882324e-01
4.779427349567413330e-01
-3.330274298787117004e-02
5.106527209281921387e-01
4.507010877132415771e-01
-4.298336058855056763e-02
3.871353268623352051e-01
3.958403170108795166e-01
1.072209142148494720e-02
4.269108772277832031e-01
3.340860605239868164e-01
-5.872356705367565155e-03
4.599487483501434326e-01
2.994617819786071777e-01
-2.387841604650020599e-02
4.910283684730529785e-01
2.699418663978576660e-01
-3.696199506521224976e-02
3.687285482883453369e-01
3.823145627975463867e-01
3.149171359837055206e-03
4.123294055461883545e-01
3.135570287704467773e-01
-1.020674966275691986e-02
4.483526051044464111e-01
2.802970409393310547e-01
-2.430389262735843658e-02
4.866829514503479004e-01
2.554691731929779053e-01
-3.455625474452972412e-02
3.455420732498168945e-01
3.817031383514404297e-01
-1.000171899795532227e-02
3.885297179222106934e-01
3.095505535602569580e-01
-2.499459497630596161e-02
4.242900907993316650e-01
2.730927467346191406e-01
-3.434122353792190552e-02
4.617553353309631348e-01
2.489473372697830200e-01
-4.005140811204910278e-02
3.205794095993041992e-01
3.895393013954162598e-01
-2.606526017189025879e-02
3.591084778308868408e-01
3.256683349609375000e-01
-3.965576365590095520e-02
3.908564150333404541e-01
2.894338667392730713e-01
-4.518672823905944824e-02
4.235877394676208496e-01
2.636850774288177490e-01
-4.829879477620124817e-02
