2.029321491718292236e-01
6.956284046173095703e-01
9.987716111936606467e-07
3.027703166007995605e-01
6.570787429809570312e-01
-1.387374661862850189e-02
3.946301043033599854e-01
5.471704006195068359e-01
-3.012993372976779938e-02
4.701817035675048828e-01
4.944863021373748779e-01
-5.269374325871467590e-02
5.523411631584167480e-01
4.653685688972473145e-01
-7.656442373991012573e-02
3.383132219314575195e-01
3.545135855674743652e-01
2.049801172688603401e-03
4.198907017707824707e-01
2.681685090065002441e-01
-3.220377117395401001e-02
4.824847877025604248e-01
2.251930683851242065e-01
-6.394498795270919800e-02
5.421333312988281250e-01
1.951340138912200928e-01
-8.744732290506362915e-02
3.010485172271728516e-01
3.382139205932617188e-01
-2.052391692996025085e-02
3.927371501922607422e-01
2.301818877458572388e-01
-5.487653613090515137e-02
4.657565653324127197e-01
1.880744695663452148e-01
-8.435630798339843750e-02
5.386382341384887695e-01
1.663120388984680176e-01
-1.043129190802574158e-01
2.629795968532562256e-01
3.503759801387786865e-01
-4.921016097068786621e-02
3.481355011463165283e-01
2.325050979852676392e-01
-8.283792436122894287e-02
4.225884675979614258e-01
1.880728602409362793e-01
-1.020242050290107727e-01
4.969845414161682129e-01
1.609657704830169678e-01
-1.138486638665199280e-01
2.300672233104705811e-01
3.824781179428100586e-01
-8.087544143199920654e-02
3.047681748867034912e-01
2.841535806655883789e-01
-1.093866825103759766e-01
3.645352125167846680e-01
2.232690304517745972e-01
-1.224962845444679260e-01
4.240819215774536133e-01
1.758265197277069092e-01
-1.310049891471862793e-01
