7.779558300971984863e-01
6.662020087242126465e-01
2.198946980058735789e-08
7.126163840293884277e-01
6.595593690872192383e-01
-2.258888911455869675e-03
6.412035226821899414e-01
6.176537871360778809e-01
-7.439257577061653137e-03
5.881956219673156738e-01
6.085761189460754395e-01
-1.839961484074592590e-02
5.416662693023681641e-01
6.156102418899536133e-01
-2.963537909090518951e-02
6.452790498733520508e-01
4.854840338230133057e-01
2.133655920624732971e-02
6.029155254364013672e-01
4.239068031311035156e-01
6.961155217140913010e-03
5.684164762496948242e-01
3.989526331424713135e-01
-1.070159673690795898e-02
5.364351272583007812e-01
3.890295624732971191e-01
-2.436559461057186127e-02
6.641818284988403320e-01
4.718699455261230469e-01
4.704236984252929688e-03
6.165482401847839355e-01
4.024431705474853516e-01
-1.176042389124631882e-02
5.739836692810058594e-01
3.798415362834930420e-01
-2.901081740856170654e-02
5.337066650390625000e-01
3.785192370414733887e-01
-4.017287492752075195e-02
6.887863278388977051e-01
4.699327349662780762e-01
-1.619090884923934937e-02
6.372573375701904297e-01
4.019400179386138916e-01
-3.201066702604293823e-02
5.940909385681152344e-01
3.794856667518615723e-01
-4.215944185853004456e-02
5.542370676994323730e-01
3.726916313171386719e-01
-4.793417081236839294e-02
7.141206860542297363e-01
4.800496399402618408e-01
-3.880151361227035522e-02
6.667854189872741699e-01
4.264961779117584229e-01
-5.168393254280090332e-02
6.296703219413757324e-01
3.989790678024291992e-01
-5.724478885531425476e-02
5.953159332275390625e-01
3.820228576660156250e-01
-6.056812778115272522e-02
