6.725440025329589844e-01
8.050555586814880371e-01
-4.368114048247662140e-07
5.727320909500122070e-01
7.738038301467895508e-01
1.715521328151226044e-02
5.011898875236511230e-01
7.189619541168212891e-01
4.332209005951881409e-03
4.402802884578704834e-01
7.016998529434204102e-01
-2.283309772610664368e-02
3.754304647445678711e-01
7.030529379844665527e-01
-5.066141858696937561e-02
5.181334018707275391e-01
5.541762113571166992e-01
3.575352951884269714e-02
4.440514147281646729e-01
5.050952434539794922e-01
-5.592352245002985001e-03
4.101174473762512207e-01
5.634870529174804688e-01
-4.263732209801673889e-02
4.021805822849273682e-01
6.339860558509826660e-01
-6.143223121762275696e-02
5.395432710647583008e-01
5.361408591270446777e-01
8.366537513211369514e-04
4.537121951580047607e-01
4.219307303428649902e-01
-3.166877478361129761e-02
3.915793299674987793e-01
4.273338317871093750e-01
-5.392421036958694458e-02
3.520192801952362061e-01
4.601128995418548584e-01
-6.423982232809066772e-02
5.651016235351562500e-01
5.429481863975524902e-01
-4.015071690082550049e-02
4.852568507194519043e-01
4.236426353454589844e-01
-6.157310307025909424e-02
4.218906760215759277e-01
4.140070080757141113e-01
-6.655933707952499390e-02
3.782770037651062012e-01
4.259897172451019287e-01
-6.764129549264907837e-02
5.856081843376159668e-01
5.719063282012939453e-01
-8.226096630096435547e-02
5.327498316764831543e-01
4.836622476577758789e-01
-9.528207778930664062e-02
4.828025996685028076e-01
4.471678733825683594e-01
-9.583015739917755127e-02
4.367496967315673828e-01
4.292729794979095459e-01
-9.525958448648452759e-02
