9.208096265792846680e-01
5.761591792106628418e-01
9.212731555408026907e-08
8.434646725654602051e-01
5.553027987480163574e-01
-1.416337303817272186e-02
7.671558260917663574e-01
4.953713417053222656e-01
-2.406118251383304596e-02
7.094781994819641113e-01
4.603868126869201660e-01
-3.725106269121170044e-02
6.550025939941406250e-01
4.394574761390686035e-01
-5.044778436422348022e-02
7.799355983734130859e-01
3.389362692832946777e-01
9.298283606767654419e-03
7.364929318428039551e-01
2.529903054237365723e-01
-8.748549036681652069e-03
7.029702663421630859e-01
2.104611992835998535e-01
-3.012715838849544525e-02
6.685111522674560547e-01
1.791292726993560791e-01
-4.730495437979698181e-02
8.096354007720947266e-01
3.183256387710571289e-01
-2.101276768371462822e-03
7.602236866950988770e-01
2.279006540775299072e-01
-2.072892710566520691e-02
7.201762199401855469e-01
1.853706240653991699e-01
-4.122480377554893494e-02
6.785035133361816406e-01
1.602173149585723877e-01
-5.625484138727188110e-02
8.467272520065307617e-01
3.125196695327758789e-01
-1.851867325603961945e-02
7.958825230598449707e-01
2.203378230333328247e-01
-3.598760440945625305e-02
7.551718950271606445e-01
1.788171976804733276e-01
-4.876728355884552002e-02
7.133570313453674316e-01
1.524827927350997925e-01
-5.778607353568077087e-02
8.904658555984497070e-01
3.182641565799713135e-01
-3.767656534910202026e-02
8.487566113471984863e-01
2.411521077156066895e-01
-5.425991490483283997e-02
8.116547465324401855e-01
1.960738152265548706e-01
-6.273921579122543335e-02
7.735393643379211426e-01
1.600977480411529541e-01
-6.839483976364135742e-02
