7.254675626754760742e-01
8.033659458160400391e-01
-1.222296788228049991e-07
6.358588933944702148e-01
7.699972987174987793e-01
1.230077166110277176e-02
5.669675469398498535e-01
7.207108736038208008e-01
8.030761964619159698e-03
5.120506286621093750e-01
7.111123204231262207e-01
-8.654903620481491089e-03
4.608522653579711914e-01
7.029772996902465820e-01
-2.513164095580577850e-02
5.860844850540161133e-01
5.546297430992126465e-01
5.204198881983757019e-02
5.490579009056091309e-01
4.643907248973846436e-01
3.056775964796543121e-02
5.082935094833374023e-01
4.449114799499511719e-01
4.573462996631860733e-03
4.742912054061889648e-01
4.499117732048034668e-01
-1.262910570949316025e-02
6.072753667831420898e-01
5.410695075988769531e-01
2.287914790213108063e-02
5.702663660049438477e-01
4.221556782722473145e-01
6.166246021166443825e-04
5.197010040283203125e-01
4.128984510898590088e-01
-2.097138576209545135e-02
4.818943142890930176e-01
4.414297342300415039e-01
-3.287312388420104980e-02
6.302853822708129883e-01
5.424181222915649414e-01
-1.268352847546339035e-02
5.961183309555053711e-01
4.207988679409027100e-01
-2.805809304118156433e-02
5.411239862442016602e-01
4.086233973503112793e-01
-3.822842240333557129e-02
4.988220036029815674e-01
4.289703965187072754e-01
-4.333483427762985229e-02
6.533590555191040039e-01
5.592144131660461426e-01
-5.025911331176757812e-02
6.189876198768615723e-01
4.686157107353210449e-01
-5.892020463943481445e-02
5.739535093307495117e-01
4.402021169662475586e-01
-6.311779469251632690e-02
5.337140560150146484e-01
4.360925853252410889e-01
-6.590031087398529053e-02
