6.737121939659118652e-01
7.006843090057373047e-01
2.114434778377471957e-07
5.850000381469726562e-01
6.946923732757568359e-01
-2.640104852616786957e-02
4.946928024291992188e-01
6.499058604240417480e-01
-4.552374407649040222e-02
4.242159724235534668e-01
6.311314702033996582e-01
-6.702808290719985962e-02
3.602771461009979248e-01
6.225445270538330078e-01
-8.846939355134963989e-02
4.940505623817443848e-01
4.627254009246826172e-01
4.878921026829630136e-04
4.372952580451965332e-01
3.748114705085754395e-01
-2.087138220667839050e-02
3.963888585567474365e-01
3.359573185443878174e-01
-4.547106474637985229e-02
3.559004068374633789e-01
3.088393807411193848e-01
-6.559701263904571533e-02
5.246794223785400391e-01
4.373664855957031250e-01
-9.092123247683048248e-03
4.612939953804016113e-01
3.408820033073425293e-01
-3.301096707582473755e-02
4.120962917804718018e-01
3.020418882369995117e-01
-5.844419077038764954e-02
3.630045056343078613e-01
2.813519835472106934e-01
-7.672038674354553223e-02
5.650531649589538574e-01
4.264455437660217285e-01
-2.497082017362117767e-02
4.987597763538360596e-01
3.281774222850799561e-01
-4.739446565508842468e-02
4.470062851905822754e-01
2.895365953445434570e-01
-6.467124819755554199e-02
3.958348035812377930e-01
2.670887410640716553e-01
-7.667115330696105957e-02
6.135865449905395508e-01
4.279926717281341553e-01
-4.465560615062713623e-02
5.603243112564086914e-01
3.471857607364654541e-01
-6.535368412733078003e-02
5.144420266151428223e-01
3.016458153724670410e-01
-7.724237442016601562e-02
4.681162238121032715e-01
2.658711373805999756e-01
-8.548913896083831787e-02
