7.244601249694824219e-01
6.691088676452636719e-01
-3.038337013094860595e-07
6.379390954971313477e-01
6.379315853118896484e-01
2.695992961525917053e-02
5.846457481384277344e-01
5.828453302383422852e-01
2.866996824741363525e-02
5.360912084579467773e-01
5.624847412109375000e-01
1.886316202580928802e-02
4.913275241851806641e-01
5.562414526939392090e-01
7.262504193931818008e-03
6.480493545532226562e-01
4.189835190773010254e-01
4.708963632583618164e-02
5.891530513763427734e-01
3.493403196334838867e-01
3.741011768579483032e-02
5.397677421569824219e-01
3.270091414451599121e-01
2.223117463290691376e-02
4.960244596004486084e-01
3.209143877029418945e-01
1.088400371372699738e-02
6.581110358238220215e-01
4.141359627246856689e-01
1.748013682663440704e-02
5.788810253143310547e-01
3.294141888618469238e-01
7.322609890252351761e-03
5.220133662223815918e-01
3.134247660636901855e-01
-7.499346043914556503e-03
4.788095653057098389e-01
3.223083317279815674e-01
-1.831667870283126831e-02
6.570695042610168457e-01
4.283321499824523926e-01
-1.434102095663547516e-02
5.813255906105041504e-01
3.429093956947326660e-01
-2.117271162569522858e-02
5.247145891189575195e-01
3.205461800098419189e-01
-2.771522663533687592e-02
4.811880588531494141e-01
3.184397816658020020e-01
-3.364320099353790283e-02
6.439292430877685547e-01
4.542561173439025879e-01
-4.564872756600379944e-02
5.890445113182067871e-01
3.867561221122741699e-01
-4.959451034665107727e-02
5.503203868865966797e-01
3.531662225723266602e-01
-5.128112062811851501e-02
5.170047879219055176e-01
3.294447660446166992e-01
-5.381042510271072388e-02
