1.492207497358322144e-01
8.345779180526733398e-01
1.023140271172451321e-06
2.427269220352172852e-01
7.994810342788696289e-01
-1.675948314368724823e-02
3.371530771255493164e-01
7.142962217330932617e-01
-4.346124455332756042e-02
4.104076325893402100e-01
6.868998408317565918e-01
-7.506588846445083618e-02
4.850594997406005859e-01
6.784266233444213867e-01
-1.102842316031455994e-01
2.818180024623870850e-01
5.007920265197753906e-01
-3.423427045345306396e-02
3.478079438209533691e-01
4.063936173915863037e-01
-7.943446189165115356e-02
4.053424894809722900e-01
3.609529733657836914e-01
-1.165827214717864990e-01
4.635684490203857422e-01
3.333677351474761963e-01
-1.429950296878814697e-01
2.397638559341430664e-01
4.995935559272766113e-01
-6.006028875708580017e-02
3.171982467174530029e-01
3.770106434822082520e-01
-1.025879010558128357e-01
3.882976472377777100e-01
3.349413275718688965e-01
-1.384240388870239258e-01
4.586794674396514893e-01
3.195022940635681152e-01
-1.634449362754821777e-01
1.989471316337585449e-01
5.302615761756896973e-01
-8.949550986289978027e-02
2.711773216724395752e-01
4.052954912185668945e-01
-1.305853426456451416e-01
3.447545170783996582e-01
3.552499413490295410e-01
-1.593764424324035645e-01
4.175930619239807129e-01
3.296386301517486572e-01
-1.781596392393112183e-01
1.661441624164581299e-01
5.885719060897827148e-01
-1.205211356282234192e-01
2.327613681554794312e-01
4.950391054153442383e-01
-1.550293862819671631e-01
2.896029055118560791e-01
4.361491799354553223e-01
-1.739384233951568604e-01
3.454901576042175293e-01
3.952039480209350586e-01
-1.870485842227935791e-01
