2.463120222091674805e-01
6.857095956802368164e-01
4.578849370773241390e-07
3.146858215332031250e-01
6.731284856796264648e-01
-1.035128813236951828e-02
3.831170201301574707e-01
6.265120506286621094e-01
-1.754566840827465057e-02
4.361482560634613037e-01
6.058773994445800781e-01
-2.834867872297763824e-02
4.847744405269622803e-01
5.953038930892944336e-01
-3.906419500708580017e-02
3.725244104862213135e-01
4.790915250778198242e-01
8.226022124290466309e-03
4.183256328105926514e-01
4.145247340202331543e-01
-1.268409751355648041e-02
4.569215476512908936e-01
3.899672031402587891e-01
-3.283781185746192932e-02
4.938881397247314453e-01
3.790383040904998779e-01
-4.652679711580276489e-02
3.507503271102905273e-01
4.636010825634002686e-01
-3.546976018697023392e-03
4.023166596889495850e-01
3.889061808586120605e-01
-2.397534064948558807e-02
4.461165666580200195e-01
3.692175149917602539e-01
-4.262946918606758118e-02
4.883307218551635742e-01
3.691698312759399414e-01
-5.467148125171661377e-02
3.250641226768493652e-01
4.615339040756225586e-01
-1.998799666762351990e-02
3.750113546848297119e-01
3.832484483718872070e-01
-4.139019176363945007e-02
4.208885133266448975e-01
3.611045479774475098e-01
-5.530942603945732117e-02
4.646823704242706299e-01
3.588144183158874512e-01
-6.301009654998779297e-02
2.972742021083831787e-01
4.700487256050109863e-01
-3.849372640252113342e-02
3.390797972679138184e-01
4.056590497493743896e-01
-5.774229392409324646e-02
3.768389523029327393e-01
3.777192831039428711e-01
-6.685229390859603882e-02
4.147561192512512207e-01
3.653895854949951172e-01
-7.172863930463790894e-02
