3.061503171920776367e-01
7.302238345146179199e-01
6.540043386848992668e-07
3.640366196632385254e-01
7.043492794036865234e-01
-6.073563545942306519e-02
3.986365497112274170e-01
6.616915464401245117e-01
-9.398248791694641113e-02
4.212652742862701416e-01
6.155327558517456055e-01
-1.232927739620208740e-01
4.603573977947235107e-01
5.819893479347229004e-01
-1.518178880214691162e-01
4.209357500076293945e-01
4.716973900794982910e-01
-2.251890674233436584e-02
4.378798604011535645e-01
3.885535001754760742e-01
-4.057638347148895264e-02
4.475696384906768799e-01
3.393161594867706299e-01
-6.625454872846603394e-02
4.582127928733825684e-01
2.883530259132385254e-01
-8.963982015848159790e-02
3.760591745376586914e-01
4.528366327285766602e-01
-1.140297763049602509e-02
3.923940956592559814e-01
3.662970960140228271e-01
-2.879377640783786774e-02
3.990035653114318848e-01
3.254930377006530762e-01
-5.873296037316322327e-02
4.148861169815063477e-01
2.787592411041259766e-01
-8.463016897439956665e-02
3.295943140983581543e-01
4.568447172641754150e-01
-7.950238883495330811e-03
3.462862074375152588e-01
3.746868073940277100e-01
-2.471297048032283783e-02
3.533969819545745850e-01
3.282210826873779297e-01
-4.921909421682357788e-02
3.654258549213409424e-01
2.917346954345703125e-01
-6.907496601343154907e-02
2.820872068405151367e-01
4.802098870277404785e-01
-1.093787513673305511e-02
2.963466346263885498e-01
4.022654294967651367e-01
-2.547683753073215485e-02
3.061625361442565918e-01
3.514854907989501953e-01
-4.058898985385894775e-02
3.219475150108337402e-01
3.075186610221862793e-01
-5.443775281310081482e-02
