2.621878981590270996e-01
6.809698939323425293e-01
4.248317395649792161e-07
3.300275504589080811e-01
6.633973717689514160e-01
4.727834835648536682e-03
3.883861303329467773e-01
6.239069104194641113e-01
2.607995644211769104e-03
4.347081780433654785e-01
6.092986464500427246e-01
-6.759507115930318832e-03
4.790086746215820312e-01
6.036732196807861328e-01
-1.629226095974445343e-02
3.665845394134521484e-01
4.901992082595825195e-01
3.164385259151458740e-02
4.058208167552947998e-01
4.284827411174774170e-01
1.976359076797962189e-02
4.412814378738403320e-01
4.031978249549865723e-01
4.262084141373634338e-03
4.749172031879425049e-01
3.904090523719787598e-01
-7.076847832649946213e-03
3.511663675308227539e-01
4.809418618679046631e-01
1.309444103389978409e-02
3.979605138301849365e-01
4.092056453227996826e-01
2.381317550316452980e-03
4.399756193161010742e-01
3.859683275222778320e-01
-1.326831430196762085e-02
4.781035780906677246e-01
3.826120495796203613e-01
-2.460858784615993500e-02
3.345287740230560303e-01
4.801913797855377197e-01
-9.463123977184295654e-03
3.815364241600036621e-01
4.075071215629577637e-01
-2.035956643521785736e-02
4.249404370784759521e-01
3.836740255355834961e-01
-3.007041662931442261e-02
4.641824662685394287e-01
3.779378533363342285e-01
-3.666965663433074951e-02
3.192037343978881836e-01
4.882348179817199707e-01
-3.353990614414215088e-02
3.576282262802124023e-01
4.293885529041290283e-01
-4.204098507761955261e-02
3.902585804462432861e-01
3.990374505519866943e-01
-4.571087285876274109e-02
4.214042723178863525e-01
3.812926411628723145e-01
-4.834399372339248657e-02
