2.396295070648193359e-01
7.146801948547363281e-01
4.535999664767587092e-07
3.016886413097381592e-01
6.957756280899047852e-01
-9.262535721063613892e-03
3.606483638286590576e-01
6.439716815948486328e-01
-1.506896968930959702e-02
4.089129865169525146e-01
6.174085140228271484e-01
-2.440546825528144836e-02
4.534988999366760254e-01
6.009358167648315430e-01
-3.332840278744697571e-02
3.355281054973602295e-01
5.070707798004150391e-01
1.407939754426479340e-02
3.669434189796447754e-01
4.373947679996490479e-01
-3.862444718834012747e-04
3.961662352085113525e-01
4.034196734428405762e-01
-1.630997471511363983e-02
4.263055920600891113e-01
3.840805888175964355e-01
-2.751311473548412323e-02
3.139622211456298828e-01
4.960906505584716797e-01
3.752526128664612770e-03
3.478235602378845215e-01
4.152481257915496826e-01
-9.801567532122135162e-03
3.821352422237396240e-01
3.839232325553894043e-01
-2.466554753482341766e-02
4.194684028625488281e-01
3.746626377105712891e-01
-3.474172577261924744e-02
2.904725670814514160e-01
4.976961314678192139e-01
-1.114871725440025330e-02
3.242783546447753906e-01
4.133032560348510742e-01
-2.710671722888946533e-02
3.604625463485717773e-01
3.805761933326721191e-01
-3.891278803348541260e-02
3.989400565624237061e-01
3.694850206375122070e-01
-4.567972943186759949e-02
2.677165269851684570e-01
5.086991786956787109e-01
-2.810909226536750793e-02
3.026619553565979004e-01
4.418742358684539795e-01
-4.306180030107498169e-02
3.330368399620056152e-01
4.069816470146179199e-01
-5.023011937737464905e-02
3.645271062850952148e-01
3.882678747177124023e-01
-5.403476953506469727e-02
