7.720690965652465820e-01
7.707159519195556641e-01
5.743712350181340298e-08
7.098897695541381836e-01
7.414746284484863281e-01
-6.373341660946607590e-03
6.498332023620605469e-01
6.873525381088256836e-01
-1.451842114329338074e-02
6.017746329307556152e-01
6.611598730087280273e-01
-2.755038440227508545e-02
5.605514049530029297e-01
6.372351050376892090e-01
-4.007473960518836975e-02
6.850740909576416016e-01
5.381695032119750977e-01
1.814523711800575256e-02
6.632651686668395996e-01
4.523172378540039062e-01
3.004769328981637955e-03
6.385651230812072754e-01
4.143618345260620117e-01
-1.575576514005661011e-02
6.110818386077880859e-01
3.938162326812744141e-01
-2.948724851012229919e-02
7.071017026901245117e-01
5.302443504333496094e-01
4.136662464588880539e-03
6.835058927536010742e-01
4.356938004493713379e-01
-1.170680765062570572e-02
6.532080769538879395e-01
3.967886567115783691e-01
-2.942707762122154236e-02
6.197163462638854980e-01
3.820214867591857910e-01
-4.113714024424552917e-02
7.321183681488037109e-01
5.338278412818908691e-01
-1.457165740430355072e-02
7.057129144668579102e-01
4.391069412231445312e-01
-2.750172652304172516e-02
6.751123070716857910e-01
3.980297148227691650e-01
-3.798156604170799255e-02
6.424434185028076172e-01
3.759512603282928467e-01
-4.489113390445709229e-02
7.579832077026367188e-01
5.491908192634582520e-01
-3.559335321187973022e-02
7.336190342903137207e-01
4.729183316230773926e-01
-4.646333307027816772e-02
7.092410326004028320e-01
4.270801544189453125e-01
-5.260627344250679016e-02
6.828785538673400879e-01
3.930046856403350830e-01
-5.664225295186042786e-02
