7.656927704811096191e-01
6.684857010841369629e-01
3.079766486280277604e-07
6.982346773147583008e-01
6.665694713592529297e-01
-1.253818813711404800e-02
6.316617131233215332e-01
6.487925648689270020e-01
-2.489426732063293457e-02
5.788430571556091309e-01
6.525974273681640625e-01
-4.034861549735069275e-02
5.358846783638000488e-01
6.640690565109252930e-01
-5.614580214023590088e-02
6.365734934806823730e-01
4.834372401237487793e-01
8.099134080111980438e-03
6.101101040840148926e-01
4.057196378707885742e-01
-3.039181232452392578e-03
5.878798961639404297e-01
3.678376078605651855e-01
-1.938799954950809479e-02
5.618823170661926270e-01
3.409315347671508789e-01
-3.325307369232177734e-02
6.591415405273437500e-01
4.638035595417022705e-01
-2.609514398500323296e-03
6.275316476821899414e-01
3.803690969944000244e-01
-1.180121209472417831e-02
5.983740091323852539e-01
3.424766957759857178e-01
-2.568817883729934692e-02
5.675605535507202148e-01
3.224818706512451172e-01
-3.714776039123535156e-02
6.871500611305236816e-01
4.575571715831756592e-01
-1.769859902560710907e-02
6.520740389823913574e-01
3.752568364143371582e-01
-2.641639113426208496e-02
6.238538026809692383e-01
3.372662663459777832e-01
-3.460173681378364563e-02
5.940588712692260742e-01
3.147286176681518555e-01
-4.151003062725067139e-02
7.187882661819458008e-01
4.645147919654846191e-01
-3.561379015445709229e-02
6.893747448921203613e-01
3.949334621429443359e-01
-4.437307640910148621e-02
6.649473905563354492e-01
3.537533283233642578e-01
-4.816520586609840393e-02
6.392599344253540039e-01
3.235639929771423340e-01
-5.128977075219154358e-02
