7.344649434089660645e-01
7.057853937149047852e-01
-7.169475679802417289e-08
6.741848587989807129e-01
7.074281573295593262e-01
-6.489964434877038002e-04
6.206743121147155762e-01
6.911447048187255859e-01
-7.817239500582218170e-03
5.811526775360107422e-01
6.894879937171936035e-01
-2.098720334470272064e-02
5.456596612930297852e-01
6.777013540267944336e-01
-3.295924887061119080e-02
6.198530197143554688e-01
5.551992654800415039e-01
1.998523250222206116e-02
5.819818377494812012e-01
4.954969286918640137e-01
2.867569448426365852e-03
5.473639369010925293e-01
4.875502884387969971e-01
-1.478620711714029312e-02
5.207208395004272461e-01
4.957168102264404297e-01
-2.588915638625621796e-02
6.325775980949401855e-01
5.404142737388610840e-01
4.287998657673597336e-03
5.884596109390258789e-01
4.619339108467102051e-01
-1.325754355639219284e-02
5.465772151947021484e-01
4.620529413223266602e-01
-2.783222869038581848e-02
5.171611905097961426e-01
4.850097596645355225e-01
-3.571182861924171448e-02
6.452890038490295410e-01
5.365509390830993652e-01
-1.588190905749797821e-02
6.007540822029113770e-01
4.558931589126586914e-01
-2.997368760406970978e-02
5.562400817871093750e-01
4.537243843078613281e-01
-3.893373161554336548e-02
5.256377458572387695e-01
4.730417132377624512e-01
-4.324866458773612976e-02
6.562454104423522949e-01
5.442045927047729492e-01
-3.766794875264167786e-02
6.136769652366638184e-01
4.893840253353118896e-01
-4.766468703746795654e-02
5.764493942260742188e-01
4.738903641700744629e-01
-5.283699557185173035e-02
5.460823774337768555e-01
4.735873043537139893e-01
-5.563149973750114441e-02
