7.452621459960937500e-01
6.678091287612915039e-01
-1.028458811447308108e-07
6.943573355674743652e-01
6.745368242263793945e-01
-4.240611568093299866e-03
6.426727175712585449e-01
6.646568179130554199e-01
-1.107166428118944168e-02
6.060053706169128418e-01
6.636812686920166016e-01
-2.222593501210212708e-02
5.778042674064636230e-01
6.490414738655090332e-01
-3.190362825989723206e-02
6.362346410751342773e-01
5.423198938369750977e-01
1.645144075155258179e-02
6.033064126968383789e-01
4.867631793022155762e-01
-1.192912226542830467e-03
5.778790116310119629e-01
4.839926362037658691e-01
-2.044202387332916260e-02
5.605521798133850098e-01
5.001458525657653809e-01
-3.178048878908157349e-02
6.492973566055297852e-01
5.310294032096862793e-01
6.022880319505929947e-03
6.118235588073730469e-01
4.692168533802032471e-01
-1.137424260377883911e-02
5.805665254592895508e-01
4.706151485443115234e-01
-2.809763886034488678e-02
5.609194636344909668e-01
4.980334341526031494e-01
-3.709046542644500732e-02
6.651072502136230469e-01
5.246295928955078125e-01
-8.544707670807838440e-03
6.275416612625122070e-01
4.655760228633880615e-01
-2.072573453187942505e-02
5.943589806556701660e-01
4.633278250694274902e-01
-3.048009984195232391e-02
5.722228884696960449e-01
4.833519756793975830e-01
-3.502522408962249756e-02
6.834148764610290527e-01
5.242698192596435547e-01
-2.484502829611301422e-02
6.473690867424011230e-01
4.816755652427673340e-01
-3.356417641043663025e-02
6.170979738235473633e-01
4.688058495521545410e-01
-3.886625915765762329e-02
5.934758186340332031e-01
4.724587798118591309e-01
-4.112972319126129150e-02
