3.243442177772521973e-01
7.056769132614135742e-01
4.206350467939046212e-07
3.956842422485351562e-01
6.783858537673950195e-01
6.135046016424894333e-03
4.543868899345397949e-01
6.372250318527221680e-01
-2.609028713777661324e-03
5.007097721099853516e-01
6.128025054931640625e-01
-2.009210363030433655e-02
5.439429283142089844e-01
5.856000781059265137e-01
-3.765515983104705811e-02
4.209682941436767578e-01
4.999940693378448486e-01
2.372757717967033386e-02
4.687006473541259766e-01
4.415840506553649902e-01
4.863624460995197296e-03
5.151638388633728027e-01
4.430393576622009277e-01
-1.676017791032791138e-02
5.510382652282714844e-01
4.584144949913024902e-01
-3.168885409832000732e-02
4.049448966979980469e-01
4.889586567878723145e-01
1.846499508246779442e-03
4.645374417304992676e-01
4.046483635902404785e-01
-1.766121946275234222e-02
5.168009996414184570e-01
4.100139141082763672e-01
-4.019698128104209900e-02
5.525340437889099121e-01
4.404084086418151855e-01
-5.490854382514953613e-02
3.899999856948852539e-01
4.900655448436737061e-01
-2.276072651147842407e-02
4.485471844673156738e-01
4.058046638965606689e-01
-3.951503708958625793e-02
5.041284561157226562e-01
4.158339202404022217e-01
-5.266711115837097168e-02
5.427318811416625977e-01
4.484534859657287598e-01
-6.061962991952896118e-02
3.796990513801574707e-01
5.080127120018005371e-01
-4.823661595582962036e-02
4.362279772758483887e-01
4.505703449249267578e-01
-6.063280627131462097e-02
4.827074706554412842e-01
4.482486248016357422e-01
-6.573560088872909546e-02
5.175699591636657715e-01
4.644005894660949707e-01
-6.858143955469131470e-02
