1.741476953029632568e-01
7.483134865760803223e-01
-2.192443275816913228e-07
1.951894909143447876e-01
6.399217247962951660e-01
1.155479717999696732e-02
2.476550340652465820e-01
5.351642370223999023e-01
-1.034240121953189373e-03
3.209265172481536865e-01
4.930436611175537109e-01
-1.841072179377079010e-02
3.712970614433288574e-01
5.026872158050537109e-01
-3.167090564966201782e-02
2.469710707664489746e-01
4.366295933723449707e-01
-3.186603635549545288e-02
3.822961449623107910e-01
4.263363480567932129e-01
-5.525652691721916199e-02
3.758186101913452148e-01
4.891395866870880127e-01
-6.359526515007019043e-02
3.464684784412384033e-01
5.112113356590270996e-01
-6.927876919507980347e-02
2.622970044612884521e-01
4.833639562129974365e-01
-5.232986807823181152e-02
4.041146636009216309e-01
4.771949052810668945e-01
-7.055870443582534790e-02
3.913976252079010010e-01
5.385956764221191406e-01
-6.673719733953475952e-02
3.632085323333740234e-01
5.539023280143737793e-01
-6.585740298032760620e-02
2.867755591869354248e-01
5.450333356857299805e-01
-7.066723704338073730e-02
4.166016876697540283e-01
5.326614975929260254e-01
-8.233882486820220947e-02
4.025155901908874512e-01
5.817598700523376465e-01
-6.522979587316513062e-02
3.715360760688781738e-01
5.981021523475646973e-01
-5.486997961997985840e-02
3.143635094165802002e-01
6.137410998344421387e-01
-8.855824917554855347e-02
4.204383194446563721e-01
5.753623843193054199e-01
-9.628675878047943115e-02
4.792856574058532715e-01
5.623871088027954102e-01
-8.901309221982955933e-02
5.281182527542114258e-01
5.413188934326171875e-01
-8.390814065933227539e-02
