6.818710565567016602e-01
6.414096355438232422e-01
-7.830653316887037363e-07
6.625806689262390137e-01
5.479600429534912109e-01
2.105507813394069672e-02
6.083120107650756836e-01
4.807123839855194092e-01
2.023829892277717590e-02
5.502240657806396484e-01
4.506298601627349854e-01
1.562208868563175201e-02
5.103200078010559082e-01
4.655148088932037354e-01
1.166646368801593781e-02
5.865451097488403320e-01
4.037560820579528809e-01
-2.283972315490245819e-02
4.800999760627746582e-01
4.299011528491973877e-01
-3.197069093585014343e-02
4.911061525344848633e-01
4.766069650650024414e-01
-2.760220877826213837e-02
5.156276822090148926e-01
4.871588051319122314e-01
-2.525543421506881714e-02
5.837446451187133789e-01
4.429812133312225342e-01
-4.136676713824272156e-02
4.701172113418579102e-01
4.718878865242004395e-01
-5.452273413538932800e-02
4.854347109794616699e-01
5.168753862380981445e-01
-4.500543698668479919e-02
5.097895264625549316e-01
5.334260463714599609e-01
-4.041979089379310608e-02
5.773917436599731445e-01
5.016167163848876953e-01
-5.656438320875167847e-02
4.683035016059875488e-01
5.158655047416687012e-01
-6.781809777021408081e-02
4.798116981983184814e-01
5.503559112548828125e-01
-5.656031519174575806e-02
5.023793578147888184e-01
5.642500519752502441e-01
-5.170910805463790894e-02
5.706524252891540527e-01
5.660438537597656250e-01
-6.938881427049636841e-02
4.766288995742797852e-01
5.631115436553955078e-01
-8.695476502180099487e-02
4.239369630813598633e-01
5.594154596328735352e-01
-9.335997700691223145e-02
3.809224367141723633e-01
5.497947931289672852e-01
-9.874560683965682983e-02
