8.976616859436035156e-01
7.444048523902893066e-01
-8.062808660724840593e-07
8.845946788787841797e-01
5.897637009620666504e-01
3.908606246113777161e-02
8.082817196846008301e-01
4.992461800575256348e-01
4.980050772428512573e-02
7.325811982154846191e-01
4.702221453189849854e-01
5.398559942841529846e-02
6.785429120063781738e-01
4.980617761611938477e-01
5.809639394283294678e-02
7.549244761466979980e-01
4.003340303897857666e-01
2.412595640635117888e-04
6.490566730499267578e-01
3.883037567138671875e-01
7.152710575610399246e-03
6.678701043128967285e-01
4.301524162292480469e-01
1.647290959954261780e-02
6.998891830444335938e-01
4.524634480476379395e-01
2.152080647647380829e-02
7.140559554100036621e-01
4.713322222232818604e-01
-2.058602496981620789e-02
6.160978674888610840e-01
4.602392613887786865e-01
-5.585551727563142776e-03
6.400573849678039551e-01
5.040076971054077148e-01
1.111901737749576569e-02
6.690351963043212891e-01
5.196271538734436035e-01
1.631604693830013275e-02
6.845058202743530273e-01
5.592783689498901367e-01
-3.513196483254432678e-02
5.929381847381591797e-01
5.318544507026672363e-01
-2.063222415745258331e-02
6.177707910537719727e-01
5.672474503517150879e-01
-5.758364219218492508e-03
6.486492753028869629e-01
5.842373967170715332e-01
-4.028055816888809204e-03
6.666965484619140625e-01
6.511281132698059082e-01
-4.534948989748954773e-02
5.676292181015014648e-01
6.195604801177978516e-01
-3.925303369760513306e-02
5.180886387825012207e-01
6.187094449996948242e-01
-3.197931870818138123e-02
4.784132838249206543e-01
6.162933707237243652e-01
-3.007307276129722595e-02
