7.837195396423339844e-01
7.338369488716125488e-01
-5.158050839781935792e-07
7.778899073600769043e-01
6.310653686523437500e-01
2.150427177548408508e-02
7.348132729530334473e-01
5.664895772933959961e-01
2.407085709273815155e-02
6.855466365814208984e-01
5.459165573120117188e-01
2.247719094157218933e-02
6.481809616088867188e-01
5.637653470039367676e-01
2.079769782721996307e-02
7.100914716720581055e-01
5.111953020095825195e-01
-1.051792781800031662e-02
6.370900273323059082e-01
4.764328002929687500e-01
-1.524030417203903198e-02
6.450339555740356445e-01
5.114299058914184570e-01
-1.277332287281751633e-02
6.684700846672058105e-01
5.330394506454467773e-01
-9.806808084249496460e-03
6.802619099617004395e-01
5.629322528839111328e-01
-2.445073239505290985e-02
6.097939014434814453e-01
5.334983468055725098e-01
-2.569331601262092590e-02
6.250314712524414062e-01
5.671852827072143555e-01
-1.712219417095184326e-02
6.472811102867126465e-01
5.810836553573608398e-01
-1.277014426887035370e-02
6.573177576065063477e-01
6.223634481430053711e-01
-3.482232615351676941e-02
5.921553969383239746e-01
5.875644087791442871e-01
-3.627955913543701172e-02
6.096718311309814453e-01
6.116408705711364746e-01
-2.720105834305286407e-02
6.334263682365417480e-01
6.247888803482055664e-01
-2.311202138662338257e-02
6.402358412742614746e-01
6.800569891929626465e-01
-4.214818403124809265e-02
5.710693597793579102e-01
6.486214995384216309e-01
-4.353299364447593689e-02
5.334265828132629395e-01
6.388126015663146973e-01
-3.933880105614662170e-02
5.036624670028686523e-01
6.282483935356140137e-01
-3.743642568588256836e-02
