7.233199477195739746e-01
7.475152015686035156e-01
-5.090619765724113677e-07
7.182654142379760742e-01
6.378594040870666504e-01
2.987429685890674591e-02
6.701803803443908691e-01
5.762149095535278320e-01
3.999860584735870361e-02
6.188580989837646484e-01
5.554295182228088379e-01
4.527148604393005371e-02
5.822662115097045898e-01
5.731132626533508301e-01
5.029246583580970764e-02
6.350271105766296387e-01
5.214219689369201660e-01
6.949750706553459167e-03
5.680992603302001953e-01
4.852213561534881592e-01
1.415680628269910812e-02
5.797457098960876465e-01
5.150257945060729980e-01
2.177220396697521210e-02
6.010482907295227051e-01
5.364072918891906738e-01
2.630791813135147095e-02
6.039589643478393555e-01
5.690795779228210449e-01
-7.052625995129346848e-03
5.427240133285522461e-01
5.401895046234130859e-01
5.223106592893600464e-03
5.603111386299133301e-01
5.694002509117126465e-01
1.630889065563678741e-02
5.792654156684875488e-01
5.810699462890625000e-01
1.995534077286720276e-02
5.822371244430541992e-01
6.270488500595092773e-01
-1.667032204568386078e-02
5.244683027267456055e-01
5.925532579421997070e-01
-5.652601830661296844e-03
5.417192578315734863e-01
6.128669381141662598e-01
3.612707834690809250e-03
5.602355003356933594e-01
6.263666152954101562e-01
4.460226278752088547e-03
5.684840083122253418e-01
6.854103803634643555e-01
-2.277335338294506073e-02
5.002088546752929688e-01
6.576878428459167480e-01
-1.787598617374897003e-02
4.660328328609466553e-01
6.498341560363769531e-01
-1.342901401221752167e-02
4.370014071464538574e-01
6.414818167686462402e-01
-1.267525460571050644e-02
