9.831769466400146484e-01
7.474859952926635742e-01
-6.198134201440552715e-07
9.763901829719543457e-01
6.509006619453430176e-01
1.595641858875751495e-02
9.313311576843261719e-01
5.768092274665832520e-01
1.287457440048456192e-02
8.755505084991455078e-01
5.513583421707153320e-01
7.902505807578563690e-03
8.357008695602416992e-01
5.646758675575256348e-01
4.084519576281309128e-03
9.222632050514221191e-01
5.237499475479125977e-01
-3.527482971549034119e-02
8.220600485801696777e-01
4.936277270317077637e-01
-4.914240539073944092e-02
8.317812681198120117e-01
5.368742346763610840e-01
-4.793310537934303284e-02
8.569850921630859375e-01
5.529062747955322266e-01
-4.596939682960510254e-02
9.012539386749267578e-01
5.798397064208984375e-01
-4.960766434669494629e-02
7.999414205551147461e-01
5.518946051597595215e-01
-6.299774348735809326e-02
8.160373568534851074e-01
5.890409946441650391e-01
-5.381317064166069031e-02
8.429811000823974609e-01
5.982360243797302246e-01
-4.836697503924369812e-02
8.798358440399169922e-01
6.411461830139160156e-01
-6.041641905903816223e-02
7.862282991409301758e-01
6.016363501548767090e-01
-7.170522958040237427e-02
8.039504289627075195e-01
6.287226080894470215e-01
-6.044841185212135315e-02
8.336625695228576660e-01
6.377907395362854004e-01
-5.391849949955940247e-02
8.604090213775634766e-01
6.983134746551513672e-01
-6.854606419801712036e-02
7.798789739608764648e-01
6.713418960571289062e-01
-8.141061663627624512e-02
7.338142395019531250e-01
6.612353324890136719e-01
-8.398741483688354492e-02
6.982039809226989746e-01
6.466890573501586914e-01
-8.632143586874008179e-02
