6.508383750915527344e-01
7.024586200714111328e-01
-7.109312605280138087e-07
6.373783946037292480e-01
5.680596232414245605e-01
3.900304064154624939e-02
5.769017934799194336e-01
4.918660521507263184e-01
4.955364018678665161e-02
5.109717845916748047e-01
4.650050103664398193e-01
5.317736417055130005e-02
4.651893675327301025e-01
4.887360036373138428e-01
5.662878975272178650e-02
5.296322107315063477e-01
4.168730974197387695e-01
6.168422289192676544e-03
4.407477676868438721e-01
3.957006931304931641e-01
7.918901741504669189e-03
4.571307897567749023e-01
4.270691871643066406e-01
1.254538632929325104e-02
4.885993897914886475e-01
4.483568072319030762e-01
1.614220626652240753e-02
4.961073696613311768e-01
4.818629026412963867e-01
-1.451513823121786118e-02
4.137269854545593262e-01
4.618872106075286865e-01
-6.144755519926548004e-03
4.363683164119720459e-01
4.949569404125213623e-01
5.903136450797319412e-03
4.638486206531524658e-01
5.089304447174072266e-01
1.035432517528533936e-02
4.705814421176910400e-01
5.584003925323486328e-01
-3.013688698410987854e-02
3.898009061813354492e-01
5.254886150360107422e-01
-2.085206843912601471e-02
4.120880663394927979e-01
5.522024035453796387e-01
-7.852979004383087158e-03
4.421244561672210693e-01
5.660634636878967285e-01
-4.981812089681625366e-03
4.530705511569976807e-01
6.359021663665771484e-01
-4.175253957509994507e-02
3.655679225921630859e-01
6.083343029022216797e-01
-4.035013914108276367e-02
3.176850676536560059e-01
6.020842194557189941e-01
-3.740438446402549744e-02
2.804327309131622314e-01
5.941155552864074707e-01
-3.751722723245620728e-02
