1.788526773452758789e-01
8.133127689361572266e-01
-2.340824920565864886e-07
2.067510485649108887e-01
7.069367170333862305e-01
1.360278390347957611e-02
2.589489221572875977e-01
6.120087504386901855e-01
2.330491319298744202e-03
3.243139386177062988e-01
5.763130187988281250e-01
-1.414630282670259476e-02
3.697956204414367676e-01
5.922274589538574219e-01
-2.761704102158546448e-02
2.684831023216247559e-01
5.251377820968627930e-01
-3.197252377867698669e-02
3.887753486633300781e-01
5.226010680198669434e-01
-5.156708136200904846e-02
3.777987360954284668e-01
5.772252678871154785e-01
-5.710266903042793274e-02
3.505237400531768799e-01
5.927630066871643066e-01
-6.186287477612495422e-02
2.787408828735351562e-01
5.797767639160156250e-01
-5.347971245646476746e-02
4.063357710838317871e-01
5.853576660156250000e-01
-7.141773402690887451e-02
3.873505890369415283e-01
6.401876807212829590e-01
-6.871412694454193115e-02
3.582988679409027100e-01
6.552562117576599121e-01
-6.861356645822525024e-02
2.966767549514770508e-01
6.479923725128173828e-01
-7.208045572042465210e-02
4.159884750843048096e-01
6.462633013725280762e-01
-8.554304391145706177e-02
3.992486596107482910e-01
6.904439330101013184e-01
-7.169114798307418823e-02
3.697961568832397461e-01
7.069852352142333984e-01
-6.323098391294479370e-02
3.181669712066650391e-01
7.211999893188476562e-01
-8.963610231876373291e-02
4.212660789489746094e-01
6.934311985969543457e-01
-1.008906140923500061e-01
4.804968833923339844e-01
6.901237964630126953e-01
-9.640680253505706787e-02
5.309770703315734863e-01
6.822943687438964844e-01
-9.285391867160797119e-02
