6.827326416969299316e-01
8.867818117141723633e-01
-4.748889068650896661e-07
6.932330727577209473e-01
8.061052560806274414e-01
1.494036614894866943e-02
6.749378442764282227e-01
7.408325076103210449e-01
1.339074037969112396e-02
6.397801637649536133e-01
7.071806192398071289e-01
8.457454852759838104e-03
6.089236736297607422e-01
7.103653550148010254e-01
3.897894872352480888e-03
6.764484047889709473e-01
6.858915090560913086e-01
-1.140491850674152374e-02
6.100451946258544922e-01
6.515581011772155762e-01
-1.823533140122890472e-02
6.069616079330444336e-01
6.866818666458129883e-01
-1.728747040033340454e-02
6.194828152656555176e-01
7.051132917404174805e-01
-1.598595827817916870e-02
6.551610827445983887e-01
7.099200487136840820e-01
-2.466317638754844666e-02
5.871149301528930664e-01
6.793102025985717773e-01
-3.023229725658893585e-02
5.869867801666259766e-01
7.135875225067138672e-01
-2.418852783739566803e-02
5.991896390914916992e-01
7.290748953819274902e-01
-2.160627581179141998e-02
6.303740739822387695e-01
7.437059283256530762e-01
-3.566559776663780212e-02
5.666928887367248535e-01
7.082761526107788086e-01
-4.028478637337684631e-02
5.688129663467407227e-01
7.387922406196594238e-01
-3.226011246442794800e-02
5.828073024749755859e-01
7.559779286384582520e-01
-2.854492515325546265e-02
6.049808263778686523e-01
7.807606458663940430e-01
-4.495372995734214783e-02
5.521783828735351562e-01
7.328369021415710449e-01
-4.972222447395324707e-02
5.224152803421020508e-01
7.103006243705749512e-01
-4.813132435083389282e-02
4.999206066131591797e-01
6.880169510841369629e-01
-4.780261591076850891e-02
