3.131328225135803223e-01
9.120070338249206543e-01
-2.810618013882049127e-07
3.299717903137207031e-01
8.053261637687683105e-01
1.279606856405735016e-02
3.804710507392883301e-01
7.256673574447631836e-01
7.640413474291563034e-03
4.355882406234741211e-01
6.985419988632202148e-01
-9.593388531357049942e-04
4.753416180610656738e-01
7.190842032432556152e-01
-5.840693600475788116e-03
4.081903994083404541e-01
6.591580510139465332e-01
-1.184014137834310532e-02
4.968585371971130371e-01
6.526237726211547852e-01
-2.094956673681735992e-02
4.858325421810150146e-01
6.943365335464477539e-01
-2.062412165105342865e-02
4.618119001388549805e-01
7.085872292518615723e-01
-1.966582797467708588e-02
4.316977858543395996e-01
7.153443694114685059e-01
-2.723015844821929932e-02
5.222938656806945801e-01
7.083423137664794922e-01
-3.542906045913696289e-02
5.063105821609497070e-01
7.458234429359436035e-01
-3.112796694040298462e-02
4.781240522861480713e-01
7.614764571189880371e-01
-2.750007249414920807e-02
4.529297947883605957e-01
7.792969942092895508e-01
-4.040430113673210144e-02
5.359074473381042480e-01
7.625046968460083008e-01
-4.581317678093910217e-02
5.218965411186218262e-01
7.912234663963317871e-01
-3.412109240889549255e-02
4.950167238712310791e-01
8.049325942993164062e-01
-2.548965997993946075e-02
4.679991006851196289e-01
8.432493209838867188e-01
-5.246504396200180054e-02
5.461270809173583984e-01
8.134122490882873535e-01
-5.436863005161285400e-02
5.907828807830810547e-01
7.978271842002868652e-01
-4.830946773290634155e-02
6.265915036201477051e-01
7.792817354202270508e-01
-4.352177679538726807e-02
