2.831030488014221191e-01
8.531020283699035645e-01
-1.740931168114911998e-07
2.858522534370422363e-01
7.599456310272216797e-01
6.145620252937078476e-03
3.215058147907257080e-01
6.846151351928710938e-01
-2.194231841713190079e-03
3.697177767753601074e-01
6.568835973739624023e-01
-1.302310638129711151e-02
4.064545035362243652e-01
6.721697449684143066e-01
-2.067481167614459991e-02
3.288316428661346436e-01
6.371977925300598145e-01
-2.125612087547779083e-02
4.096013903617858887e-01
6.117480397224426270e-01
-3.482628613710403442e-02
4.059998095035552979e-01
6.476113796234130859e-01
-3.731824457645416260e-02
3.847896456718444824e-01
6.649644374847412109e-01
-3.712046891450881958e-02
3.495358526706695557e-01
6.838262677192687988e-01
-3.259226307272911072e-02
4.305556416511535645e-01
6.631368994712829590e-01
-4.304265975952148438e-02
4.213857054710388184e-01
6.967782974243164062e-01
-4.049997776746749878e-02
3.999609351158142090e-01
7.106588482856750488e-01
-3.846405819058418274e-02
3.723841607570648193e-01
7.335537075996398926e-01
-4.224219918251037598e-02
4.453809559345245361e-01
7.079307436943054199e-01
-4.996529221534729004e-02
4.366928935050964355e-01
7.336508631706237793e-01
-4.097035899758338928e-02
4.157432019710540771e-01
7.464640736579895020e-01
-3.394230455160140991e-02
3.938797712326049805e-01
7.809502482414245605e-01
-5.123814195394515991e-02
4.570305049419403076e-01
7.393614053726196289e-01
-5.495336279273033142e-02
4.959093630313873291e-01
7.263640761375427246e-01
-5.008356645703315735e-02
5.270051956176757812e-01
7.153778672218322754e-01
-4.572399333119392395e-02
