2.951318025588989258e-01
8.770467638969421387e-01
-1.347408726815046975e-07
3.068577945232391357e-01
7.914100885391235352e-01
6.425004452466964722e-03
3.476417958736419678e-01
7.118550539016723633e-01
-4.177390597760677338e-03
3.992914557456970215e-01
6.816194653511047363e-01
-1.749092526733875275e-02
4.348663389682769775e-01
6.932367086410522461e-01
-2.831827290356159210e-02
3.537029623985290527e-01
6.529074907302856445e-01
-2.855028212070465088e-02
4.462257325649261475e-01
6.479555964469909668e-01
-4.521119222044944763e-02
4.387140572071075439e-01
6.856396794319152832e-01
-4.963471740484237671e-02
4.218443930149078369e-01
6.985166072845458984e-01
-5.256205797195434570e-02
3.652467131614685059e-01
7.018218636512756348e-01
-4.327895864844322205e-02
4.636352956295013428e-01
6.989019513130187988e-01
-5.972108244895935059e-02
4.524635374546051025e-01
7.333516478538513184e-01
-5.836584791541099548e-02
4.357865452766418457e-01
7.433995008468627930e-01
-5.735161900520324707e-02
3.823185861110687256e-01
7.565934658050537109e-01
-5.609873682260513306e-02
4.758085012435913086e-01
7.453355193138122559e-01
-6.774443387985229492e-02
4.753416776657104492e-01
7.720634341239929199e-01
-5.863696336746215820e-02
4.662531018257141113e-01
7.825434207916259766e-01
-5.232562124729156494e-02
3.997549116611480713e-01
8.101106286048889160e-01
-6.817899644374847412e-02
4.733793139457702637e-01
7.799561023712158203e-01
-7.532250136137008667e-02
5.162508487701416016e-01
7.706226110458374023e-01
-7.109426707029342651e-02
5.553343296051025391e-01
7.582966089248657227e-01
-6.763786077499389648e-02
