7.201884388923645020e-01
8.717087507247924805e-01
-4.860482363255869132e-07
7.120592594146728516e-01
7.703647613525390625e-01
2.380694448947906494e-02
6.682729721069335938e-01
7.046945095062255859e-01
2.876922115683555603e-02
6.198921799659729004e-01
6.794771552085876465e-01
2.910774201154708862e-02
5.845982432365417480e-01
6.914876103401184082e-01
2.941664867103099823e-02
6.399469971656799316e-01
6.452918052673339844e-01
2.791280625388026237e-03
5.652786493301391602e-01
6.296381950378417969e-01
-6.641154759563505650e-04
5.736060738563537598e-01
6.622251868247985840e-01
-1.553813344798982143e-03
5.931004881858825684e-01
6.770069599151611328e-01
-1.564122503623366356e-03
6.160660386085510254e-01
6.860277652740478516e-01
-1.275345403701066971e-02
5.398421883583068848e-01
6.715701222419738770e-01
-1.338361296802759171e-02
5.523368120193481445e-01
7.023865580558776855e-01
-7.118212524801492691e-03
5.724414587020874023e-01
7.147101163864135742e-01
-3.961053676903247833e-03
5.955168008804321289e-01
7.390292286872863770e-01
-2.535316534340381622e-02
5.213303565979003906e-01
7.167528271675109863e-01
-2.490077912807464600e-02
5.346164703369140625e-01
7.414728403091430664e-01
-1.395713165402412415e-02
5.556184053421020508e-01
7.538908720016479492e-01
-8.158743381500244141e-03
5.799733400344848633e-01
7.954129576683044434e-01
-3.564384952187538147e-02
5.167064070701599121e-01
7.514500617980957031e-01
-3.727507963776588440e-02
4.821830093860626221e-01
7.315811514854431152e-01
-3.287656605243682861e-02
4.547500610351562500e-01
7.124836444854736328e-01
-3.005181439220905304e-02
