7.431157827377319336e-01
7.990139126777648926e-01
-4.240927466980792815e-07
7.283515334129333496e-01
7.076800465583801270e-01
2.023791894316673279e-02
6.842234134674072266e-01
6.562865972518920898e-01
2.718306146562099457e-02
6.407177448272705078e-01
6.510463953018188477e-01
3.011013753712177277e-02
6.096819043159484863e-01
6.720919013023376465e-01
3.277418762445449829e-02
6.426669359207153320e-01
6.103813648223876953e-01
1.250090543180704117e-02
5.968617796897888184e-01
6.232565641403198242e-01
1.718014478683471680e-02
6.043921113014221191e-01
6.476711630821228027e-01
2.053488977253437042e-02
6.216291785240173340e-01
6.613511443138122559e-01
2.229191921651363373e-02
6.188257336616516113e-01
6.522943973541259766e-01
1.215423922985792160e-03
5.760276913642883301e-01
6.719400882720947266e-01
8.189092390239238739e-03
5.900886654853820801e-01
6.976973414421081543e-01
1.219883561134338379e-02
6.080052852630615234e-01
7.067104578018188477e-01
1.250046677887439728e-02
6.050917506217956543e-01
7.061523199081420898e-01
-7.288068532943725586e-03
5.608495473861694336e-01
7.140923142433166504e-01
-4.482753109186887741e-03
5.777992010116577148e-01
7.335677146911621094e-01
1.702658482827246189e-04
5.969079136848449707e-01
7.402841448783874512e-01
9.165478986687958241e-04
5.999441146850585938e-01
7.626786231994628906e-01
-1.321535464376211166e-02
5.496355295181274414e-01
7.547770738601684570e-01
-1.348760258406400681e-02
5.227726697921752930e-01
7.561897039413452148e-01
-9.798380546271800995e-03
4.984085559844970703e-01
7.539734840393066406e-01
-7.540157530456781387e-03
