6.911132335662841797e-01
8.318691253662109375e-01
-6.341426797007443383e-07
6.869579553604125977e-01
7.504602074623107910e-01
1.202189829200506210e-02
6.563877463340759277e-01
6.800643205642700195e-01
6.905449088662862778e-03
6.162331700325012207e-01
6.367880702018737793e-01
-8.661891915835440159e-04
5.814670324325561523e-01
6.289510726928710938e-01
-8.199306204915046692e-03
6.631347537040710449e-01
6.254095435142517090e-01
-3.299939259886741638e-02
5.738036036491394043e-01
5.981408357620239258e-01
-4.612026363611221313e-02
5.607284903526306152e-01
6.386024355888366699e-01
-4.248457029461860657e-02
5.715558528900146484e-01
6.591783165931701660e-01
-3.967383503913879395e-02
6.557074785232543945e-01
6.618377566337585449e-01
-4.745377227663993835e-02
5.555110573768615723e-01
6.411556005477905273e-01
-6.343621760606765747e-02
5.510628819465637207e-01
6.847112774848937988e-01
-5.313652008771896362e-02
5.665090680122375488e-01
7.038828134536743164e-01
-4.668088629841804504e-02
6.409666538238525391e-01
7.107040882110595703e-01
-5.975591391324996948e-02
5.477169752120971680e-01
6.840466856956481934e-01
-7.532144337892532349e-02
5.464453697204589844e-01
7.194308638572692871e-01
-6.401570886373519897e-02
5.623600482940673828e-01
7.392880916595458984e-01
-5.707238242030143738e-02
6.246926188468933105e-01
7.615594863891601562e-01
-7.026098668575286865e-02
5.525044798851013184e-01
7.338150143623352051e-01
-9.077619761228561401e-02
5.100691914558410645e-01
7.208132147789001465e-01
-9.744679182767868042e-02
4.778675436973571777e-01
7.062144279479980469e-01
-1.016403734683990479e-01
