-5.160523205995559692e-02
7.125553488731384277e-01
2.054261649675481749e-08
-1.597961038351058960e-02
5.948890447616577148e-01
7.704759947955608368e-03
3.652553260326385498e-02
5.095847249031066895e-01
-1.948496885597705841e-02
9.388875216245651245e-02
4.741930067539215088e-01
-4.808851331472396851e-02
1.292620003223419189e-01
4.705174565315246582e-01
-7.296531647443771362e-02
-3.279998898506164551e-03
4.203535318374633789e-01
-8.089034259319305420e-02
1.420901715755462646e-01
4.261346459388732910e-01
-1.072723641991615295e-01
1.348161995410919189e-01
4.778019785881042480e-01
-1.023286804556846619e-01
1.061404347419738770e-01
4.880300462245941162e-01
-1.000246554613113403e-01
-6.767906248569488525e-03
4.817229509353637695e-01
-1.063733398914337158e-01
1.467546522617340088e-01
4.931911230087280273e-01
-1.332714259624481201e-01
1.366919875144958496e-01
5.407924652099609375e-01
-1.174892857670783997e-01
1.164843738079071045e-01
5.545282959938049316e-01
-1.103133857250213623e-01
-8.893832564353942871e-04
5.548614859580993652e-01
-1.278301775455474854e-01
1.484661102294921875e-01
5.511019825935363770e-01
-1.428487300872802734e-01
1.412365585565567017e-01
5.837577581405639648e-01
-1.173733472824096680e-01
1.212866753339767456e-01
5.915613770484924316e-01
-1.058219745755195618e-01
1.374180614948272705e-02
6.307618021965026855e-01
-1.490175426006317139e-01
1.213696748018264771e-01
6.087722778320312500e-01
-1.641839146614074707e-01
1.774120032787322998e-01
5.916537642478942871e-01
-1.596408635377883911e-01
2.248984277248382568e-01
5.658360123634338379e-01
-1.585776656866073608e-01
