7.113772034645080566e-01
8.399997949600219727e-01
-6.171835593704599887e-07
7.076861858367919922e-01
7.638185024261474609e-01
1.098079327493906021e-02
6.816166043281555176e-01
6.920964717864990234e-01
6.972608156502246857e-03
6.474928855895996094e-01
6.420086026191711426e-01
6.114505231380462646e-04
6.163281202316284180e-01
6.243036389350891113e-01
-4.374526441097259521e-03
6.961377859115600586e-01
6.313263773918151855e-01
-2.769572660326957703e-02
6.106540560722351074e-01
6.057056188583374023e-01
-4.138125479221343994e-02
6.052426099777221680e-01
6.444688439369201660e-01
-3.935281187295913696e-02
6.194695234298706055e-01
6.606913208961486816e-01
-3.758460655808448792e-02
6.937780976295471191e-01
6.643798351287841797e-01
-4.136920347809791565e-02
5.988938212394714355e-01
6.391602754592895508e-01
-5.841729789972305298e-02
5.981342196464538574e-01
6.808283329010009766e-01
-5.077352374792098999e-02
6.106142997741699219e-01
6.997852921485900879e-01
-4.613479971885681152e-02
6.809728145599365234e-01
7.087745666503906250e-01
-5.336275696754455566e-02
5.906677246093750000e-01
6.747086644172668457e-01
-6.995822489261627197e-02
5.891560316085815430e-01
7.115626931190490723e-01
-5.894283577799797058e-02
6.008726358413696289e-01
7.350705265998840332e-01
-5.176978930830955505e-02
6.641006469726562500e-01
7.557676434516906738e-01
-6.380004435777664185e-02
5.917621850967407227e-01
7.160725593566894531e-01
-8.387330174446105957e-02
5.524927377700805664e-01
6.961541175842285156e-01
-8.977541327476501465e-02
5.219659805297851562e-01
6.758658885955810547e-01
-9.317831695079803467e-02
