7.084616422653198242e-01
8.409184813499450684e-01
-5.284953772388689686e-07
6.908400654792785645e-01
7.645157575607299805e-01
2.457587746903300285e-03
6.507622003555297852e-01
7.031961083412170410e-01
-8.842708542943000793e-03
6.092921495437622070e-01
6.659046411514282227e-01
-2.060371637344360352e-02
5.779743194580078125e-01
6.575550436973571777e-01
-3.091181442141532898e-02
6.653264760971069336e-01
6.463552713394165039e-01
-5.298146605491638184e-02
5.696701407432556152e-01
6.490970253944396973e-01
-7.111763954162597656e-02
5.685887932777404785e-01
6.900662183761596680e-01
-6.524314731359481812e-02
5.872085094451904297e-01
7.048900723457336426e-01
-6.008362025022506714e-02
6.713168621063232422e-01
6.898828148841857910e-01
-6.547839194536209106e-02
5.639452338218688965e-01
7.006467580795288086e-01
-8.679579943418502808e-02
5.699999332427978516e-01
7.396437525749206543e-01
-7.419349253177642822e-02
5.897903442382812500e-01
7.492631673812866211e-01
-6.549546122550964355e-02
6.683207154273986816e-01
7.469608187675476074e-01
-7.631691545248031616e-02
5.678130984306335449e-01
7.476136684417724609e-01
-1.000569090247154236e-01
5.732401609420776367e-01
7.785120010375976562e-01
-8.661589771509170532e-02
5.912221074104309082e-01
7.914816737174987793e-01
-7.638445496559143066e-02
6.629983186721801758e-01
8.048263192176818848e-01
-8.558296412229537964e-02
5.866060256958007812e-01
8.012856245040893555e-01
-1.139980852603912354e-01
5.457082986831665039e-01
8.018653392791748047e-01
-1.206513568758964539e-01
5.152889490127563477e-01
7.994365692138671875e-01
-1.227762252092361450e-01
