6.456115245819091797e-01
8.854017257690429688e-01
-2.259644560353990528e-07
6.083605885505676270e-01
8.239381313323974609e-01
-3.076955862343311310e-02
5.870747566223144531e-01
7.610710263252258301e-01
-5.460148304700851440e-02
5.936899185180664062e-01
7.349129915237426758e-01
-7.337046414613723755e-02
6.275651454925537109e-01
7.515995502471923828e-01
-8.427519351243972778e-02
6.814586520195007324e-01
6.598972082138061523e-01
-4.555341601371765137e-02
6.193058490753173828e-01
6.483667492866516113e-01
-6.661278754472732544e-02
6.096373796463012695e-01
7.068150043487548828e-01
-7.535988837480545044e-02
6.197032332420349121e-01
7.310717105865478516e-01
-8.317270129919052124e-02
7.153542041778564453e-01
6.959756016731262207e-01
-4.272695258259773254e-02
6.448859572410583496e-01
6.893745064735412598e-01
-6.275856494903564453e-02
6.270758509635925293e-01
7.454266548156738281e-01
-6.004536524415016174e-02
6.348152756690979004e-01
7.635474801063537598e-01
-5.858165398240089417e-02
7.286108732223510742e-01
7.486730217933654785e-01
-4.285627231001853943e-02
6.686410903930664062e-01
7.378337383270263672e-01
-6.355394423007965088e-02
6.397956013679504395e-01
7.806459665298461914e-01
-5.062528327107429504e-02
6.323454976081848145e-01
8.097872734069824219e-01
-4.027063027024269104e-02
7.289407253265380859e-01
8.078728914260864258e-01
-4.644560813903808594e-02
7.310355901718139648e-01
7.924267649650573730e-01
-7.124599069356918335e-02
7.358437180519104004e-01
7.743723392486572266e-01
-7.629115134477615356e-02
7.423803806304931641e-01
7.555225491523742676e-01
-7.612996548414230347e-02
