7.690834999084472656e-01
8.555361628532409668e-01
-3.005811208822706249e-07
7.677887678146362305e-01
7.457054257392883301e-01
3.378868848085403442e-02
7.242526412010192871e-01
6.894341111183166504e-01
5.031490325927734375e-02
6.781159043312072754e-01
6.778446435928344727e-01
6.124686822295188904e-02
6.460587382316589355e-01
6.992645859718322754e-01
7.124882191419601440e-02
6.833952665328979492e-01
6.281703710556030273e-01
3.992205113172531128e-02
6.427943110466003418e-01
6.146147251129150391e-01
6.287053972482681274e-02
6.537235975265502930e-01
6.398413181304931641e-01
7.179766148328781128e-02
6.684802770614624023e-01
6.579440236091613770e-01
7.534869015216827393e-02
6.486000418663024902e-01
6.714057326316833496e-01
2.953612059354782104e-02
6.184135675430297852e-01
6.643058061599731445e-01
6.350364536046981812e-02
6.319344639778137207e-01
6.889503598213195801e-01
7.187820971012115479e-02
6.466441750526428223e-01
7.025624513626098633e-01
7.042222470045089722e-02
6.269932389259338379e-01
7.277453541755676270e-01
2.352674677968025208e-02
5.971831083297729492e-01
7.071142792701721191e-01
5.387733131647109985e-02
6.117767095565795898e-01
7.253236770629882812e-01
5.933776497840881348e-02
6.266161799430847168e-01
7.424547076225280762e-01
5.440345779061317444e-02
6.161412000656127930e-01
7.848914861679077148e-01
2.083534747362136841e-02
5.744066238403320312e-01
7.589982748031616211e-01
4.502445831894874573e-02
5.609937906265258789e-01
7.536394000053405762e-01
5.717748403549194336e-02
5.518628358840942383e-01
7.516651153564453125e-01
6.195323541760444641e-02
