7.309486269950866699e-01
8.633747100830078125e-01
-6.181915068736998364e-07
7.165188789367675781e-01
7.681577205657958984e-01
1.515480782836675644e-02
6.655075550079345703e-01
7.032095789909362793e-01
1.430140156298875809e-02
6.127223968505859375e-01
6.824217438697814941e-01
1.110808458179235458e-02
5.782873034477233887e-01
6.947942972183227539e-01
9.226614609360694885e-03
6.470836997032165527e-01
6.399515867233276367e-01
-2.048403397202491760e-02
5.601317882537841797e-01
6.448568701744079590e-01
-2.779641747474670410e-02
5.706053376197814941e-01
6.821978092193603516e-01
-2.378947846591472626e-02
5.925776958465576172e-01
6.925347447395324707e-01
-2.086968906223773956e-02
6.314116120338439941e-01
6.859259605407714844e-01
-3.481541946530342102e-02
5.418974757194519043e-01
6.923215985298156738e-01
-4.492778331041336060e-02
5.597786307334899902e-01
7.270791530609130859e-01
-3.735604509711265564e-02
5.827535986900329590e-01
7.351589202880859375e-01
-3.319761157035827637e-02
6.170113682746887207e-01
7.447758316993713379e-01
-4.619396477937698364e-02
5.309768915176391602e-01
7.439122200012207031e-01
-5.700976029038429260e-02
5.538696646690368652e-01
7.705917954444885254e-01
-4.766380414366722107e-02
5.812506079673767090e-01
7.761422395706176758e-01
-4.243022575974464417e-02
6.053200960159301758e-01
8.062655329704284668e-01
-5.535045638680458069e-02
5.312618017196655273e-01
7.921081781387329102e-01
-6.790324300527572632e-02
4.876392483711242676e-01
7.874573469161987305e-01
-7.033539563417434692e-02
4.487197995185852051e-01
7.766616344451904297e-01
-7.263188064098358154e-02
