8.167362213134765625e-01
8.653174042701721191e-01
-5.467711616802262142e-07
8.114527463912963867e-01
7.754914760589599609e-01
1.755757816135883331e-02
7.705157995223999023e-01
7.113076448440551758e-01
1.868283934891223907e-02
7.247164845466613770e-01
6.914857029914855957e-01
1.649885252118110657e-02
6.943237185478210449e-01
7.069158554077148438e-01
1.518644578754901886e-02
7.581392526626586914e-01
6.479362249374389648e-01
-1.197554450482130051e-02
6.798085570335388184e-01
6.314323544502258301e-01
-1.691522821784019470e-02
6.843528151512145996e-01
6.707741022109985352e-01
-1.280548609793186188e-02
7.032009959220886230e-01
6.847950220108032227e-01
-9.687344543635845184e-03
7.384999394416809082e-01
6.875471472740173340e-01
-2.577095106244087219e-02
6.595438122749328613e-01
6.745013594627380371e-01
-3.095386549830436707e-02
6.689998507499694824e-01
7.110395431518554688e-01
-2.255375310778617859e-02
6.886953711509704590e-01
7.211277484893798828e-01
-1.803272031247615814e-02
7.190339565277099609e-01
7.373436689376831055e-01
-3.678242862224578857e-02
6.444799304008483887e-01
7.179403305053710938e-01
-4.102832823991775513e-02
6.579378843307495117e-01
7.477014064788818359e-01
-3.152730315923690796e-02
6.806980371475219727e-01
7.573817372322082520e-01
-2.688043005764484406e-02
7.016378641128540039e-01
7.889783382415771484e-01
-4.571038484573364258e-02
6.341357827186584473e-01
7.636737823486328125e-01
-5.054178461432456970e-02
5.971978306770324707e-01
7.548104524612426758e-01
-4.929286614060401917e-02
5.688214302062988281e-01
7.411338686943054199e-01
-4.943666607141494751e-02
