7.036301493644714355e-01
8.908752202987670898e-01
-5.926458470639772713e-07
6.917164921760559082e-01
7.952614426612854004e-01
2.004657685756683350e-02
6.465255022048950195e-01
7.313448786735534668e-01
2.190296165645122528e-02
5.995045900344848633e-01
7.056630253791809082e-01
2.038702368736267090e-02
5.659099221229553223e-01
7.139630317687988281e-01
1.950579509139060974e-02
6.288443803787231445e-01
6.704746484756469727e-01
-1.231540739536285400e-02
5.500331521034240723e-01
6.589571237564086914e-01
-1.851668208837509155e-02
5.583672523498535156e-01
6.939826607704162598e-01
-1.647761650383472443e-02
5.798869132995605469e-01
7.072604894638061523e-01
-1.471907645463943481e-02
6.085234880447387695e-01
7.140117883682250977e-01
-2.722749859094619751e-02
5.282749533653259277e-01
7.068586349487304688e-01
-3.251310065388679504e-02
5.410396456718444824e-01
7.409889698028564453e-01
-2.493464946746826172e-02
5.616062879562377930e-01
7.510616779327392578e-01
-2.153025381267070770e-02
5.901258587837219238e-01
7.689192295074462891e-01
-3.907633200287818909e-02
5.130584239959716797e-01
7.545628547668457031e-01
-4.424689710140228271e-02
5.302643775939941406e-01
7.810479402542114258e-01
-3.493833541870117188e-02
5.549556612968444824e-01
7.895609736442565918e-01
-3.085448220372200012e-02
5.756248235702514648e-01
8.257523775100708008e-01
-4.844618216156959534e-02
5.042397975921630859e-01
8.075060248374938965e-01
-5.543439462780952454e-02
4.640130400657653809e-01
8.003994226455688477e-01
-5.544427782297134399e-02
4.306670427322387695e-01
7.872669100761413574e-01
-5.654563382267951965e-02
