3.121748864650726318e-01
8.419646620750427246e-01
-1.488308356556444778e-07
3.565264940261840820e-01
7.349084019660949707e-01
-2.567380666732788086e-03
3.760768473148345947e-01
6.216272711753845215e-01
-2.313153818249702454e-02
3.995895981788635254e-01
5.471457242965698242e-01
-4.562366008758544922e-02
4.199215471744537354e-01
5.097965002059936523e-01
-6.518250703811645508e-02
2.971545457839965820e-01
5.358346700668334961e-01
-5.877347290515899658e-02
4.295930266380310059e-01
5.029917955398559570e-01
-9.140303730964660645e-02
4.373844265937805176e-01
5.712916254997253418e-01
-1.010723859071731567e-01
4.140124917030334473e-01
5.949812531471252441e-01
-1.085621938109397888e-01
2.926715612411499023e-01
5.975244641304016113e-01
-7.815402746200561523e-02
4.440953433513641357e-01
5.691758990287780762e-01
-1.125007048249244690e-01
4.495033621788024902e-01
6.334121227264404297e-01
-1.093866229057312012e-01
4.351867139339447021e-01
6.557409167289733887e-01
-1.080581396818161011e-01
3.062721788883209229e-01
6.689062118530273438e-01
-9.675397723913192749e-02
4.524216651916503906e-01
6.262776255607604980e-01
-1.241517364978790283e-01
4.626969099044799805e-01
6.717007160186767578e-01
-1.089807823300361633e-01
4.520409107208251953e-01
6.899408102035522461e-01
-9.952776134014129639e-02
3.320468962192535400e-01
7.401294708251953125e-01
-1.159354299306869507e-01
4.288757145404815674e-01
6.796777248382568359e-01
-1.361708492040634155e-01
4.757379591464996338e-01
6.444459557533264160e-01
-1.334937810897827148e-01
5.134582519531250000e-01
6.026124954223632812e-01
-1.315048485994338989e-01
