7.517510056495666504e-01
7.798638939857482910e-01
-6.253184778870490845e-07
7.447951436042785645e-01
6.829161643981933594e-01
1.923628151416778564e-02
7.047517895698547363e-01
6.156990528106689453e-01
1.843397319316864014e-02
6.545022726058959961e-01
5.896661281585693359e-01
1.363948266953229904e-02
6.200735569000244141e-01
6.012955307960510254e-01
9.055064991116523743e-03
6.948274970054626465e-01
5.479257702827453613e-01
-1.427663490176200867e-02
6.088973283767700195e-01
5.434938073158264160e-01
-1.827174052596092224e-02
6.126955747604370117e-01
5.872374176979064941e-01
-1.363061275333166122e-02
6.303080916404724121e-01
6.004381775856018066e-01
-1.120950095355510712e-02
6.765280365943908691e-01
5.868199467658996582e-01
-3.061717003583908081e-02
5.894276499748229980e-01
5.853782892227172852e-01
-3.603431209921836853e-02
5.959988832473754883e-01
6.265702843666076660e-01
-2.849172800779342651e-02
6.133728027343750000e-01
6.423334479331970215e-01
-2.577016130089759827e-02
6.575221419334411621e-01
6.383967399597167969e-01
-4.354527592658996582e-02
5.741187334060668945e-01
6.300439834594726562e-01
-4.938468709588050842e-02
5.818835496902465820e-01
6.666451692581176758e-01
-4.127785563468933105e-02
6.000744104385375977e-01
6.832052469253540039e-01
-3.840202465653419495e-02
6.399249434471130371e-01
6.943743228912353516e-01
-5.396977066993713379e-02
5.639230608940124512e-01
6.736905574798583984e-01
-6.139376759529113770e-02
5.225541591644287109e-01
6.681994795799255371e-01
-6.138921529054641724e-02
4.886417388916015625e-01
6.577013731002807617e-01
-6.265179812908172607e-02
