7.320379018783569336e-01
8.845366835594177246e-01
-5.862307261850219220e-07
7.254307270050048828e-01
7.885610461235046387e-01
1.587066613137722015e-02
6.831178665161132812e-01
7.215964198112487793e-01
1.532195787876844406e-02
6.346922516822814941e-01
7.006235718727111816e-01
1.191359665244817734e-02
6.004064679145812988e-01
7.147406339645385742e-01
9.559720754623413086e-03
6.694198250770568848e-01
6.511563062667846680e-01
-1.759378053247928619e-02
5.860433578491210938e-01
6.358797550201416016e-01
-2.434030547738075256e-02
5.894134640693664551e-01
6.743286252021789551e-01
-1.963151246309280396e-02
6.080067753791809082e-01
6.892882585525512695e-01
-1.616034656763076782e-02
6.475023031234741211e-01
6.941037178039550781e-01
-3.175467252731323242e-02
5.604472160339355469e-01
6.805402040481567383e-01
-4.103535041213035583e-02
5.700331330299377441e-01
7.197734117507934570e-01
-3.291375935077667236e-02
5.901104807853698730e-01
7.330505251884460449e-01
-2.820339612662792206e-02
6.259657740592956543e-01
7.490568757057189941e-01
-4.306473582983016968e-02
5.433840751647949219e-01
7.276949882507324219e-01
-5.346261337399482727e-02
5.585770010948181152e-01
7.619456052780151367e-01
-4.405117034912109375e-02
5.828208327293395996e-01
7.757675051689147949e-01
-3.835079446434974670e-02
6.067522764205932617e-01
8.056804537773132324e-01
-5.207986012101173401e-02
5.366715788841247559e-01
7.767899036407470703e-01
-6.428193300962448120e-02
4.960991442203521729e-01
7.657123208045959473e-01
-6.609051674604415894e-02
4.627647697925567627e-01
7.497412562370300293e-01
-6.754912436008453369e-02
