6.974786520004272461e-01
8.160095214843750000e-01
-5.564227762988593895e-07
6.822353601455688477e-01
7.242723703384399414e-01
1.722403243184089661e-02
6.337822079658508301e-01
6.724925637245178223e-01
2.009222656488418579e-02
5.859628319740295410e-01
6.569726467132568359e-01
2.006786502897739410e-02
5.546794533729553223e-01
6.724627017974853516e-01
2.047820016741752625e-02
6.007378697395324707e-01
6.202072501182556152e-01
-1.178575027734041214e-02
5.283968448638916016e-01
6.236541867256164551e-01
-1.733898743987083435e-02
5.417793989181518555e-01
6.511210203170776367e-01
-1.547668315470218658e-02
5.642625093460083008e-01
6.589142084121704102e-01
-1.374404225498437881e-02
5.856644511222839355e-01
6.678140163421630859e-01
-2.419579215347766876e-02
5.140849947929382324e-01
6.750364899635314941e-01
-2.899695746600627899e-02
5.332964062690734863e-01
7.019836306571960449e-01
-2.125942334532737732e-02
5.550615191459655762e-01
7.063823938369750977e-01
-1.726040057837963104e-02
5.749123692512512207e-01
7.252928614616394043e-01
-3.393299877643585205e-02
5.066193342208862305e-01
7.261050343513488770e-01
-3.921183571219444275e-02
5.275264382362365723e-01
7.450963258743286133e-01
-3.048595413565635681e-02
5.525578856468200684e-01
7.475943565368652344e-01
-2.609987184405326843e-02
5.679660439491271973e-01
7.830286026000976562e-01
-4.142437875270843506e-02
5.029278993606567383e-01
7.711376547813415527e-01
-4.912280663847923279e-02
4.654427766799926758e-01
7.693882584571838379e-01
-4.965766519308090210e-02
4.344167113304138184e-01
7.637600302696228027e-01
-5.054660513997077942e-02
