7.577163577079772949e-01
8.522540330886840820e-01
-5.753584559897717554e-07
7.594507336616516113e-01
7.610676884651184082e-01
1.590245217084884644e-02
7.224757671356201172e-01
6.922336220741271973e-01
1.462943572551012039e-02
6.742755174636840820e-01
6.654472351074218750e-01
9.934366680681705475e-03
6.397125124931335449e-01
6.788271069526672363e-01
5.450293887406587601e-03
7.130545973777770996e-01
6.282306313514709473e-01
-1.738114655017852783e-02
6.312378048896789551e-01
6.047524213790893555e-01
-2.468584850430488586e-02
6.341581344604492188e-01
6.476065516471862793e-01
-2.251950837671756744e-02
6.527737379074096680e-01
6.632701158523559570e-01
-2.110563963651657104e-02
6.933149099349975586e-01
6.682853698730468750e-01
-3.175165131688117981e-02
6.095194220542907715e-01
6.493464112281799316e-01
-3.925261273980140686e-02
6.158640980720520020e-01
6.891621351242065430e-01
-3.180793672800064087e-02
6.342186331748962402e-01
7.036167979240417480e-01
-2.842116169631481171e-02
6.719042062759399414e-01
7.190411090850830078e-01
-4.329814761877059937e-02
5.923266410827636719e-01
6.928561925888061523e-01
-5.069535225629806519e-02
6.019695997238159180e-01
7.267807722091674805e-01
-4.142165184020996094e-02
6.232599020004272461e-01
7.428950667381286621e-01
-3.663294762372970581e-02
6.512361764907836914e-01
7.702046632766723633e-01
-5.271085724234580994e-02
5.806175470352172852e-01
7.354654073715209961e-01
-6.083945557475090027e-02
5.420082211494445801e-01
7.215442061424255371e-01
-6.040090322494506836e-02
5.132898688316345215e-01
7.053882479667663574e-01
-6.083999946713447571e-02
