8.415408134460449219e-01
9.057162404060363770e-01
-5.869130745850270614e-07
8.544676899909973145e-01
8.246045112609863281e-01
1.707551442086696625e-02
8.254524469375610352e-01
7.483907938003540039e-01
1.815376430749893188e-02
7.831134796142578125e-01
7.059777379035949707e-01
1.657315157353878021e-02
7.494305968284606934e-01
7.055916786193847656e-01
1.603364013135433197e-02
8.259764909744262695e-01
6.914923787117004395e-01
-1.723559759557247162e-02
7.485231757164001465e-01
6.516894698143005371e-01
-2.303915843367576599e-02
7.477758526802062988e-01
6.924577355384826660e-01
-1.807494275271892548e-02
7.640401721000671387e-01
7.102668881416320801e-01
-1.460297126322984695e-02
8.050504326820373535e-01
7.231360077857971191e-01
-3.076764568686485291e-02
7.239281535148620605e-01
6.865540742874145508e-01
-3.754441440105438232e-02
7.279219627380371094e-01
7.256081104278564453e-01
-2.715625055134296417e-02
7.454888224601745605e-01
7.408354282379150391e-01
-2.146248146891593933e-02
7.795920372009277344e-01
7.646567821502685547e-01
-4.153373464941978455e-02
7.066667675971984863e-01
7.247854471206665039e-01
-4.755127802491188049e-02
7.134870290756225586e-01
7.558246254920959473e-01
-3.638539835810661316e-02
7.325673103332519531e-01
7.709090709686279297e-01
-3.064880892634391785e-02
7.538845539093017578e-01
8.080331087112426758e-01
-5.010257661342620850e-02
6.921854019165039062e-01
7.628609538078308105e-01
-5.785534158349037170e-02
6.572919487953186035e-01
7.414461374282836914e-01
-5.801159515976905823e-02
6.303592920303344727e-01
7.189266681671142578e-01
-5.910912156105041504e-02
