6.601433753967285156e-01
7.855794429779052734e-01
-4.197883072265540250e-07
6.516671180725097656e-01
6.970894932746887207e-01
2.733664214611053467e-02
6.137939691543579102e-01
6.455590128898620605e-01
3.750586509704589844e-02
5.764206051826477051e-01
6.210352778434753418e-01
4.246622696518898010e-02
5.485098958015441895e-01
6.283572316169738770e-01
4.701119661331176758e-02
5.700334310531616211e-01
5.978726744651794434e-01
1.482118666172027588e-02
5.161715149879455566e-01
5.815222263336181641e-01
2.043115161359310150e-02
5.241922140121459961e-01
6.038624048233032227e-01
2.478169836103916168e-02
5.418190956115722656e-01
6.194922924041748047e-01
2.775185555219650269e-02
5.459201335906982422e-01
6.377894282341003418e-01
1.500485581345856190e-03
4.963500201702117920e-01
6.281529068946838379e-01
1.100032962858676910e-02
5.077241063117980957e-01
6.524645090103149414e-01
1.808021962642669678e-02
5.245116353034973145e-01
6.626890301704406738e-01
2.029868774116039276e-02
5.303053855895996094e-01
6.884781718254089355e-01
-8.588511496782302856e-03
4.833040237426757812e-01
6.734495759010314941e-01
-1.036747242324054241e-03
4.946120083332061768e-01
6.916870474815368652e-01
5.276693496853113174e-03
5.105607509613037109e-01
7.012659907341003418e-01
6.061720196157693863e-03
5.221670269966125488e-01
7.407698631286621094e-01
-1.563550718128681183e-02
4.665505886077880859e-01
7.195405960083007812e-01
-1.160709373652935028e-02
4.367696940898895264e-01
7.172666788101196289e-01
-6.718040909618139267e-03
4.134944677352905273e-01
7.137832641601562500e-01
-4.392984788864850998e-03
