3.102811574935913086e-01
8.819964528083801270e-01
-1.067171453428272798e-07
3.287363052368164062e-01
7.829278111457824707e-01
1.916897948831319809e-03
3.821665644645690918e-01
6.979120373725891113e-01
-1.282070390880107880e-02
4.449832141399383545e-01
6.622803211212158203e-01
-2.859105356037616730e-02
4.940049648284912109e-01
6.656182408332824707e-01
-4.047947004437446594e-02
3.880708217620849609e-01
6.517878770828247070e-01
-4.640230536460876465e-02
4.925436377525329590e-01
6.489355564117431641e-01
-6.782530993223190308e-02
4.800173044204711914e-01
6.882926821708679199e-01
-7.166069746017456055e-02
4.563714265823364258e-01
6.970818638801574707e-01
-7.407472282648086548e-02
3.953945636749267578e-01
7.076605558395385742e-01
-6.018392369151115417e-02
5.077058076858520508e-01
7.069848775863647461e-01
-8.083680272102355957e-02
4.890859723091125488e-01
7.420824170112609863e-01
-7.598869502544403076e-02
4.626634716987609863e-01
7.523228526115417480e-01
-7.339615374803543091e-02
4.076562821865081787e-01
7.711877822875976562e-01
-7.184243947267532349e-02
5.138670206069946289e-01
7.650679945945739746e-01
-8.512981235980987549e-02
4.932151138782501221e-01
7.903793454170227051e-01
-6.877274811267852783e-02
4.627722501754760742e-01
7.988353371620178223e-01
-5.865891277790069580e-02
4.202754199504852295e-01
8.342903852462768555e-01
-8.352602273225784302e-02
5.101730227470397949e-01
8.184746503829956055e-01
-9.476775676012039185e-02
5.587355494499206543e-01
8.092001080513000488e-01
-9.192572534084320068e-02
6.004314422607421875e-01
7.950991988182067871e-01
-8.984403312206268311e-02
