4.230927228927612305e-01
8.752409219741821289e-01
-2.270488579370066873e-07
4.257869720458984375e-01
7.814933061599731445e-01
5.885687191039323807e-03
4.651072621345520020e-01
6.990601420402526855e-01
-3.296863986179232597e-03
5.194656252861022949e-01
6.644426584243774414e-01
-1.353282667696475983e-02
5.600125789642333984e-01
6.729923486709594727e-01
-2.006206288933753967e-02
4.807264506816864014e-01
6.481518745422363281e-01
-3.625915944576263428e-02
5.730089545249938965e-01
6.194142103195190430e-01
-5.105623602867126465e-02
5.663235187530517578e-01
6.564001441001892090e-01
-4.977823421359062195e-02
5.438848137855529785e-01
6.709628105163574219e-01
-4.734269902110099792e-02
5.032359957695007324e-01
7.028618454933166504e-01
-4.758903011679649353e-02
5.978270769119262695e-01
6.739475131034851074e-01
-6.043131276965141296e-02
5.836767554283142090e-01
7.077105641365051270e-01
-5.243204161524772644e-02
5.586091876029968262e-01
7.222208976745605469e-01
-4.656201601028442383e-02
5.263844728469848633e-01
7.611708045005798340e-01
-5.634402111172676086e-02
6.106677651405334473e-01
7.292093038558959961e-01
-6.454367190599441528e-02
5.951955914497375488e-01
7.521559596061706543e-01
-4.916725307703018188e-02
5.677933692932128906e-01
7.636783123016357422e-01
-3.856562450528144836e-02
5.461291074752807617e-01
8.155398368835449219e-01
-6.427374482154846191e-02
6.200774908065795898e-01
7.751281857490539551e-01
-6.974057108163833618e-02
6.587440967559814453e-01
7.557206153869628906e-01
-6.405425071716308594e-02
6.897055506706237793e-01
7.333297729492187500e-01
-5.955941230058670044e-02
