6.482867598533630371e-01
6.491382122039794922e-01
-6.702753694298735354e-07
6.145297288894653320e-01
5.342213511466979980e-01
4.148554429411888123e-02
5.481818914413452148e-01
4.814285635948181152e-01
5.413646996021270752e-02
4.839931428432464600e-01
4.757239520549774170e-01
5.962290242314338684e-02
4.461463689804077148e-01
5.111603736877441406e-01
6.418114900588989258e-02
4.807306528091430664e-01
4.209938049316406250e-01
1.628965511918067932e-02
4.098469018936157227e-01
4.661104679107666016e-01
3.061708994209766388e-02
4.328298270702362061e-01
4.933342933654785156e-01
3.984456509351730347e-02
4.613482654094696045e-01
4.969021677970886230e-01
4.409567639231681824e-02
4.591630399227142334e-01
4.845345318317413330e-01
-4.523126874119043350e-03
3.992743790149688721e-01
5.286618471145629883e-01
1.818249560892581940e-02
4.213422238826751709e-01
5.567468404769897461e-01
3.079427033662796021e-02
4.473989307880401611e-01
5.577735304832458496e-01
3.191038966178894043e-02
4.494472742080688477e-01
5.612652301788330078e-01
-1.915063895285129547e-02
3.868446350097656250e-01
5.903254747390747070e-01
3.071026410907506943e-03
4.081921577453613281e-01
6.128566861152648926e-01
1.637802831828594208e-02
4.357482790946960449e-01
6.106867790222167969e-01
1.584003120660781860e-02
4.505023360252380371e-01
6.411921381950378418e-01
-2.996748313307762146e-02
3.702495396137237549e-01
6.404829621315002441e-01
-1.700294390320777893e-02
3.267339169979095459e-01
6.510254740715026855e-01
-7.071048021316528320e-03
2.946473062038421631e-01
6.533762216567993164e-01
-3.795794211328029633e-03
