8.964794278144836426e-01
6.486916542053222656e-01
-7.413204912154469639e-07
8.610798120498657227e-01
5.429809093475341797e-01
7.921409793198108673e-03
7.979093194007873535e-01
4.608958065509796143e-01
-7.674145512282848358e-03
7.358593344688415527e-01
4.145527482032775879e-01
-2.459984086453914642e-02
6.934042572975158691e-01
4.157696068286895752e-01
-3.829069435596466064e-02
7.975988388061523438e-01
3.600673079490661621e-01
-7.267251610755920410e-02
6.593081951141357422e-01
4.016380906105041504e-01
-1.016149446368217468e-01
6.784564852714538574e-01
4.553436040878295898e-01
-9.729957580566406250e-02
7.149021625518798828e-01
4.631596505641937256e-01
-9.299387037754058838e-02
8.202497959136962891e-01
4.167709350585937500e-01
-9.330201148986816406e-02
6.579006910324096680e-01
4.735335707664489746e-01
-1.229012161493301392e-01
6.849756240844726562e-01
5.212740898132324219e-01
-1.023909077048301697e-01
7.212089896202087402e-01
5.232337713241577148e-01
-8.890771865844726562e-02
8.301565051078796387e-01
4.974275529384613037e-01
-1.119388267397880554e-01
6.772500276565551758e-01
5.352972745895385742e-01
-1.407477706670761108e-01
6.993238329887390137e-01
5.757407546043395996e-01
-1.143971011042594910e-01
7.347144484519958496e-01
5.856274366378784180e-01
-9.626492112874984741e-02
8.366575837135314941e-01
5.837644934654235840e-01
-1.291531622409820557e-01
7.260830998420715332e-01
5.932341814041137695e-01
-1.667731702327728271e-01
6.726655960083007812e-01
6.036219596862792969e-01
-1.726282089948654175e-01
6.345179080963134766e-01
6.071483492851257324e-01
-1.729420870542526245e-01
