6.734223365783691406e-01
6.411187648773193359e-01
-6.692463330182363279e-07
6.575784683227539062e-01
5.201272964477539062e-01
3.283162787556648254e-02
5.967425704002380371e-01
4.581386148929595947e-01
4.316563159227371216e-02
5.355257391929626465e-01
4.423961043357849121e-01
4.823474958539009094e-02
4.968387186527252197e-01
4.707331955432891846e-01
5.284486711025238037e-02
5.432413816452026367e-01
3.861359953880310059e-01
3.621727693825960159e-03
4.650590419769287109e-01
3.967306315898895264e-01
7.558526471257209778e-03
4.822703301906585693e-01
4.247314035892486572e-01
1.291931234300136566e-02
5.095052719116210938e-01
4.351920485496520996e-01
1.581198349595069885e-02
5.155939459800720215e-01
4.457682073116302490e-01
-1.426401548087596893e-02
4.435129761695861816e-01
4.535432457923889160e-01
-5.418601445853710175e-03
4.647703766822814941e-01
4.825789928436279297e-01
6.162203848361968994e-03
4.892200529575347900e-01
4.898175001144409180e-01
9.760585613548755646e-03
4.969207644462585449e-01
5.185992717742919922e-01
-2.754707634449005127e-02
4.260590076446533203e-01
5.145022273063659668e-01
-1.993574202060699463e-02
4.464601874351501465e-01
5.366057157516479492e-01
-9.189504198729991913e-03
4.726453423500061035e-01
5.422253012657165527e-01
-7.537167053669691086e-03
4.864377677440643311e-01
5.939704179763793945e-01
-3.727937862277030945e-02
4.023501873016357422e-01
5.818765163421630859e-01
-3.738891333341598511e-02
3.564643263816833496e-01
5.819073319435119629e-01
-3.476838767528533936e-02
3.195259571075439453e-01
5.772852301597595215e-01
-3.499246761202812195e-02
