3.576322793960571289e-01
7.157837152481079102e-01
-4.747066384425124852e-07
3.010663986206054688e-01
5.915865302085876465e-01
-3.720710752531886101e-03
2.651981711387634277e-01
4.757406115531921387e-01
-2.227646857500076294e-02
2.362689375877380371e-01
3.740729987621307373e-01
-3.956504911184310913e-02
1.988861858844757080e-01
3.098945021629333496e-01
-5.196668207645416260e-02
3.953349888324737549e-01
3.964990079402923584e-01
-3.329020738601684570e-02
4.227575063705444336e-01
3.332659006118774414e-01
-2.850506454706192017e-02
4.039165377616882324e-01
3.738940358161926270e-01
-1.683452911674976349e-02
3.851059675216674805e-01
4.180608987808227539e-01
-9.813939221203327179e-03
4.511268138885498047e-01
4.344801306724548340e-01
-3.612229228019714355e-02
4.672366976737976074e-01
3.640314042568206787e-01
-2.486892417073249817e-02
4.445099830627441406e-01
3.968184590339660645e-01
-1.580504700541496277e-02
4.283315837383270264e-01
4.400670826435089111e-01
-1.721792854368686676e-02
4.951940178871154785e-01
4.901968836784362793e-01
-3.442393615841865540e-02
5.085317492485046387e-01
4.134380221366882324e-01
-2.427475713193416595e-02
4.868647754192352295e-01
4.420839250087738037e-01
-9.181725792586803436e-03
4.676495790481567383e-01
4.821836948394775391e-01
-6.040198262780904770e-03
5.302166938781738281e-01
5.525114536285400391e-01
-3.178106620907783508e-02
5.867445468902587891e-01
4.621110558509826660e-01
-2.661182917654514313e-02
6.191995739936828613e-01
4.218530654907226562e-01
-1.456337701529264450e-02
6.450684070587158203e-01
3.866857886314392090e-01
-8.334754966199398041e-03
