6.964474320411682129e-01
8.350864648818969727e-01
-3.947390609937428962e-07
7.713351845741271973e-01
7.314937114715576172e-01
-2.178105339407920837e-02
8.215636014938354492e-01
5.986895561218261719e-01
-5.697286128997802734e-02
8.764960169792175293e-01
4.949553906917572021e-01
-8.410685509443283081e-02
9.464051723480224609e-01
4.479270577430725098e-01
-1.061918810009956360e-01
7.441734075546264648e-01
6.552336812019348145e-01
-1.392073035240173340e-01
7.329663038253784180e-01
4.492179751396179199e-01
-1.700481176376342773e-01
7.434552311897277832e-01
5.055017471313476562e-01
-1.604831516742706299e-01
7.512906193733215332e-01
5.675534605979919434e-01
-1.501717120409011841e-01
6.711935997009277344e-01
6.771757006645202637e-01
-1.382569074630737305e-01
6.696239709854125977e-01
4.550232887268066406e-01
-1.672831475734710693e-01
6.887263655662536621e-01
5.064209699630737305e-01
-1.475649923086166382e-01
6.975788474082946777e-01
5.686038136482238770e-01
-1.364966779947280884e-01
6.091402769088745117e-01
6.892445087432861328e-01
-1.323377341032028198e-01
6.082804799079895020e-01
4.825910627841949463e-01
-1.484461873769760132e-01
6.320961713790893555e-01
5.149384737014770508e-01
-1.297665089368820190e-01
6.414286494255065918e-01
5.710476636886596680e-01
-1.221956610679626465e-01
5.626227259635925293e-01
6.861345767974853516e-01
-1.265391409397125244e-01
5.105906724929809570e-01
5.395067334175109863e-01
-1.438501477241516113e-01
4.804463684558868408e-01
4.496821165084838867e-01
-1.555006057024002075e-01
4.520086050033569336e-01
3.811521530151367188e-01
-1.699659824371337891e-01
