4.578152894973754883e-01
9.554211497306823730e-01
-8.327162959176348522e-07
5.118103027343750000e-01
8.400693535804748535e-01
-2.791890501976013184e-02
5.359219312667846680e-01
6.846085190773010254e-01
-4.562240093946456909e-02
5.704748630523681641e-01
5.791352391242980957e-01
-6.714440882205963135e-02
6.278623938560485840e-01
5.159133076667785645e-01
-8.188311755657196045e-02
4.065740406513214111e-01
6.103233098983764648e-01
-2.559453248977661133e-02
4.578496813774108887e-01
5.497786998748779297e-01
-6.756301969289779663e-02
4.841424822807312012e-01
6.581155657768249512e-01
-8.217173814773559570e-02
4.874170720577239990e-01
7.274720668792724609e-01
-8.261345326900482178e-02
3.540871143341064453e-01
6.456740498542785645e-01
-3.239376097917556763e-02
4.190726280212402344e-01
5.965200662612915039e-01
-9.006710350513458252e-02
4.573594033718109131e-01
7.196674942970275879e-01
-1.007038056850433350e-01
4.647075831890106201e-01
7.964558601379394531e-01
-9.149019420146942139e-02
3.150753378868103027e-01
6.984112858772277832e-01
-4.481118917465209961e-02
3.645336031913757324e-01
6.393740177154541016e-01
-1.009098961949348450e-01
4.162828624248504639e-01
7.438654899597167969e-01
-9.759840369224548340e-02
4.343059360980987549e-01
8.157992959022521973e-01
-7.504361122846603394e-02
2.859035730361938477e-01
7.567194700241088867e-01
-5.916891992092132568e-02
2.463206499814987183e-01
6.615344882011413574e-01
-8.578773587942123413e-02
2.266405522823333740e-01
5.970360636711120605e-01
-8.534370362758636475e-02
2.060483992099761963e-01
5.328954458236694336e-01
-7.560595870018005371e-02
