4.125925898551940918e-01
7.496105432510375977e-01
-5.385184635997575242e-07
4.556132256984710693e-01
6.531111001968383789e-01
-1.028973795473575592e-02
4.709450304508209229e-01
5.250840783119201660e-01
-1.805417053401470184e-02
4.947152435779571533e-01
4.400257468223571777e-01
-3.142148256301879883e-02
5.359285473823547363e-01
3.851104080677032471e-01
-3.988122195005416870e-02
3.715555667877197266e-01
4.764754772186279297e-01
-3.323491197079420090e-03
4.123328924179077148e-01
4.086412191390991211e-01
-3.364750370383262634e-02
4.373052716255187988e-01
4.925325810909271240e-01
-4.203739017248153687e-02
4.410151243209838867e-01
5.510311722755432129e-01
-3.917535394430160522e-02
3.365505933761596680e-01
5.047180056571960449e-01
-1.430692616850137711e-02
3.921025693416595459e-01
4.389004111289978027e-01
-5.710582435131072998e-02
4.252324104309082031e-01
5.372208356857299805e-01
-6.373932957649230957e-02
4.270913004875183105e-01
6.001075506210327148e-01
-5.454568564891815186e-02
3.079124391078948975e-01
5.411568880081176758e-01
-2.979435399174690247e-02
3.543832898139953613e-01
4.796718358993530273e-01
-7.176643610000610352e-02
3.932842910289764404e-01
5.661081075668334961e-01
-6.684122979640960693e-02
4.009168446063995361e-01
6.256189346313476562e-01
-4.739398509263992310e-02
2.820357680320739746e-01
5.822820663452148438e-01
-4.573970288038253784e-02
2.600756287574768066e-01
4.938426315784454346e-01
-6.425941735506057739e-02
2.562307715415954590e-01
4.380809068679809570e-01
-6.111017614603042603e-02
2.485020011663436890e-01
3.836753964424133301e-01
-5.174474045634269714e-02
