4.102434515953063965e-01
7.690270543098449707e-01
-4.998863118998997379e-07
3.522683680057525635e-01
6.563025712966918945e-01
-1.688504219055175781e-02
3.344496786594390869e-01
5.324186682701110840e-01
-3.866292908787727356e-02
3.169758021831512451e-01
4.259704947471618652e-01
-5.614938214421272278e-02
2.756933867931365967e-01
3.623943328857421875e-01
-6.937285512685775757e-02
4.126809239387512207e-01
5.539081096649169922e-01
-7.568806409835815430e-02
4.141422510147094727e-01
3.979232013225555420e-01
-9.861916303634643555e-02
3.961768746376037598e-01
4.383153617382049561e-01
-9.725320339202880859e-02
3.933216929435729980e-01
4.877518713474273682e-01
-9.167192876338958740e-02
4.724655449390411377e-01
5.809376835823059082e-01
-7.387866079807281494e-02
4.675178229808807373e-01
4.245327711105346680e-01
-9.271347522735595703e-02
4.465117752552032471e-01
4.583798646926879883e-01
-8.481127768754959106e-02
4.438498616218566895e-01
5.021250247955322266e-01
-7.987627387046813965e-02
5.219765901565551758e-01
6.090629100799560547e-01
-6.924033910036087036e-02
5.151762962341308594e-01
4.641034901142120361e-01
-8.284158259630203247e-02
4.915277361869812012e-01
4.892896413803100586e-01
-6.853405386209487915e-02
4.834913611412048340e-01
5.300996303558349609e-01
-5.884473025798797607e-02
5.594522356986999512e-01
6.290096640586853027e-01
-6.456946581602096558e-02
5.936657190322875977e-01
5.037122964859008789e-01
-7.387397438287734985e-02
6.171399354934692383e-01
4.378633201122283936e-01
-7.162242382764816284e-02
6.411322355270385742e-01
3.897107243537902832e-01
-7.080262154340744019e-02
