4.303329885005950928e-01
7.288541793823242188e-01
-5.185107738725491799e-07
3.747451901435852051e-01
6.222661137580871582e-01
-1.509030908346176147e-02
3.562338948249816895e-01
4.979854226112365723e-01
-3.348139673471450806e-02
3.444400131702423096e-01
3.960210978984832764e-01
-4.957658052444458008e-02
3.125976920127868652e-01
3.333806991577148438e-01
-6.137325987219810486e-02
4.382261931896209717e-01
5.068388581275939941e-01
-5.269456282258033752e-02
4.354994893074035645e-01
3.711199760437011719e-01
-7.608459144830703735e-02
4.154272377490997314e-01
4.101579785346984863e-01
-8.164722472429275513e-02
4.112597405910491943e-01
4.544087648391723633e-01
-8.157891035079956055e-02
4.917104244232177734e-01
5.341774821281433105e-01
-5.456823855638504028e-02
4.869211018085479736e-01
4.037427008152008057e-01
-7.581580430269241333e-02
4.681984484195709229e-01
4.388570785522460938e-01
-7.612770795822143555e-02
4.635966718196868896e-01
4.802825748920440674e-01
-7.497864216566085815e-02
5.373383760452270508e-01
5.649844408035278320e-01
-5.517326295375823975e-02
5.337107777595520020e-01
4.454652667045593262e-01
-7.113189995288848877e-02
5.131556391716003418e-01
4.743022322654724121e-01
-6.054161116480827332e-02
5.037310719490051270e-01
5.141184329986572266e-01
-5.138757079839706421e-02
5.734999179840087891e-01
5.905663967132568359e-01
-5.603814497590065002e-02
6.023168563842773438e-01
4.811162054538726807e-01
-6.533029675483703613e-02
6.220540404319763184e-01
4.207720458507537842e-01
-6.256209313869476318e-02
6.421458721160888672e-01
3.713421225547790527e-01
-6.023789197206497192e-02
