2.801565527915954590e-01
7.190319895744323730e-01
-3.826730221589969005e-07
2.113205492496490479e-01
6.237142086029052734e-01
-3.828619373962283134e-03
1.753891557455062866e-01
4.940699934959411621e-01
-1.634634658694267273e-02
1.504547297954559326e-01
3.878976106643676758e-01
-2.654224820435047150e-02
1.121750026941299438e-01
3.292989134788513184e-01
-3.028813749551773071e-02
1.959013640880584717e-01
4.816422462463378906e-01
-6.010206788778305054e-02
2.202480733394622803e-01
3.326955437660217285e-01
-8.299677073955535889e-02
2.292618900537490845e-01
3.791900277137756348e-01
-7.860757410526275635e-02
2.266642749309539795e-01
4.339779615402221680e-01
-6.921591609716415405e-02
2.610026299953460693e-01
5.013586878776550293e-01
-6.476688385009765625e-02
2.787662446498870850e-01
3.516917228698730469e-01
-7.848757505416870117e-02
2.806712985038757324e-01
3.929972350597381592e-01
-6.262023001909255981e-02
2.758955657482147217e-01
4.382666945457458496e-01
-5.165610089898109436e-02
3.226302862167358398e-01
5.211276412010192871e-01
-6.732826679944992065e-02
3.315309882164001465e-01
3.817528486251831055e-01
-7.696766406297683716e-02
3.312497437000274658e-01
4.145303666591644287e-01
-5.484294146299362183e-02
3.274815678596496582e-01
4.584487378597259521e-01
-3.950786590576171875e-02
3.755797445774078369e-01
5.357062220573425293e-01
-6.920040398836135864e-02
4.041404128074645996e-01
3.971693217754364014e-01
-7.438328117132186890e-02
4.224210977554321289e-01
3.284919261932373047e-01
-6.806523352861404419e-02
4.337193369865417480e-01
2.718491554260253906e-01
-6.399373710155487061e-02
