7.334798574447631836e-01
6.996584534645080566e-01
-2.704736914438399253e-07
7.767502665519714355e-01
5.345536470413208008e-01
1.666615367867052555e-03
8.001081347465515137e-01
4.001330733299255371e-01
-2.235679514706134796e-02
8.534498810768127441e-01
2.944750189781188965e-01
-4.820605739951133728e-02
9.191985726356506348e-01
2.363181263208389282e-01
-7.501003891229629517e-02
6.712443232536315918e-01
3.642337322235107422e-01
-6.203063949942588806e-02
5.924916863441467285e-01
2.719672918319702148e-01
-7.588216662406921387e-02
6.219649910926818848e-01
3.124126791954040527e-01
-7.800211012363433838e-02
6.531678438186645508e-01
3.586025238037109375e-01
-7.772239297628402710e-02
6.138136386871337891e-01
4.259053468704223633e-01
-7.302409410476684570e-02
5.516897439956665039e-01
3.269118964672088623e-01
-7.156597822904586792e-02
5.790227651596069336e-01
3.660811781883239746e-01
-6.199132278561592102e-02
6.049675345420837402e-01
4.046670198440551758e-01
-6.306997686624526978e-02
5.710441470146179199e-01
4.971755445003509521e-01
-7.925934344530105591e-02
5.233262777328491211e-01
3.913596272468566895e-01
-7.331728935241699219e-02
5.442620515823364258e-01
4.185175895690917969e-01
-5.724997445940971375e-02
5.669139623641967773e-01
4.589165151119232178e-01
-5.415541678667068481e-02
5.402117967605590820e-01
5.629161596298217773e-01
-8.483577519655227661e-02
4.564853310585021973e-01
4.516032040119171143e-01
-7.866586744785308838e-02
4.111332297325134277e-01
3.953407406806945801e-01
-6.687892973423004150e-02
3.774699866771697998e-01
3.563545942306518555e-01
-6.314836442470550537e-02
