6.931310892105102539e-01
8.084828853607177734e-01
-3.802922492468496785e-07
6.905945539474487305e-01
6.634909510612487793e-01
3.005162288900464773e-04
6.757401227951049805e-01
5.356723070144653320e-01
-1.514290738850831985e-02
6.859138607978820801e-01
4.282864332199096680e-01
-3.334987536072731018e-02
7.154499292373657227e-01
3.581523299217224121e-01
-5.063215643167495728e-02
5.533421635627746582e-01
5.362199544906616211e-01
-2.383755147457122803e-02
4.855581521987915039e-01
4.870914816856384277e-01
-3.348610550165176392e-02
5.155355334281921387e-01
5.176194310188293457e-01
-3.919472917914390564e-02
5.479792356491088867e-01
5.426116585731506348e-01
-4.185197129845619202e-02
5.189672708511352539e-01
6.036601066589355469e-01
-3.256529569625854492e-02
4.626629948616027832e-01
5.547565817832946777e-01
-3.298461809754371643e-02
4.928407669067382812e-01
5.786585211753845215e-01
-3.194133937358856201e-02
5.214059948921203613e-01
5.986583828926086426e-01
-3.535266593098640442e-02
4.972872436046600342e-01
6.746340394020080566e-01
-3.938894346356391907e-02
4.438815414905548096e-01
6.153805851936340332e-01
-3.936819732189178467e-02
4.702553153038024902e-01
6.298035383224487305e-01
-3.394942358136177063e-02
4.997410476207733154e-01
6.521374583244323730e-01
-3.332432359457015991e-02
4.846542179584503174e-01
7.395044565200805664e-01
-4.581683874130249023e-02
3.993258476257324219e-01
7.060726881027221680e-01
-4.283057525753974915e-02
3.488097190856933594e-01
6.864213347434997559e-01
-3.735215589404106140e-02
3.090636134147644043e-01
6.691557168960571289e-01
-3.542621433734893799e-02
