5.860300660133361816e-01
8.356991410255432129e-01
-1.283392379036740749e-07
6.436895728111267090e-01
7.130925059318542480e-01
-1.204160507768392563e-02
6.852298378944396973e-01
5.958695411682128906e-01
-4.075558856129646301e-02
7.391058802604675293e-01
5.049290657043457031e-01
-6.840033084154129028e-02
7.995757460594177246e-01
4.574379324913024902e-01
-9.453074634075164795e-02
5.803953409194946289e-01
5.499585270881652832e-01
-7.164275646209716797e-02
5.283006429672241211e-01
4.087617397308349609e-01
-9.553030878305435181e-02
5.489386916160583496e-01
4.543112218379974365e-01
-1.022452265024185181e-01
5.674375295639038086e-01
5.071119666099548340e-01
-1.024287194013595581e-01
5.160376429557800293e-01
5.880733728408813477e-01
-7.662518322467803955e-02
4.762184023857116699e-01
4.485848546028137207e-01
-8.795905113220214844e-02
4.978888630867004395e-01
4.892697930335998535e-01
-8.242134749889373779e-02
5.150627493858337402e-01
5.351665019989013672e-01
-8.179423213005065918e-02
4.608817994594573975e-01
6.343178153038024902e-01
-7.887773960828781128e-02
4.330081939697265625e-01
5.008860230445861816e-01
-8.374374359846115112e-02
4.524134993553161621e-01
5.287821292877197266e-01
-7.136255502700805664e-02
4.677943587303161621e-01
5.720612406730651855e-01
-6.586502492427825928e-02
4.143291711807250977e-01
6.736637353897094727e-01
-8.134941756725311279e-02
3.569060266017913818e-01
5.418691039085388184e-01
-8.042307943105697632e-02
3.300012946128845215e-01
4.657564163208007812e-01
-7.372551411390304565e-02
3.099597096443176270e-01
4.097191691398620605e-01
-7.172016799449920654e-02
