3.240773379802703857e-01
7.307252287864685059e-01
-4.117889602639479563e-07
2.710606455802917480e-01
6.175670623779296875e-01
-5.408898461610078812e-03
2.347479462623596191e-01
5.101442933082580566e-01
-2.312130294740200043e-02
2.043123096227645874e-01
4.168207049369812012e-01
-3.930994123220443726e-02
1.688539534807205200e-01
3.563592433929443359e-01
-5.029926076531410217e-02
3.495257496833801270e-01
4.336158633232116699e-01
-3.476097434759140015e-02
3.880949616432189941e-01
3.646848797798156738e-01
-3.327931463718414307e-02
3.731123805046081543e-01
3.995761871337890625e-01
-2.199768088757991791e-02
3.546877205371856689e-01
4.427007138729095459e-01
-1.372722256928682327e-02
4.021005034446716309e-01
4.686301350593566895e-01
-3.626020997762680054e-02
4.212087392807006836e-01
4.027343094348907471e-01
-2.820523455739021301e-02
4.014604091644287109e-01
4.307575821876525879e-01
-1.898349262773990631e-02
3.857924640178680420e-01
4.711886942386627197e-01
-1.858731731772422791e-02
4.440886378288269043e-01
5.172200798988342285e-01
-3.426269069314002991e-02
4.568766057491302490e-01
4.463612437248229980e-01
-2.710364200174808502e-02
4.382152855396270752e-01
4.701482057571411133e-01
-1.503547653555870056e-02
4.207382798194885254e-01
5.053065419197082520e-01
-1.259146165102720261e-02
4.776690304279327393e-01
5.699627399444580078e-01
-3.137907013297080994e-02
5.280841588973999023e-01
4.897157549858093262e-01
-2.786228246986865997e-02
5.597383379936218262e-01
4.523012340068817139e-01
-1.944446191191673279e-02
5.851978063583374023e-01
4.180440902709960938e-01
-1.520144194364547729e-02
