6.955395340919494629e-01
8.018430471420288086e-01
-3.766250245007540798e-07
7.654391527175903320e-01
6.646314263343811035e-01
-8.311571553349494934e-03
8.196702599525451660e-01
5.177325606346130371e-01
-3.543600440025329590e-02
8.815665841102600098e-01
4.103554487228393555e-01
-6.024260818958282471e-02
9.523798227310180664e-01
3.498156666755676270e-01
-8.442917466163635254e-02
7.403956055641174316e-01
4.614200592041015625e-01
-9.762612730264663696e-02
6.410806775093078613e-01
3.093064427375793457e-01
-1.207638382911682129e-01
6.438465118408203125e-01
3.653863966464996338e-01
-1.190310791134834290e-01
6.707888245582580566e-01
4.175454378128051758e-01
-1.152596697211265564e-01
6.694917678833007812e-01
5.079657435417175293e-01
-1.067173480987548828e-01
5.872423052787780762e-01
3.565809130668640137e-01
-1.224027872085571289e-01
5.934415459632873535e-01
4.125880002975463867e-01
-1.081849858164787292e-01
6.167392730712890625e-01
4.605974555015563965e-01
-1.032020449638366699e-01
6.024957299232482910e-01
5.636494159698486328e-01
-1.107482165098190308e-01
5.375456809997558594e-01
4.079608321189880371e-01
-1.195427551865577698e-01
5.415832996368408203e-01
4.519658386707305908e-01
-9.393969178199768066e-02
5.647031664848327637e-01
5.026270151138305664e-01
-8.122605830430984497e-02
5.386052727699279785e-01
6.133313179016113281e-01
-1.144836321473121643e-01
4.844022393226623535e-01
4.555248916149139404e-01
-1.223815307021141052e-01
4.540253877639770508e-01
3.666644096374511719e-01
-1.146750375628471375e-01
4.331140518188476562e-01
2.967857122421264648e-01
-1.122634336352348328e-01
