5.338005423545837402e-01
7.273629307746887207e-01
-1.084432739162366488e-07
5.860332846641540527e-01
6.150928735733032227e-01
-1.025081705302000046e-02
6.244097948074340820e-01
5.207825303077697754e-01
-3.332846239209175110e-02
6.704341769218444824e-01
4.387325048446655273e-01
-5.394822359085083008e-02
7.211325168609619141e-01
3.956288695335388184e-01
-7.195670902729034424e-02
5.173272490501403809e-01
4.644717276096343994e-01
-6.036404520273208618e-02
4.790936112403869629e-01
3.520696759223937988e-01
-7.076147198677062988e-02
4.989300072193145752e-01
3.932599425315856934e-01
-6.794350594282150269e-02
5.145629048347473145e-01
4.385949373245239258e-01
-6.381427496671676636e-02
4.578451514244079590e-01
4.926520586013793945e-01
-6.108851730823516846e-02
4.351616203784942627e-01
3.851148188114166260e-01
-5.910555645823478699e-02
4.552828073501586914e-01
4.237913787364959717e-01
-4.673084616661071777e-02
4.681115746498107910e-01
4.580775797367095947e-01
-4.353313520550727844e-02
4.116608798503875732e-01
5.318295955657958984e-01
-5.876405537128448486e-02
3.981934487819671631e-01
4.263925850391387939e-01
-5.550727248191833496e-02
4.166516065597534180e-01
4.526862204074859619e-01
-4.162941873073577881e-02
4.281948208808898926e-01
4.884231090545654297e-01
-3.693696856498718262e-02
3.780059218406677246e-01
5.679923892021179199e-01
-5.646210536360740662e-02
3.362259864807128906e-01
4.531557559967041016e-01
-5.508807674050331116e-02
3.150145411491394043e-01
3.902745544910430908e-01
-4.907870665192604065e-02
2.975100576877593994e-01
3.414451181888580322e-01
-4.709730297327041626e-02
