4.839604198932647705e-01
6.924504041671752930e-01
3.254073988046002341e-08
5.284424424171447754e-01
5.923898220062255859e-01
-1.449422538280487061e-02
5.592887997627258301e-01
5.008475780487060547e-01
-3.195145353674888611e-02
5.851265788078308105e-01
4.144029319286346436e-01
-4.590792953968048096e-02
6.225516796112060547e-01
3.604830205440521240e-01
-5.703278258442878723e-02
4.462420642375946045e-01
4.440993070602416992e-01
-3.566645458340644836e-02
4.241199493408203125e-01
3.427069187164306641e-01
-3.382204845547676086e-02
4.407506585121154785e-01
3.648224472999572754e-01
-2.625192143023014069e-02
4.513788521289825439e-01
3.932782709598541260e-01
-1.987910829484462738e-02
3.941133916378021240e-01
4.729285538196563721e-01
-3.090785443782806396e-02
3.897081017494201660e-01
3.806348741054534912e-01
-2.096755057573318481e-02
4.112465083599090576e-01
4.118606746196746826e-01
-9.327675215899944305e-03
4.217951297760009766e-01
4.436301887035369873e-01
-4.735586699098348618e-03
3.562522530555725098e-01
5.095962285995483398e-01
-2.464907243847846985e-02
3.571634888648986816e-01
4.206036031246185303e-01
-1.814082823693752289e-02
3.791593015193939209e-01
4.444505274295806885e-01
-9.815718978643417358e-03
3.884463012218475342e-01
4.757226407527923584e-01
-7.206544280052185059e-03
3.304697871208190918e-01
5.402512550354003906e-01
-1.846413686871528625e-02
2.977517247200012207e-01
4.412399828433990479e-01
-1.164451707154512405e-02
2.856307625770568848e-01
3.874537050724029541e-01
-4.943601787090301514e-03
2.749157547950744629e-01
3.427720367908477783e-01
-1.875863061286509037e-03
