3.840133845806121826e-01
9.248223304748535156e-01
-6.382477977240341716e-07
3.252244293689727783e-01
8.063876628875732422e-01
-2.809842675924301147e-02
3.137152194976806641e-01
6.640501022338867188e-01
-5.570523813366889954e-02
3.073588013648986816e-01
5.359768271446228027e-01
-7.635701447725296021e-02
2.738381624221801758e-01
4.495725929737091064e-01
-9.061218053102493286e-02
3.911026418209075928e-01
7.107946276664733887e-01
-1.008924916386604309e-01
4.045165479183197021e-01
5.219038724899291992e-01
-1.271482855081558228e-01
3.817785680294036865e-01
5.681388378143310547e-01
-1.190767437219619751e-01
3.797585368156433105e-01
6.225753426551818848e-01
-1.083344221115112305e-01
4.584258794784545898e-01
7.451109290122985840e-01
-9.507779777050018311e-02
4.631317853927612305e-01
5.532551407814025879e-01
-1.202697902917861938e-01
4.375405609607696533e-01
5.896642208099365234e-01
-1.070035025477409363e-01
4.311734437942504883e-01
6.377738714218139648e-01
-9.660958498716354370e-02
5.121706128120422363e-01
7.767803668975830078e-01
-8.630821853876113892e-02
5.120195150375366211e-01
5.945433378219604492e-01
-1.041999533772468567e-01
4.868081808090209961e-01
6.267735958099365234e-01
-8.315554261207580566e-02
4.783706367015838623e-01
6.734390258789062500e-01
-6.771375238895416260e-02
5.522711277008056641e-01
7.963200807571411133e-01
-7.817640900611877441e-02
5.735614299774169922e-01
6.508929729461669922e-01
-9.127639979124069214e-02
5.851268172264099121e-01
5.726332664489746094e-01
-8.837101608514785767e-02
5.991737842559814453e-01
5.118781328201293945e-01
-8.635249733924865723e-02
