3.153924047946929932e-01
8.911716938018798828e-01
-4.639756241431314265e-07
2.514193654060363770e-01
7.921030521392822266e-01
-2.112641744315624237e-02
2.278377860784530640e-01
6.526696085929870605e-01
-4.249191656708717346e-02
2.168202102184295654e-01
5.365430116653442383e-01
-5.772834643721580505e-02
1.870667487382888794e-01
4.598733782768249512e-01
-6.647901237010955811e-02
2.815748751163482666e-01
6.844393014907836914e-01
-9.337859600782394409e-02
3.016403913497924805e-01
5.053503513336181641e-01
-1.201182827353477478e-01
2.914408743381500244e-01
5.539845228195190430e-01
-1.119963675737380981e-01
2.849718630313873291e-01
6.097404956817626953e-01
-1.000659912824630737e-01
3.469037115573883057e-01
7.139360904693603516e-01
-9.021256119012832642e-02
3.576498925685882568e-01
5.341601371765136719e-01
-1.147353574633598328e-01
3.425710201263427734e-01
5.767414569854736328e-01
-9.987413138151168823e-02
3.345085084438323975e-01
6.275132894515991211e-01
-8.718431740999221802e-02
4.022623300552368164e-01
7.412922382354736328e-01
-8.449375629425048828e-02
4.074827134609222412e-01
5.745095014572143555e-01
-1.013539135456085205e-01
3.911219537258148193e-01
6.110994219779968262e-01
-7.925716787576675415e-02
3.829050064086914062e-01
6.607013940811157227e-01
-6.235592067241668701e-02
4.452824890613555908e-01
7.583596110343933105e-01
-7.900200784206390381e-02
4.713053107261657715e-01
6.233679056167602539e-01
-9.240522235631942749e-02
4.905955791473388672e-01
5.514086484909057617e-01
-9.160563349723815918e-02
5.096698999404907227e-01
4.929427504539489746e-01
-9.092871099710464478e-02
