3.996090292930603027e-01
9.149852395057678223e-01
-6.322026138150249608e-07
3.497964739799499512e-01
7.939893603324890137e-01
-3.023384138941764832e-02
3.433824181556701660e-01
6.603140830993652344e-01
-5.743166059255599976e-02
3.393334746360778809e-01
5.363001227378845215e-01
-7.745778560638427734e-02
3.073441088199615479e-01
4.549182057380676270e-01
-9.081257134675979614e-02
4.363550245761871338e-01
7.035476565361022949e-01
-9.011476486921310425e-02
4.409197568893432617e-01
5.304409861564636230e-01
-1.116692051291465759e-01
4.130258560180664062e-01
5.777072310447692871e-01
-1.051469296216964722e-01
4.108155965805053711e-01
6.297127008438110352e-01
-9.692236036062240601e-02
4.964887797832489014e-01
7.328653335571289062e-01
-8.109937608242034912e-02
4.917336106300354004e-01
5.609920024871826172e-01
-1.031707376241683960e-01
4.627495706081390381e-01
5.956116914749145508e-01
-9.282045811414718628e-02
4.566652476787567139e-01
6.384714841842651367e-01
-8.526834100484848022e-02
5.405083894729614258e-01
7.629495859146118164e-01
-6.916386634111404419e-02
5.346028804779052734e-01
6.004593968391418457e-01
-8.463229238986968994e-02
5.063230991363525391e-01
6.274272203445434570e-01
-6.616082787513732910e-02
4.951677024364471436e-01
6.691235303878784180e-01
-5.272546410560607910e-02
5.707265138626098633e-01
7.830703258514404297e-01
-5.816999822854995728e-02
5.951601862907409668e-01
6.508526802062988281e-01
-6.843269616365432739e-02
6.117240190505981445e-01
5.818226933479309082e-01
-6.438633054494857788e-02
6.305931806564331055e-01
5.286178588867187500e-01
-6.145228818058967590e-02
