3.651971220970153809e-01
7.364923357963562012e-01
-7.849921530578285456e-07
4.282124340534210205e-01
6.358795762062072754e-01
-3.220835328102111816e-02
4.654948711395263672e-01
5.084945559501647949e-01
-5.207957327365875244e-02
5.058572292327880859e-01
4.191851019859313965e-01
-7.641737163066864014e-02
5.476685762405395508e-01
3.652634620666503906e-01
-9.576889872550964355e-02
3.381687998771667480e-01
4.451327919960021973e-01
-2.829834073781967163e-02
3.440681099891662598e-01
4.075289368629455566e-01
-7.226768136024475098e-02
3.724621236324310303e-01
4.926631748676300049e-01
-9.331820905208587646e-02
3.970775008201599121e-01
5.569369792938232422e-01
-9.651968628168106079e-02
2.838779985904693604e-01
4.828076064586639404e-01
-3.218655660748481750e-02
2.969683408737182617e-01
4.480448365211486816e-01
-8.829763531684875488e-02
3.394010961055755615e-01
5.441461801528930664e-01
-1.053726300597190857e-01
3.709524571895599365e-01
6.148948073387145996e-01
-1.034901440143585205e-01
2.362760603427886963e-01
5.267776250839233398e-01
-4.239451140165328979e-02
2.399796396493911743e-01
4.859459698200225830e-01
-9.565128386020660400e-02
2.916465997695922852e-01
5.625286698341369629e-01
-1.015507578849792480e-01
3.297935724258422852e-01
6.246866583824157715e-01
-8.825184404850006104e-02
1.940675675868988037e-01
5.725475549697875977e-01
-5.538424476981163025e-02
1.341312676668167114e-01
4.872739911079406738e-01
-8.053638786077499390e-02
9.382641315460205078e-02
4.311191737651824951e-01
-8.597306162118911743e-02
5.987665057182312012e-02
3.776404559612274170e-01
-8.337182551622390747e-02
