2.760066092014312744e-01
9.042940735816955566e-01
-4.523437553416442825e-07
2.132740914821624756e-01
8.043038845062255859e-01
-1.821780577301979065e-02
1.875732839107513428e-01
6.627342104911804199e-01
-3.712951764464378357e-02
1.731241643428802490e-01
5.470401048660278320e-01
-4.980917274951934814e-02
1.439535915851593018e-01
4.707409143447875977e-01
-5.541466549038887024e-02
2.271116673946380615e-01
6.965016126632690430e-01
-9.553840756416320801e-02
2.542396783828735352e-01
5.123255252838134766e-01
-1.235359385609626770e-01
2.497918903827667236e-01
5.583032965660095215e-01
-1.124791726469993591e-01
2.436880469322204590e-01
6.161944270133972168e-01
-9.702772647142410278e-02
2.945050299167633057e-01
7.260416150093078613e-01
-9.322838485240936279e-02
3.120044469833374023e-01
5.365813374519348145e-01
-1.178309768438339233e-01
3.002634346485137939e-01
5.783228874206542969e-01
-9.840527176856994629e-02
2.930810749530792236e-01
6.287308931350708008e-01
-8.194670081138610840e-02
3.540937304496765137e-01
7.512737512588500977e-01
-8.835969120264053345e-02
3.633312880992889404e-01
5.718784928321838379e-01
-1.055155992507934570e-01
3.501363396644592285e-01
6.074973344802856445e-01
-7.981547713279724121e-02
3.435903787612915039e-01
6.570153236389160156e-01
-5.989285185933113098e-02
4.017835259437561035e-01
7.654708027839660645e-01
-8.355350047349929810e-02
4.247156083583831787e-01
6.189041137695312500e-01
-9.769219160079956055e-02
4.417396485805511475e-01
5.443297624588012695e-01
-9.610555320978164673e-02
4.593813717365264893e-01
4.854716062545776367e-01
-9.431817382574081421e-02
