3.631001114845275879e-01
9.113542437553405762e-01
-5.816662564939178992e-07
3.091410994529724121e-01
7.924836277961730957e-01
-1.912288926541805267e-02
2.998664975166320801e-01
6.566724777221679688e-01
-4.007026553153991699e-02
2.948184907436370850e-01
5.449844598770141602e-01
-5.825084820389747620e-02
2.619560956954956055e-01
4.733906984329223633e-01
-7.118015736341476440e-02
3.675139546394348145e-01
6.995921134948730469e-01
-6.862913817167282104e-02
3.901973068714141846e-01
5.325350761413574219e-01
-9.649264812469482422e-02
3.698619604110717773e-01
5.815117359161376953e-01
-9.692821651697158813e-02
3.662629127502441406e-01
6.313165426254272461e-01
-9.138253331184387207e-02
4.292109310626983643e-01
7.385908365249633789e-01
-6.862525641918182373e-02
4.435564875602722168e-01
5.688716769218444824e-01
-9.618745744228363037e-02
4.215058386325836182e-01
6.064344048500061035e-01
-9.099907428026199341e-02
4.130648970603942871e-01
6.520589590072631836e-01
-8.385113626718521118e-02
4.794596731662750244e-01
7.723329067230224609e-01
-6.732495874166488647e-02
4.910253882408142090e-01
6.080878973007202148e-01
-8.745673298835754395e-02
4.685065746307373047e-01
6.420302391052246094e-01
-7.201831042766571045e-02
4.582470357418060303e-01
6.895389556884765625e-01
-5.779960006475448608e-02
5.175055265426635742e-01
7.929968833923339844e-01
-6.647688150405883789e-02
5.461098551750183105e-01
6.609599590301513672e-01
-7.691720873117446899e-02
5.653896331787109375e-01
5.928773880004882812e-01
-7.359443604946136475e-02
5.869925022125244141e-01
5.407065749168395996e-01
-7.063736021518707275e-02
