3.799940049648284912e-01
9.011406302452087402e-01
-6.376234296112670563e-07
4.374717175960540771e-01
8.102067708969116211e-01
-2.216625958681106567e-02
4.727010726928710938e-01
6.811255216598510742e-01
-3.743458539247512817e-02
5.135156512260437012e-01
5.982388854026794434e-01
-5.684620887041091919e-02
5.696713924407958984e-01
5.560235977172851562e-01
-7.126455008983612061e-02
3.658065795898437500e-01
5.988052487373352051e-01
-1.649379730224609375e-02
4.166422188282012939e-01
5.540565848350524902e-01
-5.390205234289169312e-02
4.335451424121856689e-01
6.481489539146423340e-01
-7.029617577791213989e-02
4.349399209022521973e-01
7.081627845764160156e-01
-7.298273593187332153e-02
3.194931149482727051e-01
6.240035891532897949e-01
-2.364138886332511902e-02
3.816232681274414062e-01
5.874406695365905762e-01
-7.249500602483749390e-02
4.069774746894836426e-01
6.949217915534973145e-01
-8.355782926082611084e-02
4.106148779392242432e-01
7.598894834518432617e-01
-7.667101174592971802e-02
2.832575440406799316e-01
6.648143529891967773e-01
-3.578275442123413086e-02
3.319124281406402588e-01
6.219548583030700684e-01
-8.205115795135498047e-02
3.658728301525115967e-01
7.195272445678710938e-01
-7.855373620986938477e-02
3.756168186664581299e-01
7.837668657302856445e-01
-5.835651606321334839e-02
2.531534731388092041e-01
7.117139697074890137e-01
-4.969188943505287170e-02
2.313326150178909302e-01
6.246632337570190430e-01
-6.971678137779235840e-02
2.240788191556930542e-01
5.656312704086303711e-01
-6.654219329357147217e-02
2.168942242860794067e-01
5.067496299743652344e-01
-5.588839948177337646e-02
