7.719855904579162598e-01
8.832589387893676758e-01
-1.109991217163042165e-06
6.723657250404357910e-01
8.078040480613708496e-01
-3.769851848483085632e-02
6.054054498672485352e-01
6.618026494979858398e-01
-5.994375422596931458e-02
5.574578642845153809e-01
5.571117997169494629e-01
-8.278483152389526367e-02
4.929741024971008301e-01
4.909902215003967285e-01
-9.801846742630004883e-02
7.098870277404785156e-01
5.068269968032836914e-01
-3.660890832543373108e-02
6.537487506866455078e-01
5.348666906356811523e-01
-8.739573508501052856e-02
6.602604389190673828e-01
6.502263545989990234e-01
-1.114996597170829773e-01
6.745095252990722656e-01
7.319867014884948730e-01
-1.166925951838493347e-01
7.726756930351257324e-01
5.178392529487609863e-01
-3.983511030673980713e-02
7.141770124435424805e-01
5.725799202919006348e-01
-9.881939738988876343e-02
7.150885462760925293e-01
7.008389830589294434e-01
-1.183222457766532898e-01
7.243497371673583984e-01
7.808817625045776367e-01
-1.201683431863784790e-01
8.313896656036376953e-01
5.636876821517944336e-01
-4.941732808947563171e-02
7.832745313644409180e-01
5.921981930732727051e-01
-1.116484254598617554e-01
7.583671808242797852e-01
7.089530825614929199e-01
-1.139322668313980103e-01
7.479796409606933594e-01
7.886726856231689453e-01
-9.769841283559799194e-02
8.823370933532714844e-01
6.183747053146362305e-01
-6.117069348692893982e-02
8.964611887931823730e-01
5.116614699363708496e-01
-9.896171838045120239e-02
9.070875644683837891e-01
4.326196610927581787e-01
-1.049488335847854614e-01
9.137805104255676270e-01
3.626288771629333496e-01
-9.999907016754150391e-02
