7.648336291313171387e-01
8.331371545791625977e-01
-2.896706234878365649e-07
8.107848167419433594e-01
7.177487015724182129e-01
-9.199346415698528290e-03
8.376678824424743652e-01
5.843208432197570801e-01
-3.449438884854316711e-02
8.835116624832153320e-01
4.891659617424011230e-01
-5.694429948925971985e-02
9.465062022209167480e-01
4.465889930725097656e-01
-7.833526283502578735e-02
7.821210026741027832e-01
6.160576939582824707e-01
-9.169267117977142334e-02
7.065033912658691406e-01
4.828319251537322998e-01
-1.151862964034080505e-01
7.218211889266967773e-01
5.242135524749755859e-01
-1.165815070271492004e-01
7.486040592193603516e-01
5.648340582847595215e-01
-1.156429126858711243e-01
7.289403676986694336e-01
6.677240133285522461e-01
-9.728259593248367310e-02
6.612044572830200195e-01
5.218898057937622070e-01
-1.148744225502014160e-01
6.786541938781738281e-01
5.557161569595336914e-01
-1.040963754057884216e-01
7.015801072120666504e-01
5.964873433113098145e-01
-1.003732606768608093e-01
6.805638670921325684e-01
7.114465832710266113e-01
-9.870751947164535522e-02
6.219596862792968750e-01
5.659152865409851074e-01
-1.056543737649917603e-01
6.369702816009521484e-01
5.919890999794006348e-01
-8.639735728502273560e-02
6.580827832221984863e-01
6.337472796440124512e-01
-7.793861627578735352e-02
6.380120515823364258e-01
7.409254312515258789e-01
-1.004616618156433105e-01
5.745512843132019043e-01
6.283462047576904297e-01
-1.055279821157455444e-01
5.421946048736572266e-01
5.620276331901550293e-01
-1.037203297019004822e-01
5.173879861831665039e-01
5.117496252059936523e-01
-1.072469651699066162e-01
