5.798498988151550293e-01
7.116621732711791992e-01
-1.745611939441005234e-07
6.048428416252136230e-01
5.840989947319030762e-01
-7.994019426405429840e-03
6.102656722068786621e-01
4.726661443710327148e-01
-2.425586991012096405e-02
6.304774284362792969e-01
3.755006194114685059e-01
-3.720564022660255432e-02
6.640236377716064453e-01
3.176181912422180176e-01
-4.695223644375801086e-02
5.132297277450561523e-01
4.834449291229248047e-01
-5.172206833958625793e-02
4.950321912765502930e-01
3.800877928733825684e-01
-5.988994240760803223e-02
5.217384099960327148e-01
4.161157310009002686e-01
-5.763389170169830322e-02
5.358971357345581055e-01
4.606142342090606689e-01
-5.428107082843780518e-02
4.648996591567993164e-01
5.234294533729553223e-01
-5.067585408687591553e-02
4.568035602569580078e-01
4.193255901336669922e-01
-4.630426689982414246e-02
4.835730791091918945e-01
4.455289542675018311e-01
-3.424755483865737915e-02
4.962226748466491699e-01
4.772104918956756592e-01
-3.134873509407043457e-02
4.316393136978149414e-01
5.655306577682495117e-01
-4.685797169804573059e-02
4.239422082901000977e-01
4.614960253238677979e-01
-4.215927794575691223e-02
4.472172856330871582e-01
4.768786132335662842e-01
-3.214878588914871216e-02
4.586619138717651367e-01
5.099005699157714844e-01
-3.008373454213142395e-02
4.112550020217895508e-01
5.998662114143371582e-01
-4.265509918332099915e-02
3.610554039478302002e-01
4.992126524448394775e-01
-4.038682207465171814e-02
3.375887274742126465e-01
4.408270120620727539e-01
-3.679808601737022400e-02
3.180080056190490723e-01
3.973580002784729004e-01
-3.668966516852378845e-02
