6.491606831550598145e-01
7.210291028022766113e-01
-1.562958829026683816e-07
6.932981610298156738e-01
6.041494607925415039e-01
-5.998870823532342911e-03
7.123779058456420898e-01
4.898249804973602295e-01
-2.353932149708271027e-02
7.387803792953491211e-01
3.916793763637542725e-01
-3.821611031889915466e-02
7.798682451248168945e-01
3.350029885768890381e-01
-5.042796209454536438e-02
6.340660452842712402e-01
4.857452511787414551e-01
-5.921250954270362854e-02
6.088647842407226562e-01
3.688455224037170410e-01
-6.998022645711898804e-02
6.282770037651062012e-01
4.088208675384521484e-01
-6.799370795488357544e-02
6.374744176864624023e-01
4.514730274677276611e-01
-6.472352147102355957e-02
5.810454487800598145e-01
5.161700844764709473e-01
-6.058271974325180054e-02
5.660332441329956055e-01
3.988859057426452637e-01
-6.018235161900520325e-02
5.873319506645202637e-01
4.292667806148529053e-01
-4.734661430120468140e-02
5.967326164245605469e-01
4.616248607635498047e-01
-4.332839697599411011e-02
5.370932817459106445e-01
5.516818761825561523e-01
-5.871617421507835388e-02
5.266376137733459473e-01
4.348509013652801514e-01
-5.589979887008666992e-02
5.464383959770202637e-01
4.534237086772918701e-01
-4.219238460063934326e-02
5.557412505149841309e-01
4.872515797615051270e-01
-3.783192485570907593e-02
5.027467608451843262e-01
5.813277959823608398e-01
-5.646171420812606812e-02
4.647617638111114502e-01
4.692910313606262207e-01
-5.674865841865539551e-02
4.476986527442932129e-01
4.023073911666870117e-01
-5.447522923350334167e-02
4.318284392356872559e-01
3.501660823822021484e-01
-5.574040487408638000e-02
