5.650920867919921875e-01
7.461241483688354492e-01
-1.036136652032837446e-07
5.976609587669372559e-01
6.329479813575744629e-01
-1.394848991185426712e-02
6.081108450889587402e-01
5.307101011276245117e-01
-3.380802273750305176e-02
6.294128894805908203e-01
4.366725087165832520e-01
-4.833396524190902710e-02
6.656574010848999023e-01
3.782766461372375488e-01
-5.842742323875427246e-02
5.122733116149902344e-01
5.373208522796630859e-01
-5.948840454220771790e-02
5.110672712326049805e-01
4.230713844299316406e-01
-6.740930676460266113e-02
5.340117812156677246e-01
4.564343690872192383e-01
-6.280910223722457886e-02
5.422942042350769043e-01
4.989297389984130859e-01
-5.841237306594848633e-02
4.628939032554626465e-01
5.664944648742675781e-01
-5.546862632036209106e-02
4.704177081584930420e-01
4.508076012134552002e-01
-5.320191383361816406e-02
4.957411289215087891e-01
4.752066731452941895e-01
-3.962161391973495483e-02
5.047848820686340332e-01
5.076946020126342773e-01
-3.513597697019577026e-02
4.290480017662048340e-01
5.974219441413879395e-01
-4.885326325893402100e-02
4.334578514099121094e-01
4.872594773769378662e-01
-4.485710710287094116e-02
4.570073783397674561e-01
5.015584230422973633e-01
-3.357846289873123169e-02
4.659941792488098145e-01
5.347636938095092773e-01
-3.078073635697364807e-02
4.088700711727142334e-01
6.207911968231201172e-01
-4.244413971900939941e-02
3.724980354309082031e-01
5.199793577194213867e-01
-4.178305342793464661e-02
3.551800549030303955e-01
4.597886800765991211e-01
-3.987405821681022644e-02
3.385547399520874023e-01
4.147110283374786377e-01
-4.104976356029510498e-02
