6.247149109840393066e-01
7.311697006225585938e-01
-8.212177959876498790e-08
6.669769883155822754e-01
5.995962023735046387e-01
-1.434734091162681580e-02
6.848856210708618164e-01
4.722590744495391846e-01
-3.748310357332229614e-02
7.103878259658813477e-01
3.565664291381835938e-01
-5.557794123888015747e-02
7.558054327964782715e-01
2.862232923507690430e-01
-7.014009356498718262e-02
5.912417173385620117e-01
4.714383482933044434e-01
-7.215071469545364380e-02
5.657869577407836914e-01
3.392427563667297363e-01
-8.488059043884277344e-02
5.898906588554382324e-01
3.774375021457672119e-01
-8.111707866191864014e-02
6.036568284034729004e-01
4.227631688117980957e-01
-7.556764036417007446e-02
5.313572287559509277e-01
5.082369446754455566e-01
-7.004114240407943726e-02
5.142230987548828125e-01
3.696861863136291504e-01
-7.302042841911315918e-02
5.404756665229797363e-01
4.002075195312500000e-01
-5.918167158961296082e-02
5.547882318496704102e-01
4.411140680313110352e-01
-5.270050093531608582e-02
4.852462410926818848e-01
5.497181415557861328e-01
-6.468755751848220825e-02
4.701254665851593018e-01
4.169723689556121826e-01
-6.367217004299163818e-02
4.956110119819641113e-01
4.355625510215759277e-01
-4.950178787112236023e-02
5.097182393074035645e-01
4.731003940105438232e-01
-4.355389252305030823e-02
4.526514410972595215e-01
5.845947265625000000e-01
-5.935943499207496643e-02
4.075216054916381836e-01
4.593232274055480957e-01
-5.890767276287078857e-02
3.897283077239990234e-01
3.842928409576416016e-01
-5.574773997068405151e-02
3.741120696067810059e-01
3.252066671848297119e-01
-5.595884844660758972e-02
