6.138310432434082031e-01
7.111492156982421875e-01
-8.308690269132057438e-08
6.454398036003112793e-01
6.052589416503906250e-01
-9.019221179187297821e-03
6.581157445907592773e-01
5.056043863296508789e-01
-2.552446350455284119e-02
6.788862943649291992e-01
4.179088473320007324e-01
-3.826851770281791687e-02
7.136616110801696777e-01
3.637068271636962891e-01
-4.749588668346405029e-02
5.747447609901428223e-01
5.079793334007263184e-01
-5.009067803621292114e-02
5.695195794105529785e-01
4.027512669563293457e-01
-5.732288584113121033e-02
5.921415090560913086e-01
4.371888637542724609e-01
-5.348236486315727234e-02
6.012983322143554688e-01
4.737565815448760986e-01
-4.936511814594268799e-02
5.286711454391479492e-01
5.335308909416198730e-01
-4.881671071052551270e-02
5.322721600532531738e-01
4.214645922183990479e-01
-4.787405207753181458e-02
5.560007095336914062e-01
4.472057521343231201e-01
-3.631644695997238159e-02
5.650670528411865234e-01
4.772668182849884033e-01
-3.176869451999664307e-02
4.943403005599975586e-01
5.618764162063598633e-01
-4.492571577429771423e-02
4.979275166988372803e-01
4.532070755958557129e-01
-4.111293330788612366e-02
5.204340219497680664e-01
4.664162397384643555e-01
-3.040536120533943176e-02
5.297306180000305176e-01
4.953610599040985107e-01
-2.705879509449005127e-02
4.715713560581207275e-01
5.855729579925537109e-01
-4.093528538942337036e-02
4.404793381690979004e-01
4.868419468402862549e-01
-3.823654353618621826e-02
4.288848638534545898e-01
4.288907945156097412e-01
-3.462912514805793762e-02
4.186892509460449219e-01
3.848827481269836426e-01
-3.436600416898727417e-02
