3.251181542873382568e-01
7.628186941146850586e-01
-7.285964898073871154e-07
3.891171813011169434e-01
6.600167751312255859e-01
-1.478625112213194370e-03
4.216991066932678223e-01
5.381179451942443848e-01
-1.038846932351589203e-02
4.572558701038360596e-01
4.579194188117980957e-01
-2.467870712280273438e-02
4.980049729347229004e-01
3.983191847801208496e-01
-3.594573959708213806e-02
3.107782006263732910e-01
4.381951093673706055e-01
-1.800297759473323822e-02
3.903630971908569336e-01
4.100611805915832520e-01
-4.996921122074127197e-02
4.245755672454833984e-01
5.008434057235717773e-01
-6.008146703243255615e-02
4.382680058479309082e-01
5.640643835067749023e-01
-5.807146430015563965e-02
2.675679326057434082e-01
4.650365412235260010e-01
-3.444207832217216492e-02
3.615233898162841797e-01
4.415878653526306152e-01
-7.803791761398315430e-02
4.053185284137725830e-01
5.366120934486389160e-01
-8.699045330286026001e-02
4.240854382514953613e-01
6.049105525016784668e-01
-8.150720596313476562e-02
2.348827719688415527e-01
5.136798620223999023e-01
-5.290606990456581116e-02
3.179209530353546143e-01
4.736160039901733398e-01
-1.001530289649963379e-01
3.771040439605712891e-01
5.455551147460937500e-01
-1.054159700870513916e-01
4.069303274154663086e-01
6.007974147796630859e-01
-9.386801719665527344e-02
2.122322469949722290e-01
5.733569264411926270e-01
-6.961675733327865601e-02
1.922704875469207764e-01
4.849450886249542236e-01
-9.613896161317825317e-02
1.733904182910919189e-01
4.235458672046661377e-01
-1.015991121530532837e-01
1.568838655948638916e-01
3.660812973976135254e-01
-9.880641847848892212e-02
