5.441642403602600098e-01
7.236104607582092285e-01
-1.035229146850724646e-07
5.741312503814697266e-01
6.153854727745056152e-01
-1.537003833800554276e-02
5.820102691650390625e-01
5.177167057991027832e-01
-3.486232087016105652e-02
5.988875031471252441e-01
4.251059889793395996e-01
-4.772251844406127930e-02
6.294978857040405273e-01
3.652232885360717773e-01
-5.601407960057258606e-02
4.917090833187103271e-01
5.248831510543823242e-01
-6.539569050073623657e-02
4.867401123046875000e-01
4.154233336448669434e-01
-7.107462733983993530e-02
5.116649270057678223e-01
4.453796744346618652e-01
-6.240706518292427063e-02
5.226556062698364258e-01
4.866836667060852051e-01
-5.505060404539108276e-02
4.444011747837066650e-01
5.540232062339782715e-01
-5.931544676423072815e-02
4.484510719776153564e-01
4.419462084770202637e-01
-5.536550283432006836e-02
4.759279191493988037e-01
4.658822417259216309e-01
-3.924762457609176636e-02
4.858331978321075439e-01
4.969222545623779297e-01
-3.311589360237121582e-02
4.119665622711181641e-01
5.849546194076538086e-01
-5.019614100456237793e-02
4.140732586383819580e-01
4.795686900615692139e-01
-4.454479366540908813e-02
4.379954636096954346e-01
4.923240542411804199e-01
-3.214759752154350281e-02
4.474902153015136719e-01
5.237176418304443359e-01
-2.919545397162437439e-02
3.922423124313354492e-01
6.093582510948181152e-01
-4.120477288961410522e-02
3.546262383460998535e-01
5.117386579513549805e-01
-4.059141129255294800e-02
3.391019403934478760e-01
4.533439278602600098e-01
-3.872463479638099670e-02
3.245041370391845703e-01
4.095226824283599854e-01
-4.001642018556594849e-02
