5.814599990844726562e-01
7.245299816131591797e-01
-1.282700310412110412e-07
6.189591884613037109e-01
5.986977815628051758e-01
-1.278775092214345932e-02
6.330218911170959473e-01
4.847460091114044189e-01
-3.237216547131538391e-02
6.578368544578552246e-01
3.799649477005004883e-01
-4.535876214504241943e-02
6.971573233604431152e-01
3.155781328678131104e-01
-5.386841669678688049e-02
5.379451513290405273e-01
4.938910007476806641e-01
-7.577212154865264893e-02
5.227091908454895020e-01
3.651242852210998535e-01
-8.277483284473419189e-02
5.498415827751159668e-01
4.002423286437988281e-01
-7.104171812534332275e-02
5.638887882232666016e-01
4.461210370063781738e-01
-6.101920455694198608e-02
4.822745919227600098e-01
5.268097519874572754e-01
-7.110528647899627686e-02
4.759110808372497559e-01
3.924548327922821045e-01
-6.943917274475097656e-02
5.045772194862365723e-01
4.218523204326629639e-01
-4.945033788681030273e-02
5.183188915252685547e-01
4.594562649726867676e-01
-4.043256863951683044e-02
4.413812756538391113e-01
5.632426738739013672e-01
-6.267609447240829468e-02
4.353122413158416748e-01
4.361883699893951416e-01
-5.883316695690155029e-02
4.613435864448547363e-01
4.511812031269073486e-01
-4.401144385337829590e-02
4.739144444465637207e-01
4.855135083198547363e-01
-3.951274603605270386e-02
4.143100380897521973e-01
5.928957462310791016e-01
-5.387110263109207153e-02
3.737655878067016602e-01
4.745674431324005127e-01
-5.595787614583969116e-02
3.555060327053070068e-01
4.050988554954528809e-01
-5.617447197437286377e-02
3.381576538085937500e-01
3.518069684505462646e-01
-5.945750325918197632e-02
