5.904409289360046387e-01
7.199170589447021484e-01
-8.318883004676536075e-08
6.241708397865295410e-01
6.148843765258789062e-01
-1.622806675732135773e-02
6.377176642417907715e-01
5.156354308128356934e-01
-3.705562278628349304e-02
6.593260169029235840e-01
4.240645766258239746e-01
-5.248745903372764587e-02
6.941842436790466309e-01
3.659240007400512695e-01
-6.342765688896179199e-02
5.499210953712463379e-01
5.211594700813293457e-01
-6.209727004170417786e-02
5.455268621444702148e-01
4.051501750946044922e-01
-7.377675175666809082e-02
5.690162777900695801e-01
4.412058591842651367e-01
-7.095564156770706177e-02
5.786558985710144043e-01
4.816344082355499268e-01
-6.722585111856460571e-02
5.014540553092956543e-01
5.458482503890991211e-01
-5.802270770072937012e-02
5.055091381072998047e-01
4.250259995460510254e-01
-6.105396151542663574e-02
5.311317443847656250e-01
4.515963792800903320e-01
-4.860314354300498962e-02
5.412268638610839844e-01
4.833475947380065918e-01
-4.349631816148757935e-02
4.664038717746734619e-01
5.731464028358459473e-01
-5.205776542425155640e-02
4.702874422073364258e-01
4.574325382709503174e-01
-5.191370472311973572e-02
4.948071539402008057e-01
4.704196453094482422e-01
-4.082539305090904236e-02
5.052965283393859863e-01
5.001822710037231445e-01
-3.714248165488243103e-02
4.437336623668670654e-01
5.948474407196044922e-01
-4.661373421549797058e-02
4.130551218986511230e-01
4.921771287918090820e-01
-4.843494296073913574e-02
3.991819322109222412e-01
4.303785264492034912e-01
-4.810811206698417664e-02
3.855184316635131836e-01
3.822852671146392822e-01
-5.020837113261222839e-02
