4.038797616958618164e-01
8.838011622428894043e-01
-5.866376113772275858e-07
3.615598082542419434e-01
7.656977772712707520e-01
-2.979139052331447601e-02
3.624165654182434082e-01
6.393338441848754883e-01
-5.808626860380172729e-02
3.673473894596099854e-01
5.212961435317993164e-01
-7.953234761953353882e-02
3.448212146759033203e-01
4.376617670059204102e-01
-9.410056471824645996e-02
4.396604001522064209e-01
6.999917626380920410e-01
-9.592820703983306885e-02
4.607046246528625488e-01
5.206133723258972168e-01
-1.224411427974700928e-01
4.341221749782562256e-01
5.630976557731628418e-01
-1.170439124107360840e-01
4.285989105701446533e-01
6.161072254180908203e-01
-1.081265509128570557e-01
4.980204701423645020e-01
7.348899841308593750e-01
-8.845871686935424805e-02
5.083515644073486328e-01
5.574797391891479492e-01
-1.144330799579620361e-01
4.806205928325653076e-01
5.884423255920410156e-01
-1.031637564301490784e-01
4.728761613368988037e-01
6.317670345306396484e-01
-9.377663582563400269e-02
5.422496795654296875e-01
7.663457989692687988e-01
-7.851959764957427979e-02
5.510939955711364746e-01
5.983653664588928223e-01
-9.679298847913742065e-02
5.221756696701049805e-01
6.231655478477478027e-01
-7.645510137081146240e-02
5.093360543251037598e-01
6.646372079849243164e-01
-6.090086326003074646e-02
5.737253427505493164e-01
7.849186062812805176e-01
-6.967128813266754150e-02
6.094709634780883789e-01
6.577810645103454590e-01
-8.207870274782180786e-02
6.334118247032165527e-01
5.930483937263488770e-01
-7.841278612613677979e-02
6.583273410797119141e-01
5.436910986900329590e-01
-7.516304403543472290e-02
