3.600031137466430664e-01
8.109857439994812012e-01
-4.846276056014175992e-07
3.090124130249023438e-01
7.049564719200134277e-01
-1.914128102362155914e-02
3.020628690719604492e-01
5.739884376525878906e-01
-3.842272982001304626e-02
3.019434511661529541e-01
4.644677639007568359e-01
-5.363677442073822021e-02
2.782846689224243164e-01
3.892324864864349365e-01
-6.377631425857543945e-02
3.572658002376556396e-01
6.032286882400512695e-01
-7.344564050436019897e-02
3.813380300998687744e-01
4.424949884414672852e-01
-9.957998245954513550e-02
3.649161756038665771e-01
4.852733314037322998e-01
-9.708032757043838501e-02
3.576295077800750732e-01
5.336462259292602539e-01
-8.927470445632934570e-02
4.162460863590240479e-01
6.378762125968933105e-01
-7.195930182933807373e-02
4.344604015350341797e-01
4.720898270606994629e-01
-9.682948887348175049e-02
4.137026369571685791e-01
5.105734467506408691e-01
-8.882439881563186646e-02
4.052129685878753662e-01
5.561079978942871094e-01
-7.982637733221054077e-02
4.657815098762512207e-01
6.722673773765563965e-01
-6.887933611869812012e-02
4.769863188266754150e-01
5.153883695602416992e-01
-8.670549094676971436e-02
4.553546905517578125e-01
5.482759475708007812e-01
-7.061679661273956299e-02
4.450023472309112549e-01
5.935928821563720703e-01
-5.648225173354148865e-02
5.042409896850585938e-01
6.972708106040954590e-01
-6.612231582403182983e-02
5.363761782646179199e-01
5.703709721565246582e-01
-7.838606089353561401e-02
5.571640133857727051e-01
5.019471645355224609e-01
-7.760617882013320923e-02
5.776129961013793945e-01
4.500126540660858154e-01
-7.601902633905410767e-02
