2.761627733707427979e-01
8.586862087249755859e-01
-3.911722785687743453e-07
2.228058278560638428e-01
7.619075775146484375e-01
-1.982796750962734222e-02
2.042859494686126709e-01
6.210728883743286133e-01
-3.840642049908638000e-02
2.000096440315246582e-01
5.094646215438842773e-01
-5.099822208285331726e-02
1.748104244470596313e-01
4.348360896110534668e-01
-5.652468279004096985e-02
2.349527776241302490e-01
6.660704612731933594e-01
-9.324467182159423828e-02
2.726467847824096680e-01
4.939849376678466797e-01
-1.250628978013992310e-01
2.657050192356109619e-01
5.399795770645141602e-01
-1.199492067098617554e-01
2.569560706615447998e-01
5.944565534591674805e-01
-1.087218075990676880e-01
2.965872883796691895e-01
7.033005952835083008e-01
-9.106816351413726807e-02
3.268378973007202148e-01
5.198742151260375977e-01
-1.206115409731864929e-01
3.137888014316558838e-01
5.596171021461486816e-01
-1.050509363412857056e-01
3.042187392711639404e-01
6.091212034225463867e-01
-9.022597223520278931e-02
3.507675826549530029e-01
7.325028777122497559e-01
-8.720745891332626343e-02
3.726972043514251709e-01
5.577297210693359375e-01
-1.080576404929161072e-01
3.584514856338500977e-01
5.934810042381286621e-01
-8.400613814592361450e-02
3.495396375656127930e-01
6.438731551170349121e-01
-6.410440802574157715e-02
3.941574990749359131e-01
7.481120228767395020e-01
-8.381606638431549072e-02
4.301444590091705322e-01
6.100458502769470215e-01
-1.009648740291595459e-01
4.517920017242431641e-01
5.384750962257385254e-01
-1.013812795281410217e-01
4.717660546302795410e-01
4.830891489982604980e-01
-1.006271243095397949e-01
