2.493149936199188232e-01
6.991363167762756348e-01
-2.326545285313841305e-07
1.985872536897659302e-01
5.998091697692871094e-01
-1.098910905420780182e-02
1.485678404569625854e-01
4.656418561935424805e-01
-3.664885088801383972e-02
9.843994677066802979e-02
3.777418136596679688e-01
-6.121093779802322388e-02
3.900310397148132324e-02
3.357163071632385254e-01
-8.070544153451919556e-02
1.757986098527908325e-01
4.385393857955932617e-01
-7.803555577993392944e-02
2.785725891590118408e-01
3.163708448410034180e-01
-1.117586344480514526e-01
2.829313278198242188e-01
3.668445050716400146e-01
-1.156481653451919556e-01
2.573230564594268799e-01
4.076980948448181152e-01
-1.151223555207252502e-01
2.215157449245452881e-01
4.856746494770050049e-01
-8.921516686677932739e-02
3.217609524726867676e-01
3.639002144336700439e-01
-1.153611615300178528e-01
3.226868510246276855e-01
4.133119583129882812e-01
-1.047805547714233398e-01
3.000856041908264160e-01
4.502921700477600098e-01
-9.944345057010650635e-02
2.751561999320983887e-01
5.289254784584045410e-01
-9.880797564983367920e-02
3.636663258075714111e-01
4.033980369567871094e-01
-1.200308278203010559e-01
3.638959228992462158e-01
4.456907808780670166e-01
-9.834833443164825439e-02
3.411187231540679932e-01
4.838139414787292480e-01
-8.413281291723251343e-02
3.314019441604614258e-01
5.649579763412475586e-01
-1.083448678255081177e-01
3.962075114250183105e-01
4.494806230068206787e-01
-1.220099851489067078e-01
4.367834031581878662e-01
3.906467556953430176e-01
-1.150817498564720154e-01
4.654777646064758301e-01
3.344332575798034668e-01
-1.104470342397689819e-01
