2.598586976528167725e-01
8.067297935485839844e-01
-8.165420126715616789e-07
3.259079158306121826e-01
6.982574462890625000e-01
-5.635320208966732025e-03
3.376781046390533447e-01
5.509747862815856934e-01
-1.407099305652081966e-03
3.473840355873107910e-01
4.537114500999450684e-01
-4.785226192325353622e-03
3.752199113368988037e-01
3.949756324291229248e-01
-4.338580649346113205e-03
2.539324462413787842e-01
5.056989789009094238e-01
1.127575244754552841e-02
2.714498341083526611e-01
4.384942650794982910e-01
-1.785042881965637207e-02
2.830275893211364746e-01
5.297089815139770508e-01
-2.798623032867908478e-02
2.855221331119537354e-01
5.984068512916564941e-01
-2.528928592801094055e-02
2.061498165130615234e-01
5.289519429206848145e-01
1.367225893773138523e-03
2.269187271595001221e-01
4.719139337539672852e-01
-4.294968023896217346e-02
2.498390674591064453e-01
5.783922672271728516e-01
-5.256177857518196106e-02
2.572689950466156006e-01
6.522651910781860352e-01
-4.458020254969596863e-02
1.574862897396087646e-01
5.604044795036315918e-01
-1.383915729820728302e-02
1.713105440139770508e-01
4.955211579799652100e-01
-5.733264982700347900e-02
2.092508673667907715e-01
5.916821956634521484e-01
-5.449438840150833130e-02
2.276793569326400757e-01
6.659250259399414062e-01
-3.591886907815933228e-02
1.074912697076797485e-01
5.976095795631408691e-01
-2.939385548233985901e-02
6.765317916870117188e-02
5.045122504234313965e-01
-4.950702190399169922e-02
4.617585241794586182e-02
4.414607286453247070e-01
-5.059047415852546692e-02
2.638484537601470947e-02
3.776246309280395508e-01
-4.484867304563522339e-02
