7.684877514839172363e-01
9.066228270530700684e-01
-4.264474569026788231e-07
8.470757603645324707e-01
7.944335341453552246e-01
8.162830490618944168e-04
9.135119915008544922e-01
6.515895724296569824e-01
-2.448077686131000519e-02
9.800584912300109863e-01
5.629863142967224121e-01
-4.764010012149810791e-02
1.051578521728515625e+00
5.468428730964660645e-01
-7.011092454195022583e-02
8.622350692749023438e-01
6.639686226844787598e-01
-1.057324558496475220e-01
8.318124413490295410e-01
4.718200564384460449e-01
-1.254897862672805786e-01
8.264737725257873535e-01
5.213336348533630371e-01
-1.159881725907325745e-01
8.392040133476257324e-01
5.750460624694824219e-01
-1.082288324832916260e-01
7.868578433990478516e-01
6.906054019927978516e-01
-1.168368235230445862e-01
7.683243751525878906e-01
4.830262362957000732e-01
-1.377946585416793823e-01
7.689742445945739746e-01
5.368754863739013672e-01
-1.214797720313072205e-01
7.779753208160400391e-01
5.991475582122802734e-01
-1.131112650036811829e-01
7.160652875900268555e-01
7.076840996742248535e-01
-1.211171373724937439e-01
6.992219686508178711e-01
5.076730847358703613e-01
-1.327436119318008423e-01
7.051110863685607910e-01
5.508869886398315430e-01
-1.142143830657005310e-01
7.127523422241210938e-01
6.115097999572753906e-01
-1.064233630895614624e-01
6.543868780136108398e-01
7.134935855865478516e-01
-1.232108399271965027e-01
6.000973582267761230e-01
5.597627162933349609e-01
-1.338030248880386353e-01
5.675852298736572266e-01
4.804565608501434326e-01
-1.364728957414627075e-01
5.397338867187500000e-01
4.163833260536193848e-01
-1.435717195272445679e-01
