6.136656999588012695e-01
9.169655442237854004e-01
-2.252590860507552861e-07
6.630471348762512207e-01
7.868574857711791992e-01
-2.434013038873672485e-02
6.911221146583557129e-01
6.434490680694580078e-01
-6.382138282060623169e-02
7.408270835876464844e-01
5.345381498336791992e-01
-9.644862264394760132e-02
8.123599886894226074e-01
4.832991361618041992e-01
-1.231740638613700867e-01
6.046409606933593750e-01
7.054174542427062988e-01
-1.302070021629333496e-01
5.513941645622253418e-01
5.119289159774780273e-01
-1.624584048986434937e-01
5.762014985084533691e-01
5.622003674507141113e-01
-1.570856869220733643e-01
5.970844626426696777e-01
6.162435412406921387e-01
-1.485061496496200562e-01
5.348536372184753418e-01
7.555499672889709473e-01
-1.280182003974914551e-01
4.935411214828491211e-01
5.450366735458374023e-01
-1.564058512449264526e-01
5.217389464378356934e-01
5.852769017219543457e-01
-1.391596943140029907e-01
5.443471074104309082e-01
6.373739838600158691e-01
-1.286565810441970825e-01
4.749206006526947021e-01
7.902725934982299805e-01
-1.213917732238769531e-01
4.410984814167022705e-01
5.829879045486450195e-01
-1.353920996189117432e-01
4.675080180168151855e-01
6.082784533500671387e-01
-1.158325746655464172e-01
4.846508502960205078e-01
6.609968543052673340e-01
-1.055894196033477783e-01
4.284356832504272461e-01
8.027188777923583984e-01
-1.155985891819000244e-01
3.541737198829650879e-01
6.612412333488464355e-01
-1.251217573881149292e-01
3.090344071388244629e-01
5.787378549575805664e-01
-1.297321468591690063e-01
2.693669497966766357e-01
5.161213278770446777e-01
-1.376054883003234863e-01
