6.123263835906982422e-01
8.697313070297241211e-01
-9.841365908869192936e-07
5.631465911865234375e-01
7.622658610343933105e-01
-1.133578084409236908e-02
5.493032932281494141e-01
6.083518862724304199e-01
-1.835815608501434326e-02
5.323147773742675781e-01
5.062267184257507324e-01
-3.227403014898300171e-02
4.984995722770690918e-01
4.358712434768676758e-01
-3.937618806958198547e-02
6.588718891143798828e-01
5.442076325416564941e-01
9.401935152709484100e-03
6.059269905090332031e-01
4.661378860473632812e-01
-2.964990027248859406e-02
5.760393142700195312e-01
5.616776943206787109e-01
-4.890260100364685059e-02
5.804051160812377930e-01
6.248374581336975098e-01
-5.400228500366210938e-02
6.922400593757629395e-01
5.729286670684814453e-01
-6.241582450456917286e-04
6.313769817352294922e-01
5.046246051788330078e-01
-5.354860424995422363e-02
5.977155566215515137e-01
6.128664016723632812e-01
-6.700892746448516846e-02
5.950285792350769043e-01
6.799640655517578125e-01
-6.312558799982070923e-02
7.231398224830627441e-01
6.183632016181945801e-01
-1.687795482575893402e-02
6.685567498207092285e-01
5.437017679214477539e-01
-6.504742801189422607e-02
6.182335615158081055e-01
6.319705843925476074e-01
-5.969227477908134460e-02
5.980831980705261230e-01
6.984755396842956543e-01
-3.974730893969535828e-02
7.509800195693969727e-01
6.682105660438537598e-01
-3.479401022195816040e-02
7.745429277420043945e-01
5.622037053108215332e-01
-6.172423809766769409e-02
7.851712107658386230e-01
4.885056018829345703e-01
-6.621264666318893433e-02
7.937300205230712891e-01
4.223581254482269287e-01
-6.160119548439979553e-02
