3.505696356296539307e-01
7.286100387573242188e-01
-2.895555155646434287e-07
4.322894811630249023e-01
6.638916730880737305e-01
-3.794696927070617676e-02
4.715228080749511719e-01
5.204031467437744141e-01
-5.103539675474166870e-02
3.985256552696228027e-01
4.304206669330596924e-01
-6.428443640470504761e-02
3.132966160774230957e-01
4.325208663940429688e-01
-7.317817211151123047e-02
4.313827157020568848e-01
3.921148180961608887e-01
-9.643272496759891510e-03
4.427914917469024658e-01
2.525014579296112061e-01
-4.501040652394294739e-02
4.445611238479614258e-01
3.127984106540679932e-01
-7.569450139999389648e-02
4.318510293960571289e-01
3.935200572013854980e-01
-9.155973792076110840e-02
3.695884943008422852e-01
3.886343240737915039e-01
-1.073936372995376587e-02
3.673472404479980469e-01
2.306442409753799438e-01
-4.289800301194190979e-02
3.817999064922332764e-01
2.983395457267761230e-01
-7.145707309246063232e-02
3.836188912391662598e-01
3.809946775436401367e-01
-8.461164683103561401e-02
3.154392540454864502e-01
4.029481410980224609e-01
-1.856271922588348389e-02
3.012573719024658203e-01
2.598705291748046875e-01
-4.364121332764625549e-02
3.277321457862854004e-01
3.066613078117370605e-01
-6.236279010772705078e-02
3.343447148799896240e-01
3.844841122627258301e-01
-6.947261840105056763e-02
2.604608833789825439e-01
4.292100965976715088e-01
-3.053096123039722443e-02
2.583827674388885498e-01
3.166031837463378906e-01
-4.454442486166954041e-02
2.851260006427764893e-01
3.371468782424926758e-01
-4.904595762491226196e-02
2.967139482498168945e-01
3.933156132698059082e-01
-5.047991499304771423e-02
