3.141247034072875977e-01
9.300714731216430664e-01
-1.743458426517463522e-07
4.003042280673980713e-01
8.184093832969665527e-01
3.465176746249198914e-02
4.387996494770050049e-01
7.288395762443542480e-01
3.069996275007724762e-02
4.627242684364318848e-01
6.779984831809997559e-01
1.293058414012193680e-02
4.685755670070648193e-01
6.590430140495300293e-01
-3.713330021128058434e-03
2.914189696311950684e-01
5.649081468582153320e-01
1.297604665160179138e-02
4.004066586494445801e-01
4.608193635940551758e-01
-1.744482293725013733e-02
4.626429080963134766e-01
5.010101199150085449e-01
-4.447082057595252991e-02
4.860914945602416992e-01
5.546333789825439453e-01
-6.003582105040550232e-02
2.825182080268859863e-01
5.834640860557556152e-01
-2.586461417376995087e-02
4.141867160797119141e-01
4.483866691589355469e-01
-4.748825728893280029e-02
4.783107638359069824e-01
5.047733783721923828e-01
-6.224845722317695618e-02
4.892210364341735840e-01
5.686464309692382812e-01
-7.163344323635101318e-02
2.974917292594909668e-01
6.206539869308471680e-01
-6.299978494644165039e-02
4.051288068294525146e-01
4.715904593467712402e-01
-7.914717495441436768e-02
4.680335223674774170e-01
5.207476019859313965e-01
-7.647536695003509521e-02
4.791598320007324219e-01
5.827530622482299805e-01
-7.281354814767837524e-02
3.273974955081939697e-01
6.702936887741088867e-01
-9.809371829032897949e-02
4.006620943546295166e-01
5.502591729164123535e-01
-1.048862859606742859e-01
4.486992061138153076e-01
5.648663640022277832e-01
-9.320094436407089233e-02
4.634587466716766357e-01
6.014904379844665527e-01
-8.389836549758911133e-02
