4.185976684093475342e-01
8.589516282081604004e-01
-7.596934779030561913e-07
3.349345922470092773e-01
7.746533751487731934e-01
3.943466022610664368e-02
3.149091303348541260e-01
6.751860976219177246e-01
6.176681071519851685e-02
3.367376923561096191e-01
6.008659601211547852e-01
7.908260077238082886e-02
3.668268620967864990e-01
5.679872632026672363e-01
9.839761257171630859e-02
3.631720840930938721e-01
5.598911046981811523e-01
2.279197983443737030e-02
3.519286513328552246e-01
4.419955015182495117e-01
4.581441730260848999e-02
3.410772979259490967e-01
4.756608605384826660e-01
7.617538422346115112e-02
3.438764512538909912e-01
5.251362323760986328e-01
9.910451620817184448e-02
4.297403097152709961e-01
5.599360466003417969e-01
1.088258717209100723e-02
4.066665470600128174e-01
4.331213831901550293e-01
2.775861509144306183e-02
3.849126994609832764e-01
4.724550247192382812e-01
5.423213168978691101e-02
3.850461244583129883e-01
5.207167267799377441e-01
7.601531594991683960e-02
4.835478365421295166e-01
5.790491700172424316e-01
4.689015913754701614e-03
4.588460326194763184e-01
4.622623622417449951e-01
1.954593323171138763e-02
4.342007935047149658e-01
4.935675561428070068e-01
4.218195006251335144e-02
4.313756525516510010e-01
5.363711118698120117e-01
5.894667655229568481e-02
5.225235819816589355e-01
6.117714047431945801e-01
3.106084885075688362e-03
4.975270628929138184e-01
5.099320411682128906e-01
2.378317900002002716e-02
4.755234420299530029e-01
5.265459418296813965e-01
4.888494312763214111e-02
4.747243225574493408e-01
5.670387744903564453e-01
6.825342029333114624e-02
