4.193508327007293701e-01
7.419405579566955566e-01
-5.840120707034657244e-07
3.492010235786437988e-01
6.656155586242675781e-01
2.568380720913410187e-02
3.416062593460083008e-01
5.761111974716186523e-01
4.171805828809738159e-02
3.706313371658325195e-01
5.243543386459350586e-01
5.271098390221595764e-02
3.999498486518859863e-01
5.128885507583618164e-01
6.370798498392105103e-02
3.888055384159088135e-01
4.665721654891967773e-01
2.485254965722560883e-02
3.901113867759704590e-01
3.956750631332397461e-01
3.945256397128105164e-02
3.845106959342956543e-01
4.280387163162231445e-01
5.134062096476554871e-02
3.841485083103179932e-01
4.673132300376892090e-01
5.918429791927337646e-02
4.460163116455078125e-01
4.733314514160156250e-01
1.323806587606668472e-02
4.409772157669067383e-01
3.940491974353790283e-01
3.257516771554946899e-02
4.253624081611633301e-01
4.232698678970336914e-01
4.481236264109611511e-02
4.212559759616851807e-01
4.621641039848327637e-01
5.202303826808929443e-02
4.913647472858428955e-01
4.994676113128662109e-01
4.410004708915948868e-03
4.843624830245971680e-01
4.221110939979553223e-01
1.915984414517879486e-02
4.644530117511749268e-01
4.446817636489868164e-01
2.789290994405746460e-02
4.578635096549987793e-01
4.776603281497955322e-01
3.161496669054031372e-02
5.228242278099060059e-01
5.356124043464660645e-01
-1.993510872125625610e-03
5.146422982215881348e-01
4.667625725269317627e-01
1.215555425733327866e-02
4.965239465236663818e-01
4.777873754501342773e-01
2.627724967896938324e-02
4.891818463802337646e-01
5.057248473167419434e-01
3.620017319917678833e-02
