4.095613956451416016e-01
8.420772552490234375e-01
-6.693172167615557555e-07
3.411031365394592285e-01
7.251520752906799316e-01
2.373806200921535492e-02
3.346385359764099121e-01
6.115158796310424805e-01
2.640007063746452332e-02
3.704297542572021484e-01
5.360780358314514160e-01
2.547705918550491333e-02
4.141159951686859131e-01
5.046268701553344727e-01
2.656613849103450775e-02
3.682208955287933350e-01
5.587134957313537598e-01
-2.436710521578788757e-02
3.811934292316436768e-01
3.913549184799194336e-01
-2.947074361145496368e-02
3.717389702796936035e-01
4.312627911567687988e-01
-1.609626971185207367e-02
3.720720708370208740e-01
4.830899536609649658e-01
-1.559490570798516273e-03
4.374098777770996094e-01
5.695477128028869629e-01
-3.860297799110412598e-02
4.403505325317382812e-01
3.918445706367492676e-01
-4.204607382416725159e-02
4.207001328468322754e-01
4.334365129470825195e-01
-2.275591902434825897e-02
4.182524085044860840e-01
4.906179308891296387e-01
-4.400154110044240952e-03
4.961918890476226807e-01
5.887143611907958984e-01
-4.746452718973159790e-02
4.923041462898254395e-01
4.268079400062561035e-01
-4.464168846607208252e-02
4.674544334411621094e-01
4.613333940505981445e-01
-2.007533609867095947e-02
4.623371362686157227e-01
5.092015266418457031e-01
-9.586491505615413189e-04
5.414720773696899414e-01
6.177335977554321289e-01
-5.322250351309776306e-02
5.279260277748107910e-01
4.807771444320678711e-01
-4.051773250102996826e-02
5.038399100303649902e-01
5.003684163093566895e-01
-1.329531148076057434e-02
5.015352964401245117e-01
5.428003072738647461e-01
8.104784414172172546e-03
