8.251991868019104004e-01
8.866441845893859863e-01
-9.222160315403016284e-07
7.610002160072326660e-01
7.561624050140380859e-01
4.772430658340454102e-02
7.561380863189697266e-01
6.620115637779235840e-01
5.130898952484130859e-02
7.345313429832458496e-01
5.921573638916015625e-01
4.206150397658348083e-02
7.078453302383422852e-01
5.381124019622802734e-01
3.021977841854095459e-02
8.904828429222106934e-01
5.687014460563659668e-01
1.221887767314910889e-02
8.082457780838012695e-01
4.292115569114685059e-01
-6.963693536818027496e-03
7.457786202430725098e-01
4.526552557945251465e-01
-1.931942813098430634e-02
7.214198112487792969e-01
4.985476136207580566e-01
-2.512045204639434814e-02
8.822475075721740723e-01
5.830186009407043457e-01
-2.425215020775794983e-02
7.983059883117675781e-01
4.153662025928497314e-01
-4.333770647644996643e-02
7.338283061981201172e-01
4.470916688442230225e-01
-4.519305750727653503e-02
7.151969671249389648e-01
5.003464221954345703e-01
-4.499831423163414001e-02
8.518167138099670410e-01
6.104471683502197266e-01
-5.662287026643753052e-02
7.736085057258605957e-01
4.427269995212554932e-01
-7.213703542947769165e-02
7.159827947616577148e-01
4.758673310279846191e-01
-5.902635306119918823e-02
7.042626738548278809e-01
5.261399149894714355e-01
-4.833570495247840881e-02
8.010159730911254883e-01
6.441316604614257812e-01
-8.463891595602035522e-02
7.392574548721313477e-01
5.087450146675109863e-01
-9.249338507652282715e-02
7.014837861061096191e-01
5.259360671043395996e-01
-7.724698632955551147e-02
6.972221732139587402e-01
5.693755149841308594e-01
-6.420677155256271362e-02
