7.272440195083618164e-01
8.538173437118530273e-01
-1.955667556785556371e-07
8.162295818328857422e-01
7.561458349227905273e-01
2.821835502982139587e-02
8.421443700790405273e-01
6.411345601081848145e-01
3.299611061811447144e-02
8.189560174942016602e-01
5.546839237213134766e-01
3.468262031674385071e-02
7.786297798156738281e-01
5.120639801025390625e-01
3.729146346449851990e-02
8.325330018997192383e-01
5.871804356575012207e-01
-1.718528941273689270e-02
8.424471020698547363e-01
4.224993288516998291e-01
-1.804446987807750702e-02
8.350304365158081055e-01
4.683042168617248535e-01
-9.132859297096729279e-03
8.287234306335449219e-01
5.231838822364807129e-01
3.596652240958064795e-04
7.621111273765563965e-01
5.689766407012939453e-01
-3.140692412853240967e-02
7.840460538864135742e-01
4.029918909072875977e-01
-1.870292052626609802e-02
7.873985767364501953e-01
4.501626789569854736e-01
7.651170599274337292e-04
7.812157869338989258e-01
5.022283792495727539e-01
1.191620342433452606e-02
6.992769837379455566e-01
5.707713365554809570e-01
-3.977466002106666565e-02
7.222710251808166504e-01
4.205706119537353516e-01
-1.940305903553962708e-02
7.357643246650695801e-01
4.641763567924499512e-01
5.363939329981803894e-03
7.342729568481445312e-01
5.106198787689208984e-01
1.575660705566406250e-02
6.489121317863464355e-01
5.869672298431396484e-01
-4.516050219535827637e-02
6.804988384246826172e-01
4.758802652359008789e-01
-2.448619715869426727e-02
6.974117755889892578e-01
5.062378048896789551e-01
2.572071040049195290e-03
6.969544291496276855e-01
5.437735915184020996e-01
1.925442926585674286e-02
