3.136385977268218994e-01
8.185808062553405762e-01
-2.295991237133421237e-07
3.826757967472076416e-01
7.376892566680908203e-01
-1.908996328711509705e-02
4.004075825214385986e-01
5.924513936042785645e-01
-2.974759042263031006e-02
3.411519825458526611e-01
5.098183155059814453e-01
-4.373727738857269287e-02
2.720591127872467041e-01
5.209974646568298340e-01
-5.349613353610038757e-02
3.357907831668853760e-01
4.931413531303405762e-01
-3.423178335651755333e-03
3.480942547321319580e-01
3.690218031406402588e-01
-4.154453054070472717e-02
3.908199667930603027e-01
4.232997000217437744e-01
-7.162533700466156006e-02
3.995190858840942383e-01
4.986245632171630859e-01
-8.459167182445526123e-02
2.938310205936431885e-01
4.931330680847167969e-01
-1.354068424552679062e-02
2.925941050052642822e-01
3.417973518371582031e-01
-4.389503225684165955e-02
3.439382016658782959e-01
3.904259800910949707e-01
-6.261729449033737183e-02
3.575335741043090820e-01
4.747740328311920166e-01
-6.806756556034088135e-02
2.545634806156158447e-01
5.137898325920104980e-01
-2.982158213853836060e-02
2.350101470947265625e-01
3.664619326591491699e-01
-5.483667179942131042e-02
2.918609082698822021e-01
3.973709940910339355e-01
-6.358813494443893433e-02
3.141863048076629639e-01
4.679692983627319336e-01
-6.302189081907272339e-02
2.132500708103179932e-01
5.474454760551452637e-01
-4.886501654982566833e-02
2.136085182428359985e-01
4.246235489845275879e-01
-6.499973684549331665e-02
2.603322267532348633e-01
4.265347719192504883e-01
-6.667206436395645142e-02
2.857997417449951172e-01
4.697742164134979248e-01
-6.508318334817886353e-02
