7.423481345176696777e-01
6.875669956207275391e-01
-4.940098392580694053e-07
6.714467406272888184e-01
6.838470697402954102e-01
-3.191630542278289795e-02
6.139237880706787109e-01
6.262714862823486328e-01
-5.533371493220329285e-02
6.183698773384094238e-01
5.484272241592407227e-01
-8.092765510082244873e-02
6.434128880500793457e-01
4.792699813842773438e-01
-1.011818125844001770e-01
5.983719825744628906e-01
4.730189144611358643e-01
-2.405998855829238892e-02
5.581505298614501953e-01
3.493761122226715088e-01
-7.017002254724502563e-02
5.864438414573669434e-01
4.009569585323333740e-01
-9.937530010938644409e-02
6.159071922302246094e-01
4.572875797748565674e-01
-1.116957291960716248e-01
6.446786522865295410e-01
4.431543648242950439e-01
-2.981925383210182190e-02
6.110833287239074707e-01
3.075400888919830322e-01
-7.161903381347656250e-02
6.348062157630920410e-01
3.805069327354431152e-01
-8.795064687728881836e-02
6.546123623847961426e-01
4.448209404945373535e-01
-8.941432833671569824e-02
6.912138462066650391e-01
4.332968890666961670e-01
-4.260266572237014771e-02
6.664958000183105469e-01
3.072272539138793945e-01
-7.679823786020278931e-02
6.798485517501831055e-01
3.778785765171051025e-01
-7.507437467575073242e-02
6.946527361869812012e-01
4.415301084518432617e-01
-6.507074087858200073e-02
7.419018745422363281e-01
4.383308291435241699e-01
-5.918225646018981934e-02
7.199624776840209961e-01
3.450959026813507080e-01
-7.778584957122802734e-02
7.190358638763427734e-01
3.855381309986114502e-01
-7.130447030067443848e-02
7.255805134773254395e-01
4.379449784755706787e-01
-6.176957115530967712e-02
