5.797153711318969727e-01
6.841915845870971680e-01
-5.536163598662824370e-07
5.157721042633056641e-01
6.715488433837890625e-01
-1.790084689855575562e-02
4.580617845058441162e-01
6.017940640449523926e-01
-3.166065737605094910e-02
4.457678198814392090e-01
5.222995877265930176e-01
-5.001400783658027649e-02
4.778788685798645020e-01
4.781283438205718994e-01
-6.546844542026519775e-02
4.781020581722259521e-01
4.780503213405609131e-01
-8.981747552752494812e-03
4.563484191894531250e-01
3.578381538391113281e-01
-4.610043764114379883e-02
4.422555565834045410e-01
4.052084386348724365e-01
-6.880957633256912231e-02
4.524602890014648438e-01
4.624962806701660156e-01
-7.864598184823989868e-02
5.150148868560791016e-01
4.652875065803527832e-01
-1.898077316582202911e-02
4.925603568553924561e-01
3.324558138847351074e-01
-5.813540145754814148e-02
4.724692106246948242e-01
3.966012597084045410e-01
-7.291465997695922852e-02
4.814268946647644043e-01
4.583755135536193848e-01
-7.281597703695297241e-02
5.530469417572021484e-01
4.640600681304931641e-01
-3.465782850980758667e-02
5.341997742652893066e-01
3.443947434425354004e-01
-6.526041030883789062e-02
5.095862150192260742e-01
4.006914496421813965e-01
-7.031795382499694824e-02
5.136301517486572266e-01
4.583646059036254883e-01
-6.537671387195587158e-02
5.956020951271057129e-01
4.719898700714111328e-01
-5.283300578594207764e-02
5.679895877838134766e-01
3.882294297218322754e-01
-6.910485029220581055e-02
5.434853434562683105e-01
4.206593930721282959e-01
-6.948453933000564575e-02
5.438166260719299316e-01
4.662795066833496094e-01
-6.591712683439254761e-02
