3.173292279243469238e-01
7.567921876907348633e-01
-2.999797743541421369e-07
3.964519202709197998e-01
6.840009689331054688e-01
-3.537667915225028992e-02
4.360508918762207031e-01
5.493971109390258789e-01
-5.311186611652374268e-02
3.614833652973175049e-01
4.729623198509216309e-01
-7.128727436065673828e-02
2.768913507461547852e-01
4.880964159965515137e-01
-8.516941219568252563e-02
3.842045366764068604e-01
4.239910840988159180e-01
-2.306799963116645813e-02
4.000110924243927002e-01
2.788665890693664551e-01
-6.204770505428314209e-02
4.158423244953155518e-01
3.524622023105621338e-01
-9.243173897266387939e-02
4.071459174156188965e-01
4.351242184638977051e-01
-1.075132340192794800e-01
3.267578482627868652e-01
4.229712784290313721e-01
-2.691729180514812469e-02
3.296192586421966553e-01
2.590011358261108398e-01
-5.895345658063888550e-02
3.575316369533538818e-01
3.379224836826324463e-01
-8.297038078308105469e-02
3.593512475490570068e-01
4.225669503211975098e-01
-9.386801719665527344e-02
2.752099037170410156e-01
4.402879178524017334e-01
-3.648335859179496765e-02
2.605140805244445801e-01
2.865527272224426270e-01
-6.016667187213897705e-02
3.005217015743255615e-01
3.429854512214660645e-01
-7.258349657058715820e-02
3.099625110626220703e-01
4.236651659011840820e-01
-7.632242143154144287e-02
2.211550772190093994e-01
4.715947210788726807e-01
-5.003385618329048157e-02
2.164519131183624268e-01
3.480968177318572998e-01
-6.358303874731063843e-02
2.546460628509521484e-01
3.719469010829925537e-01
-6.441106647253036499e-02
2.707879841327667236e-01
4.323987364768981934e-01
-6.349099427461624146e-02
