2.926937341690063477e-01
8.111826181411743164e-01
-4.337809684784588171e-07
3.690380454063415527e-01
6.677494645118713379e-01
3.603323921561241150e-02
3.824388980865478516e-01
5.562146902084350586e-01
3.516976535320281982e-02
3.936041891574859619e-01
4.876152276992797852e-01
1.805990003049373627e-02
4.010195136070251465e-01
4.268025457859039307e-01
2.652438823133707047e-03
2.458740919828414917e-01
4.548676609992980957e-01
2.185740135610103607e-02
3.335548043251037598e-01
3.351009786128997803e-01
-1.412093918770551682e-02
4.004233479499816895e-01
3.930290639400482178e-01
-3.731730207800865173e-02
4.227519035339355469e-01
4.643461704254150391e-01
-4.670681059360504150e-02
2.299996912479400635e-01
4.703463315963745117e-01
-1.897074468433856964e-02
3.331122100353240967e-01
3.285856842994689941e-01
-5.181353166699409485e-02
4.033552408218383789e-01
4.092937111854553223e-01
-6.198424845933914185e-02
4.180827736854553223e-01
4.918188154697418213e-01
-6.204347312450408936e-02
2.310722470283508301e-01
5.010805726051330566e-01
-6.023349240422248840e-02
3.235335648059844971e-01
3.629130125045776367e-01
-9.184416383504867554e-02
3.902763128280639648e-01
4.387928247451782227e-01
-8.393600583076477051e-02
4.032465815544128418e-01
5.179932117462158203e-01
-6.961938738822937012e-02
2.457259595394134521e-01
5.427819490432739258e-01
-9.906900674104690552e-02
3.048165738582611084e-01
4.219332933425903320e-01
-1.186969354748725891e-01
3.584701716899871826e-01
4.447615742683410645e-01
-1.050296500325202942e-01
3.775476813316345215e-01
4.912168085575103760e-01
-8.931750804185867310e-02
