3.131693601608276367e-01
7.850770950317382812e-01
-1.157432691911708389e-07
2.805208265781402588e-01
6.595340967178344727e-01
2.770021744072437286e-02
2.845043241977691650e-01
5.498112440109252930e-01
2.043809182941913605e-02
3.297588229179382324e-01
4.865150451660156250e-01
5.225251894444227219e-03
3.771035671234130859e-01
4.731055498123168945e-01
-8.728236891329288483e-03
2.650321125984191895e-01
4.850904643535614014e-01
-2.425004355609416962e-02
3.610980212688446045e-01
3.624530732631683350e-01
-4.218899831175804138e-02
3.911915421485900879e-01
3.870741426944732666e-01
-4.187385737895965576e-02
3.869151473045349121e-01
4.239705801010131836e-01
-3.683803975582122803e-02
3.088216781616210938e-01
5.112773180007934570e-01
-5.187813937664031982e-02
3.984333872795104980e-01
3.646218180656433105e-01
-6.599673628807067871e-02
4.237895905971527100e-01
4.019318819046020508e-01
-5.415664985775947571e-02
4.128603339195251465e-01
4.507513046264648438e-01
-4.214502125978469849e-02
3.602689504623413086e-01
5.479211807250976562e-01
-7.509183883666992188e-02
4.332072138786315918e-01
3.994899690151214600e-01
-7.960447669029235840e-02
4.508222043514251709e-01
4.330046772956848145e-01
-5.362272635102272034e-02
4.367159903049468994e-01
4.762277603149414062e-01
-3.356102108955383301e-02
4.107604324817657471e-01
5.957508683204650879e-01
-9.591492265462875366e-02
4.567717909812927246e-01
4.598092138767242432e-01
-8.768650889396667480e-02
4.642998278141021729e-01
4.677099883556365967e-01
-5.914321541786193848e-02
4.532032310962677002e-01
4.942706823348999023e-01
-3.697578608989715576e-02
