3.478688001632690430e-01
7.219905853271484375e-01
-1.635854829373784014e-07
4.179748296737670898e-01
6.492506265640258789e-01
-2.836709097027778625e-02
4.366211295127868652e-01
5.167139768600463867e-01
-3.779301792383193970e-02
3.623283207416534424e-01
4.472109973430633545e-01
-4.826940223574638367e-02
2.895148992538452148e-01
4.581283926963806152e-01
-5.540606379508972168e-02
3.923305571079254150e-01
4.247072041034698486e-01
-3.182723885402083397e-03
3.914346992969512939e-01
3.059144020080566406e-01
-3.582771867513656616e-02
4.060362577438354492e-01
3.426712453365325928e-01
-6.330306828022003174e-02
4.060700237751007080e-01
4.159317314624786377e-01
-7.552065700292587280e-02
3.391676545143127441e-01
4.280130565166473389e-01
-5.144581198692321777e-03
3.265869617462158203e-01
2.949082553386688232e-01
-3.241034969687461853e-02
3.497139215469360352e-01
3.355801105499267578e-01
-5.560987815260887146e-02
3.578873872756958008e-01
4.112343788146972656e-01
-6.509466469287872314e-02
2.938959598541259766e-01
4.478070437908172607e-01
-1.330502051860094070e-02
2.724824845790863037e-01
3.237552940845489502e-01
-3.426999226212501526e-02
3.029191493988037109e-01
3.473261296749114990e-01
-4.968944564461708069e-02
3.158050179481506348e-01
4.143974483013153076e-01
-5.467785894870758057e-02
2.480169832706451416e-01
4.789963364601135254e-01
-2.475646510720252991e-02
2.374984622001647949e-01
3.778193593025207520e-01
-3.693852946162223816e-02
2.662584185600280762e-01
3.785555958747863770e-01
-4.185467958450317383e-02
2.856881618499755859e-01
4.196654260158538818e-01
-4.308270663022994995e-02
