4.065377116203308105e-01
8.324086666107177734e-01
-3.168750026816269383e-07
4.883163571357727051e-01
7.709411382675170898e-01
-2.908838540315628052e-02
5.306895971298217773e-01
6.425079107284545898e-01
-4.151742905378341675e-02
4.625993669033050537e-01
5.530928373336791992e-01
-5.475419014692306519e-02
3.854376971721649170e-01
5.433364510536193848e-01
-6.355201452970504761e-02
4.959886968135833740e-01
5.285933613777160645e-01
-1.205393206328153610e-02
5.141364932060241699e-01
4.003130793571472168e-01
-4.614496976137161255e-02
5.247649550437927246e-01
4.646053314208984375e-01
-7.342723011970520020e-02
5.146983265876770020e-01
5.391406416893005371e-01
-8.687494695186614990e-02
4.423270821571350098e-01
5.195530056953430176e-01
-1.581396721303462982e-02
4.495337009429931641e-01
3.656679391860961914e-01
-4.382153972983360291e-02
4.696844220161437988e-01
4.316194653511047363e-01
-6.544145196676254272e-02
4.665822684764862061e-01
5.112923383712768555e-01
-7.458208501338958740e-02
3.928010761737823486e-01
5.287960171699523926e-01
-2.501487918198108673e-02
3.881930112838745117e-01
3.823031485080718994e-01
-4.611061140894889832e-02
4.173362553119659424e-01
4.329887032508850098e-01
-5.646430328488349915e-02
4.185208678245544434e-01
5.083559155464172363e-01
-5.865968018770217896e-02
3.395833969116210938e-01
5.498952865600585938e-01
-3.761271387338638306e-02
3.413224220275878906e-01
4.365431964397430420e-01
-4.929354414343833923e-02
3.704387545585632324e-01
4.583585262298583984e-01
-4.974549263715744019e-02
3.788508772850036621e-01
5.128684043884277344e-01
-4.833962395787239075e-02
