6.925133466720581055e-01
7.395061850547790527e-01
-7.100264838300063275e-07
6.174378395080566406e-01
7.022156715393066406e-01
-2.635916694998741150e-02
5.681358575820922852e-01
5.591825842857360840e-01
-3.241986408829689026e-02
6.203932166099548340e-01
4.545673131942749023e-01
-4.325452074408531189e-02
6.959450840950012207e-01
4.208138883113861084e-01
-4.934094846248626709e-02
5.665999054908752441e-01
4.608394503593444824e-01
-2.419128548353910446e-03
5.351163148880004883e-01
3.203490078449249268e-01
-4.094087332487106323e-02
5.429725646972656250e-01
3.858971297740936279e-01
-6.604518741369247437e-02
5.654191970825195312e-01
4.596417546272277832e-01
-7.766533643007278442e-02
6.174678802490234375e-01
4.282304048538208008e-01
-7.509503513574600220e-03
5.848486423492431641e-01
2.698134183883666992e-01
-4.378902912139892578e-02
5.888016819953918457e-01
3.513864278793334961e-01
-5.823551118373870850e-02
6.106096506118774414e-01
4.272147119045257568e-01
-5.793114751577377319e-02
6.725696325302124023e-01
4.188097715377807617e-01
-2.054705284535884857e-02
6.475369930267333984e-01
2.715635001659393311e-01
-4.704327508807182312e-02
6.399354338645935059e-01
3.377650082111358643e-01
-5.070267990231513977e-02
6.535000801086425781e-01
4.065860509872436523e-01
-4.568453878164291382e-02
7.284780144691467285e-01
4.227010607719421387e-01
-3.827924281358718872e-02
7.150806784629821777e-01
3.136204481124877930e-01
-5.213907361030578613e-02
6.985088586807250977e-01
3.351799845695495605e-01
-5.431788414716720581e-02
7.013317346572875977e-01
3.813491165637969971e-01
-5.336174741387367249e-02
