6.780833005905151367e-01
7.867224216461181641e-01
-5.922695436311187223e-07
6.308352947235107422e-01
7.313946485519409180e-01
-1.915651746094226837e-02
6.268250346183776855e-01
6.080521941184997559e-01
-2.435412816703319550e-02
6.887081861495971680e-01
5.509198904037475586e-01
-3.353098779916763306e-02
7.503908872604370117e-01
5.540915131568908691e-01
-3.926646709442138672e-02
6.467640995979309082e-01
5.300406217575073242e-01
-3.782451152801513672e-03
6.525356173515319824e-01
4.129191935062408447e-01
-3.338648378849029541e-02
6.440301537513732910e-01
4.711690247058868408e-01
-5.212078988552093506e-02
6.444158554077148438e-01
5.341210365295410156e-01
-6.062297895550727844e-02
6.915606856346130371e-01
5.276563167572021484e-01
-9.383129887282848358e-03
7.032325863838195801e-01
3.963240981101989746e-01
-3.658130392432212830e-02
6.865636706352233887e-01
4.616198539733886719e-01
-4.642916098237037659e-02
6.840599179267883301e-01
5.236968994140625000e-01
-4.577799141407012939e-02
7.335281968116760254e-01
5.436427593231201172e-01
-2.090222388505935669e-02
7.519410252571105957e-01
4.191501140594482422e-01
-4.184347763657569885e-02
7.291139960289001465e-01
4.694430530071258545e-01
-4.363720864057540894e-02
7.214486002922058105e-01
5.261191725730895996e-01
-3.926787897944450378e-02
7.728253602981567383e-01
5.697766542434692383e-01
-3.579670935869216919e-02
7.856388092041015625e-01
4.796035587787628174e-01
-4.619936272501945496e-02
7.667119503021240234e-01
4.950923323631286621e-01
-4.586603865027427673e-02
7.581217288970947266e-01
5.339037775993347168e-01
-4.386832192540168762e-02
