6.669912934303283691e-01
8.226381540298461914e-01
-1.990375295690682833e-07
7.372254729270935059e-01
7.320784926414489746e-01
2.200620807707309723e-02
7.522618770599365234e-01
6.300629377365112305e-01
2.548660151660442352e-02
7.333592772483825684e-01
5.515472888946533203e-01
2.697180025279521942e-02
7.015464305877685547e-01
5.100069046020507812e-01
3.000022657215595245e-02
7.425302267074584961e-01
5.858207345008850098e-01
-1.803152821958065033e-02
7.513439655303955078e-01
4.494635164737701416e-01
-2.100124768912792206e-02
7.459356188774108887e-01
4.896292686462402344e-01
-1.365007739514112473e-02
7.411124706268310547e-01
5.341918468475341797e-01
-5.526451859623193741e-03
6.850943565368652344e-01
5.730708837509155273e-01
-2.995507977902889252e-02
7.045075297355651855e-01
4.227287769317626953e-01
-2.620329335331916809e-02
7.089285850524902344e-01
4.630549550056457520e-01
-9.519643150269985199e-03
7.036308646202087402e-01
5.102152228355407715e-01
2.589211566373705864e-03
6.340615153312683105e-01
5.764222145080566406e-01
-3.716964274644851685e-02
6.518049836158752441e-01
4.401958584785461426e-01
-2.592499740421772003e-02
6.666252017021179199e-01
4.733929336071014404e-01
-4.173213150352239609e-03
6.673606038093566895e-01
5.125030279159545898e-01
7.674375548958778381e-03
5.939307808876037598e-01
5.901538729667663574e-01
-4.183214530348777771e-02
6.124677062034606934e-01
4.848751127719879150e-01
-2.714153379201889038e-02
6.285609006881713867e-01
5.048193931579589844e-01
-3.818124532699584961e-03
6.306421756744384766e-01
5.364013314247131348e-01
1.177905872464179993e-02
