6.236960291862487793e-01
7.783810496330261230e-01
-6.582586706826987211e-07
5.656126737594604492e-01
7.092912197113037109e-01
-1.170218642801046371e-02
5.545294284820556641e-01
5.795835256576538086e-01
-1.597458124160766602e-02
6.083475947380065918e-01
5.161632299423217773e-01
-2.682489342987537384e-02
6.717501878738403320e-01
5.097364187240600586e-01
-3.452610597014427185e-02
5.906683802604675293e-01
5.068429112434387207e-01
1.169190369546413422e-02
5.865797400474548340e-01
4.021343588829040527e-01
-1.786651462316513062e-02
5.590759515762329102e-01
4.581404328346252441e-01
-3.687472641468048096e-02
5.586869120597839355e-01
5.230501294136047363e-01
-4.472443461418151855e-02
6.273005008697509766e-01
5.043793916702270508e-01
2.198351314291357994e-03
6.291439533233642578e-01
3.785059750080108643e-01
-3.016388043761253357e-02
5.938152074813842773e-01
4.363956153392791748e-01
-4.170430079102516174e-02
5.941282510757446289e-01
5.066094398498535156e-01
-3.900124505162239075e-02
6.647139787673950195e-01
5.159667730331420898e-01
-1.361672673374414444e-02
6.755034923553466797e-01
3.905904293060302734e-01
-3.824725374579429626e-02
6.363638043403625488e-01
4.324173033237457275e-01
-4.178100824356079102e-02
6.317683458328247070e-01
4.943515956401824951e-01
-3.588200733065605164e-02
7.009761333465576172e-01
5.357177853584289551e-01
-3.218153491616249084e-02
6.964653134346008301e-01
4.387097954750061035e-01
-4.147642850875854492e-02
6.627527475357055664e-01
4.526439905166625977e-01
-3.964408487081527710e-02
6.559806466102600098e-01
4.971750974655151367e-01
-3.519076853990554810e-02
