6.671934127807617188e-01
6.956721544265747070e-01
-6.663838689746626187e-07
6.031711101531982422e-01
6.564094424247741699e-01
-2.149322442710399628e-02
5.656858086585998535e-01
5.212640762329101562e-01
-2.862645499408245087e-02
6.191614866256713867e-01
4.301426112651824951e-01
-4.047765210270881653e-02
6.900811195373535156e-01
4.088482260704040527e-01
-4.774627089500427246e-02
5.584611892700195312e-01
4.241775572299957275e-01
-6.921575404703617096e-03
5.372350811958312988e-01
2.881733179092407227e-01
-4.218096286058425903e-02
5.516870021820068359e-01
3.596048951148986816e-01
-6.397491693496704102e-02
5.695579051971435547e-01
4.309338331222534180e-01
-7.360057532787322998e-02
6.092351078987121582e-01
4.011338949203491211e-01
-1.395815610885620117e-02
5.903588533401489258e-01
2.515300512313842773e-01
-4.517568647861480713e-02
5.986159443855285645e-01
3.341062963008880615e-01
-5.507865548133850098e-02
6.114010810852050781e-01
4.048549234867095947e-01
-5.349167436361312866e-02
6.609464287757873535e-01
3.995099961757659912e-01
-2.777674049139022827e-02
6.476837992668151855e-01
2.584315538406372070e-01
-4.964479804039001465e-02
6.436005830764770508e-01
3.261730372905731201e-01
-4.872296005487442017e-02
6.496206521987915039e-01
3.932319283485412598e-01
-4.217213392257690430e-02
7.112117409706115723e-01
4.090476036071777344e-01
-4.570299386978149414e-02
7.014000415802001953e-01
3.040797710418701172e-01
-5.444859713315963745e-02
6.882351636886596680e-01
3.285893201828002930e-01
-5.160510912537574768e-02
6.876814961433410645e-01
3.740217685699462891e-01
-4.812167957425117493e-02
