6.964767575263977051e-01
7.315885424613952637e-01
-6.212432026586611755e-07
6.331989765167236328e-01
6.452532410621643066e-01
1.427149772644042969e-02
6.216365098953247070e-01
5.711252689361572266e-01
9.832634590566158295e-03
6.170861721038818359e-01
5.207846164703369141e-01
-2.087471308186650276e-03
6.131654977798461914e-01
4.795827269554138184e-01
-1.485076546669006348e-02
7.165025472640991211e-01
4.852116107940673828e-01
3.916158340871334076e-03
6.533150076866149902e-01
3.935767412185668945e-01
-1.311402861028909683e-02
6.093500852584838867e-01
4.210349917411804199e-01
-2.473632059991359711e-02
6.003661155700683594e-01
4.565489888191223145e-01
-3.105601854622364044e-02
7.228822708129882812e-01
4.928891658782958984e-01
-1.563661918044090271e-02
6.507549285888671875e-01
3.875952363014221191e-01
-3.342364355921745300e-02
6.024491190910339355e-01
4.277183413505554199e-01
-3.776353970170021057e-02
6.022229790687561035e-01
4.735192954540252686e-01
-3.831077739596366882e-02
7.139363884925842285e-01
5.134616494178771973e-01
-3.532655909657478333e-02
6.491076350212097168e-01
4.088000655174255371e-01
-5.232482776045799255e-02
6.069148182868957520e-01
4.467028379440307617e-01
-4.522538185119628906e-02
6.113009452819824219e-01
4.908034205436706543e-01
-3.740047290921211243e-02
6.916984319686889648e-01
5.384535193443298340e-01
-5.412893369793891907e-02
6.478551030158996582e-01
4.487438201904296875e-01
-6.613710522651672363e-02
6.212543845176696777e-01
4.668269157409667969e-01
-5.827922746539115906e-02
6.258853673934936523e-01
5.046497583389282227e-01
-4.960055276751518250e-02
