6.928297877311706543e-01
7.421752810478210449e-01
-6.410263040379504673e-07
6.273511052131652832e-01
6.658784151077270508e-01
1.329408027231693268e-02
6.117068529129028320e-01
5.946077108383178711e-01
8.500817231833934784e-03
6.025715470314025879e-01
5.440375208854675293e-01
-3.631859552115201950e-03
5.951318740844726562e-01
5.027518868446350098e-01
-1.640992797911167145e-02
6.978858709335327148e-01
4.925201237201690674e-01
5.678525194525718689e-03
6.328271627426147461e-01
4.113107323646545410e-01
-1.163889374583959579e-02
5.905891060829162598e-01
4.446357488632202148e-01
-2.463655546307563782e-02
5.835006237030029297e-01
4.833683073520660400e-01
-3.216874226927757263e-02
7.048289775848388672e-01
4.980043470859527588e-01
-1.334994938224554062e-02
6.300567984580993652e-01
4.041300415992736816e-01
-3.114580921828746796e-02
5.846575498580932617e-01
4.499192237854003906e-01
-3.661821037530899048e-02
5.865525007247924805e-01
4.958550333976745605e-01
-3.822875022888183594e-02
6.980177164077758789e-01
5.179975628852844238e-01
-3.271816670894622803e-02
6.300572752952575684e-01
4.238842129707336426e-01
-4.947225749492645264e-02
5.888775587081909180e-01
4.664637446403503418e-01
-4.288142919540405273e-02
5.934736132621765137e-01
5.109097361564636230e-01
-3.579494357109069824e-02
6.778562664985656738e-01
5.441298484802246094e-01
-5.139698460698127747e-02
6.280627846717834473e-01
4.625129103660583496e-01
-6.311413645744323730e-02
6.001880764961242676e-01
4.860141277313232422e-01
-5.531794950366020203e-02
6.045249700546264648e-01
5.249503254890441895e-01
-4.695149511098861694e-02
