6.378235816955566406e-01
7.700381278991699219e-01
-1.501174295981400064e-07
6.989998817443847656e-01
6.932634115219116211e-01
1.271351147443056107e-02
7.132728099822998047e-01
6.129531264305114746e-01
1.697761006653308868e-02
6.920856237411499023e-01
5.488681197166442871e-01
2.167482860386371613e-02
6.622991561889648438e-01
5.180599093437194824e-01
2.874742820858955383e-02
6.860622763633728027e-01
5.570341348648071289e-01
-1.669771037995815277e-02
7.127370834350585938e-01
4.582953751087188721e-01
-1.418183743953704834e-02
7.196446657180786133e-01
4.985699951648712158e-01
-2.252002712339162827e-03
7.115039825439453125e-01
5.370756983757019043e-01
7.913219742476940155e-03
6.389150023460388184e-01
5.410816669464111328e-01
-2.185861207544803619e-02
6.716141104698181152e-01
4.316486716270446777e-01
-1.615942828357219696e-02
6.841252446174621582e-01
4.702160954475402832e-01
-5.330271669663488865e-04
6.764618158340454102e-01
5.108093023300170898e-01
1.092244498431682587e-02
6.016991734504699707e-01
5.464641451835632324e-01
-2.303535304963588715e-02
6.266694664955139160e-01
4.471797347068786621e-01
-1.286449562758207321e-02
6.464224457740783691e-01
4.792972505092620850e-01
5.318085197359323502e-03
6.440778970718383789e-01
5.152198076248168945e-01
1.554251555353403091e-02
5.753206610679626465e-01
5.656621456146240234e-01
-2.234665863215923309e-02
5.959492921829223633e-01
4.906889796257019043e-01
-1.072730775922536850e-02
6.127024888992309570e-01
5.083389282226562500e-01
7.477512583136558533e-03
6.134943962097167969e-01
5.352819561958312988e-01
2.042292989790439606e-02
