6.562699079513549805e-01
7.229431271553039551e-01
-6.229099653864977881e-07
6.037648320198059082e-01
6.580214500427246094e-01
1.759323291480541229e-02
5.959517359733581543e-01
5.981946587562561035e-01
1.850105822086334229e-02
5.970442295074462891e-01
5.558691620826721191e-01
1.083676144480705261e-02
6.019281744956970215e-01
5.213283300399780273e-01
2.280758228152990341e-03
6.717562675476074219e-01
5.222005844116210938e-01
1.904839836061000824e-02
6.257587075233459473e-01
4.419140815734863281e-01
7.391465362161397934e-03
5.894446372985839844e-01
4.706367552280426025e-01
-1.951218582689762115e-03
5.835573673248291016e-01
5.084909796714782715e-01
-6.915259175002574921e-03
6.807524561882019043e-01
5.229321718215942383e-01
2.596412377897650003e-04
6.247624754905700684e-01
4.330438375473022461e-01
-1.231322716921567917e-02
5.824690461158752441e-01
4.700979590415954590e-01
-1.750949025154113770e-02
5.814861059188842773e-01
5.143352150917053223e-01
-1.886249147355556488e-02
6.770298480987548828e-01
5.320277810096740723e-01
-1.914837770164012909e-02
6.280202269554138184e-01
4.356207549571990967e-01
-3.351085260510444641e-02
5.875015258789062500e-01
4.700322747230529785e-01
-3.033371269702911377e-02
5.864649415016174316e-01
5.153630971908569336e-01
-2.489560283720493317e-02
6.601693034172058105e-01
5.446329116821289062e-01
-3.736843168735504150e-02
6.236557960510253906e-01
4.584237337112426758e-01
-4.858223348855972290e-02
5.953933000564575195e-01
4.762780368328094482e-01
-4.326307773590087891e-02
5.933579802513122559e-01
5.174074172973632812e-01
-3.636229783296585083e-02
