6.523380279541015625e-01
6.926034688949584961e-01
-6.169442485770559870e-07
5.906338095664978027e-01
6.492385864257812500e-01
-1.912303268909454346e-02
5.601122379302978516e-01
5.189673900604248047e-01
-2.249044552445411682e-02
6.144791245460510254e-01
4.359012246131896973e-01
-3.046019561588764191e-02
6.819300055503845215e-01
4.228119254112243652e-01
-3.509133309125900269e-02
5.598422884941101074e-01
4.418539106845855713e-01
8.506408776156604290e-04
5.382633805274963379e-01
3.216933608055114746e-01
-2.949450537562370300e-02
5.439488887786865234e-01
3.753612637519836426e-01
-4.969786107540130615e-02
5.594747662544250488e-01
4.394007325172424316e-01
-5.925170332193374634e-02
6.048412919044494629e-01
4.192896783351898193e-01
-5.099960602819919586e-03
5.839531421661376953e-01
2.834634184837341309e-01
-3.409399092197418213e-02
5.858765840530395508e-01
3.514637053012847900e-01
-4.644646868109703064e-02
5.997352600097656250e-01
4.185560941696166992e-01
-4.681450873613357544e-02
6.535582542419433594e-01
4.171501100063323975e-01
-1.738380640745162964e-02
6.398515701293945312e-01
2.863337993621826172e-01
-3.898542746901512146e-02
6.317339539527893066e-01
3.428033590316772461e-01
-4.269837215542793274e-02
6.382969021797180176e-01
4.047032296657562256e-01
-3.935076668858528137e-02
7.026551961898803711e-01
4.261984825134277344e-01
-3.330877423286437988e-02
6.930007338523864746e-01
3.320314884185791016e-01
-4.457646608352661133e-02
6.787827610969543457e-01
3.514238893985748291e-01
-4.619193077087402344e-02
6.790900230407714844e-01
3.921240568161010742e-01
-4.567662253975868225e-02
