3.355026245117187500e-01
7.593913674354553223e-01
-3.792967788740497781e-07
4.033997058868408203e-01
6.998171210289001465e-01
-3.500098735094070435e-02
4.228139817714691162e-01
5.625000000000000000e-01
-4.614828154444694519e-02
3.362630605697631836e-01
4.884247779846191406e-01
-5.695876106619834900e-02
2.589832544326782227e-01
4.746894538402557373e-01
-6.189214810729026794e-02
4.027362465858459473e-01
4.566160440444946289e-01
-7.399752270430326462e-03
4.161778688430786133e-01
3.246465921401977539e-01
-3.933603316545486450e-02
4.158635437488555908e-01
3.972560465335845947e-01
-6.436721235513687134e-02
4.048646092414855957e-01
4.731577038764953613e-01
-7.684123516082763672e-02
3.459605872631072998e-01
4.534405469894409180e-01
-6.604049354791641235e-03
3.496461510658264160e-01
3.072875142097473145e-01
-3.735300526022911072e-02
3.561986088752746582e-01
3.866621851921081543e-01
-6.008530408143997192e-02
3.570878505706787109e-01
4.640932977199554443e-01
-6.824748218059539795e-02
2.953298687934875488e-01
4.632972776889801025e-01
-1.247611735016107559e-02
2.870448529720306396e-01
3.290121555328369141e-01
-3.395781293511390686e-02
3.050679266452789307e-01
3.802746832370758057e-01
-4.592857509851455688e-02
3.099633157253265381e-01
4.521070420742034912e-01
-4.799941554665565491e-02
2.452293038368225098e-01
4.818667471408843994e-01
-2.229478023946285248e-02
2.427136003971099854e-01
3.810887932777404785e-01
-3.149632737040519714e-02
2.641827166080474854e-01
3.978270292282104492e-01
-3.347348421812057495e-02
2.750664353370666504e-01
4.413280487060546875e-01
-3.311118111014366150e-02
