6.830116510391235352e-01
7.079927325248718262e-01
-6.511725132440915331e-07
6.223238706588745117e-01
6.651659607887268066e-01
-2.106198482215404510e-02
5.919942855834960938e-01
5.290235280990600586e-01
-2.722036838531494141e-02
6.503924727439880371e-01
4.442135989665985107e-01
-3.763310611248016357e-02
7.196214795112609863e-01
4.286254346370697021e-01
-4.414904862642288208e-02
5.871739983558654785e-01
4.388399422168731689e-01
-6.821340415626764297e-03
5.705347061157226562e-01
3.091995120048522949e-01
-4.186707735061645508e-02
5.798848271369934082e-01
3.740126788616180420e-01
-6.422429531812667847e-02
5.940941572189331055e-01
4.471890330314636230e-01
-7.420545816421508789e-02
6.367304325103759766e-01
4.179769456386566162e-01
-1.356445346027612686e-02
6.211311817169189453e-01
2.726642489433288574e-01
-4.489968717098236084e-02
6.270422935485839844e-01
3.505382537841796875e-01
-5.646270141005516052e-02
6.381304264068603516e-01
4.236065745353698730e-01
-5.623455718159675598e-02
6.885815858840942383e-01
4.193239808082580566e-01
-2.685635164380073547e-02
6.812276244163513184e-01
2.786121070384979248e-01
-5.019649863243103027e-02
6.762443780899047852e-01
3.410109281539916992e-01
-5.222061648964881897e-02
6.799090504646301270e-01
4.085131585597991943e-01
-4.775773361325263977e-02
7.391704320907592773e-01
4.328055679798126221e-01
-4.386623576283454895e-02
7.345125675201416016e-01
3.317409157752990723e-01
-5.608224496245384216e-02
7.229654192924499512e-01
3.529413938522338867e-01
-5.624434724450111389e-02
7.214768528938293457e-01
3.970009982585906982e-01
-5.466313660144805908e-02
