5.955438017845153809e-01
7.080674767494201660e-01
-5.325964593794196844e-07
5.503298044204711914e-01
6.708731651306152344e-01
-1.326819136738777161e-02
5.340857505798339844e-01
5.766990780830383301e-01
-1.710790209472179413e-02
5.795804858207702637e-01
5.205398797988891602e-01
-2.515649795532226562e-02
6.314672231674194336e-01
5.040442347526550293e-01
-3.091624379158020020e-02
5.528765916824340820e-01
5.232811570167541504e-01
1.474813790991902351e-03
5.375097990036010742e-01
4.365512430667877197e-01
-2.306585386395454407e-02
5.250479578971862793e-01
4.815711379051208496e-01
-3.816206753253936768e-02
5.320800542831420898e-01
5.328471660614013672e-01
-4.403737932443618774e-02
5.827718973159790039e-01
5.115998983383178711e-01
-3.124527167528867722e-03
5.700847506523132324e-01
4.108540415763854980e-01
-2.866529114544391632e-02
5.523990392684936523e-01
4.597512185573577881e-01
-3.807268291711807251e-02
5.600515007972717285e-01
5.132972598075866699e-01
-3.639561682939529419e-02
6.143978238105773926e-01
5.115285515785217285e-01
-1.258393377065658569e-02
6.098456382751464844e-01
4.123657047748565674e-01
-3.256921097636222839e-02
5.885991454124450684e-01
4.520621299743652344e-01
-3.542095422744750977e-02
5.924849510192871094e-01
5.000000596046447754e-01
-3.074087016284465790e-02
6.482431292533874512e-01
5.190184712409973145e-01
-2.441159822046756744e-02
6.423760056495666504e-01
4.405353963375091553e-01
-3.347972035408020020e-02
6.219372153282165527e-01
4.570077657699584961e-01
-3.296276554465293884e-02
6.204351782798767090e-01
4.951196610927581787e-01
-3.000153228640556335e-02
