6.204549670219421387e-01
7.397747039794921875e-01
-5.067839765615644865e-07
5.733567476272583008e-01
6.848419904708862305e-01
-3.592628519982099533e-03
5.662685632705688477e-01
5.997270345687866211e-01
-4.143521655350923538e-03
5.963518619537353516e-01
5.531768798828125000e-01
-1.180223561823368073e-02
6.361145973205566406e-01
5.491359829902648926e-01
-1.720903813838958740e-02
6.007667183876037598e-01
5.483232736587524414e-01
2.174483984708786011e-02
5.979529023170471191e-01
4.704999923706054688e-01
1.086474163457751274e-03
5.734742283821105957e-01
5.092639923095703125e-01
-1.252335403114557266e-02
5.720672607421875000e-01
5.563262104988098145e-01
-1.779388077557086945e-02
6.204006075859069824e-01
5.423007011413574219e-01
1.245479006320238113e-02
6.151773929595947266e-01
4.499447643756866455e-01
-1.207723654806613922e-02
5.864028930664062500e-01
4.940164089202880859e-01
-2.106806822121143341e-02
5.885609388351440430e-01
5.461895465850830078e-01
-1.807964220643043518e-02
6.427251100540161133e-01
5.430197119712829590e-01
-1.808208646252751350e-03
6.397960186004638672e-01
4.496169388294219971e-01
-2.169987186789512634e-02
6.090154051780700684e-01
4.860432446002960205e-01
-2.388149499893188477e-02
6.084453463554382324e-01
5.355221629142761230e-01
-1.709030009806156158e-02
6.655420064926147461e-01
5.492342114448547363e-01
-1.795420423150062561e-02
6.573134064674377441e-01
4.738967418670654297e-01
-2.605588920414447784e-02
6.309992074966430664e-01
4.867826700210571289e-01
-2.407403662800788879e-02
6.255979537963867188e-01
5.255299806594848633e-01
-1.871983148157596588e-02
