6.307075023651123047e-01
8.503947257995605469e-01
-1.907650499788360321e-07
6.930711865425109863e-01
7.745156884193420410e-01
1.293836720287799835e-02
7.083508968353271484e-01
6.909783482551574707e-01
1.710137538611888885e-02
6.885604858398437500e-01
6.214154362678527832e-01
2.233145944774150848e-02
6.583662629127502441e-01
5.854778885841369629e-01
3.058026544749736786e-02
6.788921952247619629e-01
6.310737133026123047e-01
-2.285251021385192871e-02
7.075597047805786133e-01
5.176593661308288574e-01
-2.116246335208415985e-02
7.158418893814086914e-01
5.614734888076782227e-01
-6.877122912555932999e-03
7.068789601325988770e-01
6.010175347328186035e-01
5.447837989777326584e-03
6.296476125717163086e-01
6.164915561676025391e-01
-2.783787436783313751e-02
6.654582619667053223e-01
4.909821748733520508e-01
-2.557967975735664368e-02
6.794026494026184082e-01
5.331059098243713379e-01
-7.968861609697341919e-03
6.705099940299987793e-01
5.763610005378723145e-01
6.118680816143751144e-03
5.907794833183288574e-01
6.222997307777404785e-01
-2.837260626256465912e-02
6.178442239761352539e-01
5.082119107246398926e-01
-2.129591628909111023e-02
6.396502852439880371e-01
5.414844751358032227e-01
-5.315477610565721989e-04
6.367796659469604492e-01
5.790096521377563477e-01
1.274831593036651611e-02
5.636801719665527344e-01
6.422535181045532227e-01
-2.662692777812480927e-02
5.854194164276123047e-01
5.521461963653564453e-01
-1.633802615106105804e-02
6.030877828598022461e-01
5.702198147773742676e-01
3.839616430923342705e-03
6.036074161529541016e-01
5.994362235069274902e-01
1.881125010550022125e-02
