6.417403817176818848e-01
6.805908083915710449e-01
-4.746455886106559774e-07
5.933312177658081055e-01
6.478480100631713867e-01
-1.142533309757709503e-02
5.718519687652587891e-01
5.646949410438537598e-01
-1.509446278214454651e-02
6.102956533432006836e-01
5.069330930709838867e-01
-2.315086312592029572e-02
6.565901041030883789e-01
4.870319068431854248e-01
-2.922713756561279297e-02
5.745145678520202637e-01
5.017118453979492188e-01
2.847380936145782471e-03
5.542981624603271484e-01
4.180149734020233154e-01
-2.219127863645553589e-02
5.556899309158325195e-01
4.588714241981506348e-01
-3.843055665493011475e-02
5.681892633438110352e-01
5.070412755012512207e-01
-4.502682015299797058e-02
6.064414381980895996e-01
4.855046570301055908e-01
-3.091530874371528625e-03
5.871117115020751953e-01
3.892453610897064209e-01
-2.685972861945629120e-02
5.848107337951660156e-01
4.422028660774230957e-01
-3.678398951888084412e-02
5.967382192611694336e-01
4.923927783966064453e-01
-3.666471317410469055e-02
6.414515972137451172e-01
4.830680191516876221e-01
-1.360624097287654877e-02
6.291786432266235352e-01
3.871749639511108398e-01
-3.268647938966751099e-02
6.197669506072998047e-01
4.325838685035705566e-01
-3.560641407966613770e-02
6.263332366943359375e-01
4.796507060527801514e-01
-3.170928359031677246e-02
6.780005693435668945e-01
4.896868169307708740e-01
-2.628618292510509491e-02
6.696282029151916504e-01
4.159497320652008057e-01
-3.639676421880722046e-02
6.563145518302917480e-01
4.332005977630615234e-01
-3.662493824958801270e-02
6.566206216812133789e-01
4.679754972457885742e-01
-3.425978124141693115e-02
