6.146286725997924805e-01
6.733762621879577637e-01
-4.864829747930343729e-07
5.684629678726196289e-01
6.479268074035644531e-01
-1.114957500249147415e-02
5.447841286659240723e-01
5.680853724479675293e-01
-1.424944587051868439e-02
5.795539617538452148e-01
5.095660686492919922e-01
-2.110181748867034912e-02
6.245761513710021973e-01
4.908488094806671143e-01
-2.615150809288024902e-02
5.484992861747741699e-01
5.125454664230346680e-01
-7.252802024595439434e-04
5.254149436950683594e-01
4.333546459674835205e-01
-2.476447448134422302e-02
5.258389711380004883e-01
4.741860628128051758e-01
-3.918533399701118469e-02
5.394735336303710938e-01
5.193251371383666992e-01
-4.468486830592155457e-02
5.776808261871337891e-01
4.947385191917419434e-01
-5.963832605630159378e-03
5.561164617538452148e-01
4.013667404651641846e-01
-3.004627488553524017e-02
5.516492724418640137e-01
4.517170786857604980e-01
-3.809193149209022522e-02
5.640348196029663086e-01
5.002682209014892578e-01
-3.619620203971862793e-02
6.104432940483093262e-01
4.895531535148620605e-01
-1.547068916261196136e-02
5.958103537559509277e-01
3.972473740577697754e-01
-3.495701402425765991e-02
5.853165984153747559e-01
4.397974014282226562e-01
-3.727743029594421387e-02
5.932223796844482422e-01
4.838599264621734619e-01
-3.270881995558738708e-02
6.445776224136352539e-01
4.926491081714630127e-01
-2.698317170143127441e-02
6.321693062782287598e-01
4.235652685165405273e-01
-3.791882842779159546e-02
6.181966066360473633e-01
4.422201514244079590e-01
-3.859087452292442322e-02
6.207170486450195312e-01
4.763935208320617676e-01
-3.642506152391433716e-02
