6.564198732376098633e-01
7.137667536735534668e-01
-5.632087436424626503e-07
5.989043712615966797e-01
6.791317462921142578e-01
-1.260155718773603439e-02
5.690058469772338867e-01
5.743302106857299805e-01
-1.455051638185977936e-02
6.110674142837524414e-01
5.007131099700927734e-01
-2.170632034540176392e-02
6.670528054237365723e-01
4.839323461055755615e-01
-2.640789560973644257e-02
5.731259584426879883e-01
5.058250427246093750e-01
5.895263049751520157e-03
5.480527281761169434e-01
4.060256481170654297e-01
-2.212549746036529541e-02
5.491356849670410156e-01
4.527975022792816162e-01
-4.053942114114761353e-02
5.657581090927124023e-01
5.098005533218383789e-01
-4.815213009715080261e-02
6.090878844261169434e-01
4.854249954223632812e-01
-8.507322636432945728e-04
5.856522917747497559e-01
3.708377480506896973e-01
-2.853765897452831268e-02
5.820971131324768066e-01
4.299778342247009277e-01
-3.963913023471832275e-02
5.983797311782836914e-01
4.894738793373107910e-01
-3.854039683938026428e-02
6.498169898986816406e-01
4.802879989147186279e-01
-1.305622234940528870e-02
6.331132054328918457e-01
3.675827980041503906e-01
-3.439235314726829529e-02
6.217847466468811035e-01
4.179456830024719238e-01
-3.782444447278976440e-02
6.321892142295837402e-01
4.724542498588562012e-01
-3.332728892564773560e-02
6.924912333488464355e-01
4.848113954067230225e-01
-2.797816134989261627e-02
6.793389916419982910e-01
4.006600975990295410e-01
-3.934153169393539429e-02
6.632539629936218262e-01
4.223615825176239014e-01
-4.025527089834213257e-02
6.669597625732421875e-01
4.640164971351623535e-01
-3.809977695345878601e-02
