6.765488386154174805e-01
7.161428928375244141e-01
-5.437166805677406956e-07
6.139136552810668945e-01
6.950720548629760742e-01
-2.845271676778793335e-02
5.768629908561706543e-01
6.111675500869750977e-01
-4.565260559320449829e-02
6.081646084785461426e-01
5.302551388740539551e-01
-6.575483828783035278e-02
6.497055292129516602e-01
4.751699864864349365e-01
-8.172776550054550171e-02
5.609827637672424316e-01
4.942364394664764404e-01
-1.714731939136981964e-02
5.299549102783203125e-01
3.720385134220123291e-01
-5.745659023523330688e-02
5.370135903358459473e-01
4.293250143527984619e-01
-8.407311886548995972e-02
5.555710792541503906e-01
4.924732446670532227e-01
-9.611543267965316772e-02
6.038557291030883789e-01
4.687725901603698730e-01
-2.239963039755821228e-02
5.749616026878356934e-01
3.343207240104675293e-01
-5.714095756411552429e-02
5.795706510543823242e-01
4.027214944362640381e-01
-7.394650578498840332e-02
5.952124595642089844e-01
4.644534885883331299e-01
-7.831934094429016113e-02
6.490781903266906738e-01
4.621840417385101318e-01
-3.414549306035041809e-02
6.265938878059387207e-01
3.404262661933898926e-01
-6.076518446207046509e-02
6.228262186050415039e-01
3.992419838905334473e-01
-6.495797634124755859e-02
6.335713863372802734e-01
4.573039412498474121e-01
-6.231999769806861877e-02
6.961235404014587402e-01
4.690797924995422363e-01
-4.978962987661361694e-02
6.799938678741455078e-01
3.760360777378082275e-01
-6.318930536508560181e-02
6.684910058975219727e-01
4.063071608543395996e-01
-6.144550442695617676e-02
6.716012358665466309e-01
4.552139937877655029e-01
-5.814826861023902893e-02
