7.196999788284301758e-01
6.697552800178527832e-01
-5.513901442100177519e-07
6.649108529090881348e-01
6.325105428695678711e-01
-2.655848115682601929e-02
6.494630575180053711e-01
5.321318507194519043e-01
-3.754173964262008667e-02
7.029012441635131836e-01
4.595603346824645996e-01
-4.939804971218109131e-02
7.521767616271972656e-01
4.132854342460632324e-01
-5.742213875055313110e-02
6.230161786079406738e-01
4.491247534751892090e-01
-1.150630135089159012e-02
6.109715104103088379e-01
3.553339242935180664e-01
-4.515591263771057129e-02
6.303884983062744141e-01
4.179692864418029785e-01
-6.836251169443130493e-02
6.471736431121826172e-01
4.803659915924072266e-01
-7.936641573905944824e-02
6.653560996055603027e-01
4.192723929882049561e-01
-1.460576988756656647e-02
6.472047567367553711e-01
2.928484678268432617e-01
-4.522023350000381470e-02
6.646839380264282227e-01
3.623818159103393555e-01
-6.222029030323028564e-02
6.775643229484558105e-01
4.302279651165008545e-01
-6.631740182638168335e-02
7.083081007003784180e-01
4.126382470130920410e-01
-2.340814098715782166e-02
7.003849744796752930e-01
2.987056672573089600e-01
-4.982797801494598389e-02
7.085248231887817383e-01
3.534837961196899414e-01
-5.921050161123275757e-02
7.135949730873107910e-01
4.115004837512969971e-01
-5.909454450011253357e-02
7.516080737113952637e-01
4.225711822509765625e-01
-3.515811264514923096e-02
7.468190789222717285e-01
3.458628058433532715e-01
-5.063920468091964722e-02
7.498169541358947754e-01
3.613907992839813232e-01
-5.415649712085723877e-02
7.513014674186706543e-01
3.944087028503417969e-01
-5.453072488307952881e-02
