7.472894787788391113e-01
8.612909317016601562e-01
-7.219202871056040749e-07
6.786134839057922363e-01
8.243507146835327148e-01
-2.585744112730026245e-02
6.392843723297119141e-01
7.060123682022094727e-01
-3.792298957705497742e-02
6.903170943260192871e-01
6.182195544242858887e-01
-5.468947067856788635e-02
7.578228712081909180e-01
5.824089646339416504e-01
-6.755103170871734619e-02
6.365796327590942383e-01
6.043505668640136719e-01
-7.620577234774827957e-03
6.100711822509765625e-01
4.824109375476837158e-01
-4.958830401301383972e-02
6.105675697326660156e-01
5.617885589599609375e-01
-7.719945162534713745e-02
6.272029876708984375e-01
6.357235312461853027e-01
-8.960361033678054810e-02
6.826611161231994629e-01
5.751867294311523438e-01
-1.533761806786060333e-02
6.574782729148864746e-01
4.206510186195373535e-01
-5.546787753701210022e-02
6.505984067916870117e-01
5.105908513069152832e-01
-7.085797935724258423e-02
6.656978726387023926e-01
5.884014368057250977e-01
-7.045755535364151001e-02
7.307057976722717285e-01
5.669992566108703613e-01
-3.056683205068111420e-02
7.147246003150939941e-01
4.150108397006988525e-01
-6.143083423376083374e-02
6.985752582550048828e-01
4.932714402675628662e-01
-6.501337885856628418e-02
7.066825628280639648e-01
5.659596920013427734e-01
-5.846691131591796875e-02
7.797029018402099609e-01
5.742812156677246094e-01
-4.999451339244842529e-02
7.654685974121093750e-01
4.693740010261535645e-01
-6.376341730356216431e-02
7.428130507469177246e-01
5.019984245300292969e-01
-6.252595782279968262e-02
7.417371869087219238e-01
5.529325008392333984e-01
-5.865791440010070801e-02
