8.908853530883789062e-01
1.043904542922973633e+00
9.322435801095707575e-08
8.150917887687683105e-01
9.953137636184692383e-01
-3.480515629053115845e-02
7.504001259803771973e-01
8.882175087928771973e-01
-5.982546508312225342e-02
7.162517309188842773e-01
7.800759077072143555e-01
-8.732708543539047241e-02
7.461065053939819336e-01
7.012207508087158203e-01
-1.089390963315963745e-01
7.795087695121765137e-01
7.175020575523376465e-01
-5.866280756890773773e-03
7.606000304222106934e-01
5.770705342292785645e-01
-6.132150441408157349e-02
7.606425881385803223e-01
6.214526295661926270e-01
-1.058152690529823303e-01
7.683061361312866211e-01
6.777951717376708984e-01
-1.275618970394134521e-01
8.302647471427917480e-01
6.922284364700317383e-01
-1.302481908351182938e-02
8.126868009567260742e-01
5.258640050888061523e-01
-3.842163085937500000e-02
7.981833219528198242e-01
4.332410097122192383e-01
-6.289868801832199097e-02
7.841219305992126465e-01
3.451395928859710693e-01
-8.069624751806259155e-02
8.840982317924499512e-01
7.040559053421020508e-01
-3.121957555413246155e-02
8.648666739463806152e-01
5.524571537971496582e-01
-5.254002660512924194e-02
8.502634763717651367e-01
4.640291929244995117e-01
-6.741355359554290771e-02
8.328724503517150879e-01
3.797716200351715088e-01
-7.785350829362869263e-02
9.421084523200988770e-01
7.408549785614013672e-01
-5.453973636031150818e-02
9.258254170417785645e-01
6.272287964820861816e-01
-6.524213403463363647e-02
9.117668867111206055e-01
5.574396848678588867e-01
-6.550922989845275879e-02
8.963578343391418457e-01
4.900835156440734863e-01
-6.596213579177856445e-02
