3.308582305908203125e-01
9.799674749374389648e-01
4.609148049894429278e-07
4.129828512668609619e-01
9.101837873458862305e-01
-3.836591914296150208e-02
4.673894643783569336e-01
7.926648855209350586e-01
-5.668684095144271851e-02
4.934506118297576904e-01
6.754447221755981445e-01
-7.701577991247177124e-02
5.049231648445129395e-01
5.712608695030212402e-01
-9.316319972276687622e-02
4.239516556262969971e-01
6.212555766105651855e-01
7.147080264985561371e-03
4.396999478340148926e-01
4.840231835842132568e-01
-4.409777373075485229e-02
4.602832794189453125e-01
4.919683933258056641e-01
-8.875465393066406250e-02
4.741064310073852539e-01
5.449357628822326660e-01
-1.082634851336479187e-01
3.707800507545471191e-01
6.022633314132690430e-01
5.634053610265254974e-03
3.847053050994873047e-01
4.397388100624084473e-01
-1.455184444785118103e-02
3.954777717590332031e-01
3.438638150691986084e-01
-3.747877851128578186e-02
4.054076969623565674e-01
2.646286785602569580e-01
-5.320274457335472107e-02
3.210970759391784668e-01
6.165574789047241211e-01
-8.265191689133644104e-03
3.324920535087585449e-01
4.733651876449584961e-01
-2.584823966026306152e-02
3.429306745529174805e-01
3.813445866107940674e-01
-3.856646642088890076e-02
3.540788292884826660e-01
3.039264380931854248e-01
-4.679446294903755188e-02
2.686759531497955322e-01
6.583438515663146973e-01
-2.830271236598491669e-02
2.749894559383392334e-01
5.465474128723144531e-01
-3.817964345216751099e-02
2.816988527774810791e-01
4.742840528488159180e-01
-3.621459379792213440e-02
2.906275689601898193e-01
4.058554768562316895e-01
-3.397301957011222839e-02
