3.167534768581390381e-01
9.340502023696899414e-01
5.608920332633715589e-07
3.928295373916625977e-01
8.540206551551818848e-01
-4.011831805109977722e-02
4.358119070529937744e-01
7.360961437225341797e-01
-6.078622862696647644e-02
4.521394670009613037e-01
6.229010820388793945e-01
-8.397098630666732788e-02
4.636012017726898193e-01
5.210936069488525391e-01
-1.028333678841590881e-01
3.861285746097564697e-01
5.667262077331542969e-01
6.478896364569664001e-03
4.038595855236053467e-01
4.256777763366699219e-01
-4.724425077438354492e-02
4.201157987117767334e-01
4.341804981231689453e-01
-9.263189882040023804e-02
4.293020367622375488e-01
4.818748235702514648e-01
-1.122755780816078186e-01
3.365017473697662354e-01
5.570690631866455078e-01
4.260954912751913071e-03
3.519479930400848389e-01
3.951006531715393066e-01
-2.027405798435211182e-02
3.622567653656005859e-01
3.011788725852966309e-01
-4.542731866240501404e-02
3.722433745861053467e-01
2.175839543342590332e-01
-6.218443810939788818e-02
2.891989946365356445e-01
5.770131349563598633e-01
-1.100293919444084167e-02
3.019097745418548584e-01
4.300280809402465820e-01
-3.394602984189987183e-02
3.118804991245269775e-01
3.394441902637481689e-01
-4.910247400403022766e-02
3.235802650451660156e-01
2.604151368141174316e-01
-5.805902183055877686e-02
2.383408546447753906e-01
6.206210851669311523e-01
-3.236468881368637085e-02
2.455868422985076904e-01
5.058034062385559082e-01
-4.645934700965881348e-02
2.538292407989501953e-01
4.350022077560424805e-01
-4.735079780220985413e-02
2.649810910224914551e-01
3.660873770713806152e-01
-4.676554352045059204e-02
