3.420279026031494141e-01
8.136857151985168457e-01
3.328224806864454877e-08
2.694265544414520264e-01
7.399896979331970215e-01
9.520579129457473755e-03
2.425041794776916504e-01
6.412547230720520020e-01
6.653070915490388870e-03
2.511903643608093262e-01
5.465365052223205566e-01
2.228708704933524132e-03
2.647583186626434326e-01
4.784218966960906982e-01
3.484931075945496559e-04
2.700191736221313477e-01
5.632917284965515137e-01
-1.897178776562213898e-02
2.741729319095611572e-01
4.216211736202239990e-01
-3.557745739817619324e-02
2.834283709526062012e-01
4.434386789798736572e-01
-3.945373743772506714e-02
2.918371260166168213e-01
4.834703803062438965e-01
-3.592563048005104065e-02
3.231107890605926514e-01
5.537804961204528809e-01
-3.032433614134788513e-02
3.233662247657775879e-01
3.944318294525146484e-01
-3.994527831673622131e-02
3.255555331707000732e-01
3.124861419200897217e-01
-4.291372373700141907e-02
3.290471136569976807e-01
2.496061921119689941e-01
-4.412491247057914734e-02
3.698971867561340332e-01
5.651503205299377441e-01
-4.010118544101715088e-02
3.646406531333923340e-01
4.232475161552429199e-01
-4.799431189894676208e-02
3.622822761535644531e-01
3.426647186279296875e-01
-5.193575099110603333e-02
3.580997288227081299e-01
2.811503112316131592e-01
-5.380316823720932007e-02
4.119233489036560059e-01
5.922682881355285645e-01
-4.775995016098022461e-02
4.037967026233673096e-01
4.804209470748901367e-01
-4.704528301954269409e-02
3.983615636825561523e-01
4.198422431945800781e-01
-3.907773643732070923e-02
3.941773176193237305e-01
3.704801201820373535e-01
-3.243379294872283936e-02
