6.783732175827026367e-01
8.644030690193176270e-01
2.525793547647481319e-07
6.093698740005493164e-01
8.266990184783935547e-01
-3.474306315183639526e-02
5.533126592636108398e-01
7.443913221359252930e-01
-5.816564708948135376e-02
5.228632092475891113e-01
6.567696332931518555e-01
-8.205822110176086426e-02
5.332606434822082520e-01
5.749523639678955078e-01
-1.016655787825584412e-01
5.738230347633361816e-01
5.988128185272216797e-01
-7.459298241883516312e-03
5.644941926002502441e-01
4.860145151615142822e-01
-5.173470824956893921e-02
5.594629049301147461e-01
5.055738091468811035e-01
-8.966255933046340942e-02
5.584220290184020996e-01
5.407150983810424805e-01
-1.094798818230628967e-01
6.165037751197814941e-01
5.753952860832214355e-01
-1.043816749006509781e-02
6.080718636512756348e-01
4.374701380729675293e-01
-3.050286136567592621e-02
6.012798547744750977e-01
3.607328832149505615e-01
-5.135216563940048218e-02
5.969001054763793945e-01
2.920995950698852539e-01
-6.749758869409561157e-02
6.606209278106689453e-01
5.816965103149414062e-01
-2.322550490498542786e-02
6.495332717895507812e-01
4.614254832267761230e-01
-4.104545712471008301e-02
6.403098702430725098e-01
3.866310715675354004e-01
-5.466510355472564697e-02
6.304749846458435059e-01
3.167134225368499756e-01
-6.545040756464004517e-02
7.075517177581787109e-01
6.092172265052795410e-01
-4.078342765569686890e-02
6.953555345535278320e-01
5.172480940818786621e-01
-5.174669250845909119e-02
6.866669654846191406e-01
4.599768519401550293e-01
-5.393860861659049988e-02
6.756154298782348633e-01
4.055635631084442139e-01
-5.660437420010566711e-02
