6.836199164390563965e-01
8.622787594795227051e-01
1.473815700592240319e-07
6.146142482757568359e-01
8.264481425285339355e-01
-3.131119906902313232e-02
5.604032278060913086e-01
7.418197989463806152e-01
-5.312550067901611328e-02
5.307238698005676270e-01
6.541116833686828613e-01
-7.647942006587982178e-02
5.438309907913208008e-01
5.771490335464477539e-01
-9.507288038730621338e-02
5.855760574340820312e-01
5.936150550842285156e-01
-3.009147942066192627e-03
5.761036872863769531e-01
4.800844788551330566e-01
-4.884482175111770630e-02
5.656879544258117676e-01
5.097954273223876953e-01
-8.771044760942459106e-02
5.604988336563110352e-01
5.561739206314086914e-01
-1.071242615580558777e-01
6.267028450965881348e-01
5.698395371437072754e-01
-7.354953326284885406e-03
6.175620555877685547e-01
4.328515529632568359e-01
-2.556524984538555145e-02
6.069591045379638672e-01
3.535838127136230469e-01
-4.402656480669975281e-02
5.982385277748107910e-01
2.838916182518005371e-01
-5.843081697821617126e-02
6.693796515464782715e-01
5.770322084426879883e-01
-2.177213877439498901e-02
6.581176519393920898e-01
4.560214877128601074e-01
-3.645373880863189697e-02
6.484365463256835938e-01
3.819286227226257324e-01
-4.710224643349647522e-02
6.369956135749816895e-01
3.130064308643341064e-01
-5.596514046192169189e-02
7.140524387359619141e-01
6.056076288223266602e-01
-4.115022718906402588e-02
7.038057446479797363e-01
5.136194825172424316e-01
-4.956652969121932983e-02
6.949451565742492676e-01
4.571993350982666016e-01
-4.960850626230239868e-02
6.837030053138732910e-01
4.036507606506347656e-01
-5.047271028161048889e-02
