6.410785913467407227e-01
9.504315257072448730e-01
5.897152632883262413e-08
6.908043622970581055e-01
8.759011626243591309e-01
1.354970596730709076e-02
7.178709506988525391e-01
7.775279879570007324e-01
1.064023282378911972e-02
7.260245084762573242e-01
6.892484426498413086e-01
5.507989320904016495e-03
7.164551019668579102e-01
6.304179430007934570e-01
-4.097986500710248947e-03
7.174766659736633301e-01
7.486502528190612793e-01
-2.904987521469593048e-02
6.960154175758361816e-01
6.122312545776367188e-01
-4.612429440021514893e-02
6.823231577873229980e-01
5.403692722320556641e-01
-5.344750359654426575e-02
6.737623810768127441e-01
4.830977618694305420e-01
-5.827168002724647522e-02
6.882665157318115234e-01
7.557155489921569824e-01
-4.815358296036720276e-02
6.708727478981018066e-01
6.002236604690551758e-01
-6.592372804880142212e-02
6.601771116256713867e-01
5.155085325241088867e-01
-7.429178804159164429e-02
6.542567610740661621e-01
4.504266977310180664e-01
-8.088969439268112183e-02
6.503649950027465820e-01
7.687989473342895508e-01
-6.394462287425994873e-02
6.424538493156433105e-01
6.214685440063476562e-01
-8.030043542385101318e-02
6.376993060111999512e-01
5.393847823143005371e-01
-8.782728016376495361e-02
6.379232406616210938e-01
4.775716662406921387e-01
-9.371913969516754150e-02
6.063618063926696777e-01
7.864460945129394531e-01
-7.691739499568939209e-02
6.026793718338012695e-01
6.756123900413513184e-01
-9.305018186569213867e-02
6.048194169998168945e-01
6.141133308410644531e-01
-9.790270775556564331e-02
6.109819412231445312e-01
5.617089867591857910e-01
-1.011970639228820801e-01
