6.076302528381347656e-01
7.888014912605285645e-01
6.205707592243925319e-08
6.612114906311035156e-01
7.507176995277404785e-01
1.234362367540597916e-02
6.942051649093627930e-01
7.005313038825988770e-01
1.384016033262014389e-02
7.089871764183044434e-01
6.446902751922607422e-01
1.265677809715270996e-02
7.025878429412841797e-01
6.030805706977844238e-01
1.102932542562484741e-02
6.807739734649658203e-01
6.367846131324768066e-01
-1.084251049906015396e-02
6.887833476066589355e-01
5.387427806854248047e-01
-2.484418079257011414e-02
6.842712163925170898e-01
5.383283495903015137e-01
-2.981218509376049042e-02
6.800230741500854492e-01
5.590870380401611328e-01
-2.907219529151916504e-02
6.510559320449829102e-01
6.250722408294677734e-01
-2.358652651309967041e-02
6.636166572570800781e-01
5.051476359367370605e-01
-3.483151644468307495e-02
6.707139015197753906e-01
4.382961392402648926e-01
-3.891434520483016968e-02
6.758148074150085449e-01
3.900786042213439941e-01
-4.071198403835296631e-02
6.185160875320434570e-01
6.255080699920654297e-01
-3.483080118894577026e-02
6.319762468338012695e-01
5.176842808723449707e-01
-4.386193305253982544e-02
6.410268545150756836e-01
4.547594189643859863e-01
-4.734897613525390625e-02
6.506348252296447754e-01
4.072346091270446777e-01
-4.902322962880134583e-02
5.830613970756530762e-01
6.368631124496459961e-01
-4.406227171421051025e-02
5.935248732566833496e-01
5.516141653060913086e-01
-5.104213207960128784e-02
6.032230854034423828e-01
5.060068964958190918e-01
-4.927486926317214966e-02
6.150162220001220703e-01
4.692700803279876709e-01
-4.669271409511566162e-02
