6.152809262275695801e-01
8.137352466583251953e-01
1.505470947904541390e-07
5.786350369453430176e-01
7.428684234619140625e-01
6.970148533582687378e-03
5.819603204727172852e-01
6.661937236785888672e-01
9.978661313652992249e-03
5.875085592269897461e-01
6.155784130096435547e-01
7.140197325497865677e-03
5.912536978721618652e-01
5.690078139305114746e-01
4.478659946471452713e-03
6.149381995201110840e-01
6.126657128334045410e-01
2.632048353552818298e-02
6.090589165687561035e-01
5.365490913391113281e-01
1.740409620106220245e-02
6.018467545509338379e-01
4.815908372402191162e-01
7.001580204814672470e-03
5.993378758430480957e-01
4.344768524169921875e-01
-1.589995692484080791e-03
6.232276558876037598e-01
6.133444905281066895e-01
1.089967694133520126e-02
6.136134266853332520e-01
5.260782837867736816e-01
-8.605035254731774330e-04
6.054563522338867188e-01
4.644317626953125000e-01
-1.440510898828506470e-02
6.015461087226867676e-01
4.089669287204742432e-01
-2.380487695336341858e-02
6.288112401962280273e-01
6.209034919738769531e-01
-7.069742772728204727e-03
6.196565628051757812e-01
5.320715904235839844e-01
-2.048601768910884857e-02
6.113585233688354492e-01
4.711025357246398926e-01
-3.089811652898788452e-02
6.068282723426818848e-01
4.198260009288787842e-01
-3.709798306226730347e-02
6.305169463157653809e-01
6.323348879814147949e-01
-2.558572962880134583e-02
6.252568364143371582e-01
5.604673027992248535e-01
-3.505925089120864868e-02
6.175553798675537109e-01
5.147041678428649902e-01
-3.926777467131614685e-02
6.109342575073242188e-01
4.765632152557373047e-01
-4.220747947692871094e-02
