3.134965896606445312e-01
8.501247167587280273e-01
2.611342608815903077e-07
3.790153264999389648e-01
8.038204908370971680e-01
-3.199331834912300110e-02
4.236048460006713867e-01
7.061704397201538086e-01
-4.644637182354927063e-02
4.423517882823944092e-01
6.113215088844299316e-01
-6.285761296749114990e-02
4.354792237281799316e-01
5.328515172004699707e-01
-7.635924965143203735e-02
3.840851485729217529e-01
5.577456355094909668e-01
5.549933412112295628e-04
3.897668123245239258e-01
4.433131515979766846e-01
-4.314531385898590088e-02
4.047154486179351807e-01
4.545012414455413818e-01
-8.052486181259155273e-02
4.165594279766082764e-01
5.003322362899780273e-01
-9.753936529159545898e-02
3.399329781532287598e-01
5.441636443138122559e-01
-1.573570189066231251e-03
3.414680957794189453e-01
4.128040075302124023e-01
-2.225412800908088684e-02
3.383993804454803467e-01
3.316340446472167969e-01
-4.543932899832725525e-02
3.354893326759338379e-01
2.586228847503662109e-01
-6.185410171747207642e-02
3.001479208469390869e-01
5.583121776580810547e-01
-1.334811747074127197e-02
3.020849227905273438e-01
4.412707090377807617e-01
-3.079009614884853363e-02
3.017381727695465088e-01
3.636164069175720215e-01
-4.436609148979187012e-02
3.022672235965728760e-01
2.936644852161407471e-01
-5.377864837646484375e-02
2.587488591670989990e-01
5.926640629768371582e-01
-3.012292832136154175e-02
2.605645656585693359e-01
4.999139606952667236e-01
-4.065902158617973328e-02
2.624835669994354248e-01
4.389138221740722656e-01
-4.228679835796356201e-02
2.670740485191345215e-01
3.794504404067993164e-01
-4.332785680890083313e-02
