5.997797846794128418e-01
7.680941224098205566e-01
1.182801554477919126e-07
5.414189100265502930e-01
7.483474016189575195e-01
-2.667249552905559540e-02
4.916960597038269043e-01
6.825580000877380371e-01
-4.443852230906486511e-02
4.682221710681915283e-01
6.105427145957946777e-01
-6.308546662330627441e-02
4.842731654644012451e-01
5.454434752464294434e-01
-7.793788611888885498e-02
5.077334046363830566e-01
5.547666549682617188e-01
-5.983733106404542923e-03
4.951442480087280273e-01
4.646875560283660889e-01
-4.350394010543823242e-02
4.931045174598693848e-01
4.872030317783355713e-01
-7.464379817247390747e-02
4.959229230880737305e-01
5.221465229988098145e-01
-9.011567384004592896e-02
5.409631133079528809e-01
5.317713618278503418e-01
-9.177531115710735321e-03
5.273177623748779297e-01
4.199945032596588135e-01
-2.505501545965671539e-02
5.147945284843444824e-01
3.579516112804412842e-01
-4.002143070101737976e-02
5.041899681091308594e-01
3.036346435546875000e-01
-5.122968181967735291e-02
5.767170786857604980e-01
5.338151454925537109e-01
-2.035596035420894623e-02
5.617353320121765137e-01
4.341942667961120605e-01
-3.355845808982849121e-02
5.494607686996459961e-01
3.749720454216003418e-01
-4.194144904613494873e-02
5.362471938133239746e-01
3.194242119789123535e-01
-4.850838333368301392e-02
6.149662733078002930e-01
5.528625845909118652e-01
-3.558214753866195679e-02
6.022992730140686035e-01
4.770832359790802002e-01
-4.281943291425704956e-02
5.930209159851074219e-01
4.320426285266876221e-01
-4.219971969723701477e-02
5.817627906799316406e-01
3.893883824348449707e-01
-4.217524081468582153e-02
