5.891522765159606934e-01
7.739408016204833984e-01
9.108489251730134129e-08
5.412343740463256836e-01
7.486554980278015137e-01
-2.337464876472949982e-02
5.055533051490783691e-01
6.882274150848388672e-01
-3.906435519456863403e-02
4.948874115943908691e-01
6.248692870140075684e-01
-5.534996464848518372e-02
5.122118592262268066e-01
5.740732550621032715e-01
-6.831044703722000122e-02
5.332186222076416016e-01
5.847378373146057129e-01
-8.720292709767818451e-03
5.303768515586853027e-01
5.025568604469299316e-01
-4.147603735327720642e-02
5.267922282218933105e-01
5.290426611900329590e-01
-6.767573207616806030e-02
5.270045399665832520e-01
5.656660795211791992e-01
-8.048184961080551147e-02
5.636366009712219238e-01
5.724578499794006348e-01
-1.174054946750402451e-02
5.630618929862976074e-01
4.726597964763641357e-01
-2.654140628874301910e-02
5.599932670593261719e-01
4.174563586711883545e-01
-4.039921984076499939e-02
5.580663681030273438e-01
3.677497506141662598e-01
-5.095743387937545776e-02
5.928928256034851074e-01
5.806506276130676270e-01
-2.136145159602165222e-02
5.900135636329650879e-01
4.911475181579589844e-01
-3.423628956079483032e-02
5.868431329727172852e-01
4.387010335922241211e-01
-4.302361235022544861e-02
5.829784274101257324e-01
3.885074555873870850e-01
-4.973926767706871033e-02
6.228851675987243652e-01
6.028350591659545898e-01
-3.420468792319297791e-02
6.189341545104980469e-01
5.359505414962768555e-01
-4.165276139974594116e-02
6.158728599548339844e-01
4.954722523689270020e-01
-4.211029410362243652e-02
6.115754842758178711e-01
4.565375447273254395e-01
-4.286060854792594910e-02
