5.931128859519958496e-01
7.876267433166503906e-01
-2.802423004766296799e-08
5.478976964950561523e-01
7.435762286186218262e-01
-4.666791937779635191e-04
5.368555188179016113e-01
6.722099184989929199e-01
-1.566834514960646629e-03
5.350805521011352539e-01
6.217091679573059082e-01
-8.186949416995048523e-03
5.393189787864685059e-01
5.791000723838806152e-01
-1.338545605540275574e-02
5.707265734672546387e-01
5.993714928627014160e-01
2.334044128656387329e-02
5.633645653724670410e-01
5.424535274505615234e-01
3.400880377739667892e-03
5.434919595718383789e-01
5.571027994155883789e-01
-1.681379973888397217e-02
5.308407545089721680e-01
5.862803459167480469e-01
-2.648527920246124268e-02
5.844462513923645020e-01
5.899471640586853027e-01
1.318176835775375366e-02
5.864729285240173340e-01
5.104379057884216309e-01
8.121900260448455811e-03
5.817896127700805664e-01
4.547478258609771729e-01
1.065058633685112000e-03
5.808163285255432129e-01
4.077681899070739746e-01
-4.715478979051113129e-03
5.978478193283081055e-01
5.972257256507873535e-01
-2.745532663539052010e-03
5.993384122848510742e-01
5.151494741439819336e-01
-6.684955675154924393e-03
5.956934094429016113e-01
4.585618674755096436e-01
-1.110720541328191757e-02
5.938717126846313477e-01
4.135854244232177734e-01
-1.500228978693485260e-02
6.076508760452270508e-01
6.128092408180236816e-01
-2.095797657966613770e-02
6.063263416290283203e-01
5.474839806556701660e-01
-2.334686182439327240e-02
6.024596691131591797e-01
5.011226534843444824e-01
-2.341178804636001587e-02
5.980713963508605957e-01
4.635102450847625732e-01
-2.396193891763687134e-02
