6.172688007354736328e-01
7.539098262786865234e-01
3.523191338672404527e-08
6.702934503555297852e-01
7.259546518325805664e-01
1.229050569236278534e-02
7.035118341445922852e-01
6.824981570243835449e-01
1.636065915226936340e-02
7.169957160949707031e-01
6.287180185317993164e-01
1.864845864474773407e-02
7.092242240905761719e-01
5.915570855140686035e-01
2.135014161467552185e-02
6.895127296447753906e-01
6.105947494506835938e-01
-6.107142660766839981e-03
6.988946199417114258e-01
5.228979587554931641e-01
-1.630945503711700439e-02
6.983459591865539551e-01
5.242072343826293945e-01
-1.855435594916343689e-02
6.963492035865783691e-01
5.441557765007019043e-01
-1.641478016972541809e-02
6.615294814109802246e-01
5.968832373619079590e-01
-1.587133482098579407e-02
6.769481897354125977e-01
4.919590353965759277e-01
-2.550998516380786896e-02
6.863083839416503906e-01
4.352968335151672363e-01
-2.776989154517650604e-02
6.929947137832641602e-01
3.944694995880126953e-01
-2.793940901756286621e-02
6.320793032646179199e-01
5.944078564643859863e-01
-2.417804487049579620e-02
6.487970948219299316e-01
5.015667676925659180e-01
-3.171598166227340698e-02
6.593244075775146484e-01
4.486271142959594727e-01
-3.378538414835929871e-02
6.690337657928466797e-01
4.083553552627563477e-01
-3.408222272992134094e-02
6.007208228111267090e-01
6.038854718208312988e-01
-3.056844137609004974e-02
6.146326065063476562e-01
5.291636586189270020e-01
-3.534549102187156677e-02
6.247286796569824219e-01
4.903718829154968262e-01
-3.294071555137634277e-02
6.364809870719909668e-01
4.594965577125549316e-01
-2.989790402352809906e-02
