5.829918384552001953e-01
7.428077459335327148e-01
3.295846795481338631e-08
6.160604357719421387e-01
6.839138865470886230e-01
7.173398509621620178e-03
6.262221932411193848e-01
6.232018470764160156e-01
9.479720145463943481e-03
6.122214198112487793e-01
5.687674283981323242e-01
1.060822978615760803e-02
5.912660360336303711e-01
5.427345037460327148e-01
1.232889574021100998e-02
5.885536074638366699e-01
5.767915844917297363e-01
-8.747352287173271179e-03
5.612996220588684082e-01
4.982201457023620605e-01
-1.955545693635940552e-02
5.611358284950256348e-01
5.030536055564880371e-01
-2.223073504865169525e-02
5.668059587478637695e-01
5.258945822715759277e-01
-2.032718993723392487e-02
5.588915944099426270e-01
5.834795832633972168e-01
-1.636855490505695343e-02
5.287559628486633301e-01
4.853720366954803467e-01
-2.567306160926818848e-02
5.120499134063720703e-01
4.309539496898651123e-01
-2.877162396907806396e-02
4.988571703433990479e-01
3.923405408859252930e-01
-2.986630797386169434e-02
5.336704254150390625e-01
6.010813713073730469e-01
-2.304616197943687439e-02
5.083773136138916016e-01
5.144605636596679688e-01
-3.048119507730007172e-02
4.938576221466064453e-01
4.641707837581634521e-01
-3.414279967546463013e-02
4.835583865642547607e-01
4.259102344512939453e-01
-3.582642599940299988e-02
5.115473866462707520e-01
6.304001212120056152e-01
-2.830373682081699371e-02
4.916217029094696045e-01
5.598049759864807129e-01
-3.329498320817947388e-02
4.821821153163909912e-01
5.206820964813232422e-01
-3.231711313128471375e-02
4.769485294818878174e-01
4.877218604087829590e-01
-3.054760769009590149e-02
