6.264045238494873047e-01
7.659809589385986328e-01
8.531630157904146472e-08
6.923925876617431641e-01
7.097050547599792480e-01
1.085639465600252151e-02
7.320632338523864746e-01
6.405922770500183105e-01
1.006640680134296417e-02
7.265691161155700684e-01
5.590636730194091797e-01
6.726477760821580887e-03
7.075449228286743164e-01
5.086525678634643555e-01
2.937975106760859489e-03
7.103828191757202148e-01
5.721424818038940430e-01
-1.593137346208095551e-02
7.080015540122985840e-01
4.394213259220123291e-01
-3.436195105314254761e-02
7.010798454284667969e-01
4.397012889385223389e-01
-4.054623097181320190e-02
6.977046728134155273e-01
4.663496017456054688e-01
-3.950594738125801086e-02
6.695212721824645996e-01
5.583239793777465820e-01
-2.964290603995323181e-02
6.740561127662658691e-01
4.080612659454345703e-01
-4.170663654804229736e-02
6.771184206008911133e-01
3.271581530570983887e-01
-4.628159105777740479e-02
6.799880266189575195e-01
2.693330943584442139e-01
-4.881114140152931213e-02
6.284984946250915527e-01
5.600937604904174805e-01
-4.208854958415031433e-02
6.377528905868530273e-01
4.259786903858184814e-01
-5.170942097902297974e-02
6.436159014701843262e-01
3.493666946887969971e-01
-5.595006048679351807e-02
6.507225632667541504e-01
2.919803857803344727e-01
-5.856350809335708618e-02
5.870952606201171875e-01
5.771352052688598633e-01
-5.250060930848121643e-02
5.960491299629211426e-01
4.707877039909362793e-01
-5.901208892464637756e-02
6.054803729057312012e-01
4.153347611427307129e-01
-5.641886964440345764e-02
6.164763569831848145e-01
3.688775897026062012e-01
-5.345220118761062622e-02
