6.310821771621704102e-01
7.519145011901855469e-01
1.746836675309282327e-09
6.807606220245361328e-01
7.184869050979614258e-01
1.539997104555368423e-02
7.083064913749694824e-01
6.728608012199401855e-01
2.124919369816780090e-02
7.098817229270935059e-01
6.189196705818176270e-01
2.431481145322322845e-02
7.014595866203308105e-01
5.851446390151977539e-01
2.739885263144969940e-02
6.985467672348022461e-01
6.065768599510192871e-01
-5.920967087149620056e-04
7.010055184364318848e-01
5.168340206146240234e-01
-8.988189511001110077e-03
6.962543129920959473e-01
5.163368582725524902e-01
-9.291276335716247559e-03
6.932231783866882324e-01
5.356194376945495605e-01
-5.936832632869482040e-03
6.716864705085754395e-01
5.932711958885192871e-01
-1.185675710439682007e-02
6.794457435607910156e-01
4.887051582336425781e-01
-2.042572014033794403e-02
6.843158006668090820e-01
4.324780106544494629e-01
-2.099901065230369568e-02
6.883147358894348145e-01
3.908234238624572754e-01
-1.968709751963615417e-02
6.424857378005981445e-01
5.917020440101623535e-01
-2.177744172513484955e-02
6.517572999000549316e-01
4.986256957054138184e-01
-2.891770750284194946e-02
6.582906842231750488e-01
4.460527896881103516e-01
-2.949007600545883179e-02
6.649559736251831055e-01
4.048408269882202148e-01
-2.837178483605384827e-02
6.106701493263244629e-01
6.025370359420776367e-01
-2.956696599721908569e-02
6.196591854095458984e-01
5.255498886108398438e-01
-3.393410891294479370e-02
6.271939873695373535e-01
4.868362247943878174e-01
-3.079706802964210510e-02
6.359978914260864258e-01
4.556198120117187500e-01
-2.703870087862014771e-02
