3.349403142929077148e-01
9.126123189926147461e-01
3.817817457729688613e-07
4.016421139240264893e-01
8.484657406806945801e-01
-3.211927413940429688e-02
4.398186206817626953e-01
7.461051940917968750e-01
-4.971195757389068604e-02
4.543813169002532959e-01
6.490165591239929199e-01
-7.022242248058319092e-02
4.718317389488220215e-01
5.654916763305664062e-01
-8.733808994293212891e-02
4.029364287853240967e-01
6.001780629158020020e-01
7.045085076242685318e-03
4.117864370346069336e-01
4.774086475372314453e-01
-4.091223701834678650e-02
4.294983148574829102e-01
4.833885431289672852e-01
-8.218664675951004028e-02
4.432598650455474854e-01
5.279666781425476074e-01
-1.008213609457015991e-01
3.601382374763488770e-01
5.890077352523803711e-01
3.030146006494760513e-03
3.708369433879852295e-01
4.507596790790557861e-01
-1.908350363373756409e-02
3.766788840293884277e-01
3.661279678344726562e-01
-4.232292249798774719e-02
3.823511600494384766e-01
2.932117879390716553e-01
-5.820219591259956360e-02
3.205192387104034424e-01
6.054161787033081055e-01
-1.208103075623512268e-02
3.290425837039947510e-01
4.815525114536285400e-01
-3.174136579036712646e-02
3.360862731933593750e-01
4.010491073131561279e-01
-4.536687582731246948e-02
3.444573581218719482e-01
3.309481143951416016e-01
-5.387742817401885986e-02
2.780579328536987305e-01
6.438006162643432617e-01
-3.242686390876770020e-02
2.834242880344390869e-01
5.463489890098571777e-01
-4.522259160876274109e-02
2.899383902549743652e-01
4.806151390075683594e-01
-4.676025733351707458e-02
2.989799380302429199e-01
4.167873859405517578e-01
-4.691405966877937317e-02
