3.247629702091217041e-01
8.508926630020141602e-01
-5.684397308414190775e-08
2.836312353610992432e-01
7.428697943687438965e-01
3.553519770503044128e-02
2.821789085865020752e-01
6.507902741432189941e-01
4.243283346295356750e-02
3.098563849925994873e-01
5.885406136512756348e-01
4.193792492151260376e-02
3.469496965408325195e-01
5.529274344444274902e-01
4.149031639099121094e-02
2.839250266551971436e-01
5.923178195953369141e-01
2.867684699594974518e-03
3.074572086334228516e-01
4.719753265380859375e-01
-5.584485828876495361e-03
3.238783180713653564e-01
4.857983887195587158e-01
-8.256560540758073330e-04
3.328432738780975342e-01
5.174303054809570312e-01
6.643462460488080978e-03
3.292439877986907959e-01
5.873789787292480469e-01
-2.212757430970668793e-02
3.532004356384277344e-01
4.419816136360168457e-01
-3.069956041872501373e-02
3.653842508792877197e-01
3.667894601821899414e-01
-3.109440766274929047e-02
3.747873306274414062e-01
3.080305457115173340e-01
-2.931781671941280365e-02
3.727048635482788086e-01
6.027877330780029297e-01
-4.312915354967117310e-02
3.895513415336608887e-01
4.638825058937072754e-01
-5.096531286835670471e-02
3.969786167144775391e-01
3.924597501754760742e-01
-5.258469656109809875e-02
3.990352749824523926e-01
3.349533379077911377e-01
-5.217603221535682678e-02
4.137144684791564941e-01
6.380301117897033691e-01
-5.982067435979843140e-02
4.209874868392944336e-01
5.285320281982421875e-01
-6.269494444131851196e-02
4.212717711925506592e-01
4.712938964366912842e-01
-5.560082197189331055e-02
4.227017760276794434e-01
4.230709671974182129e-01
-4.839543998241424561e-02
