3.459261357784271240e-01
8.697904348373413086e-01
7.325707684913140838e-08
2.798373699188232422e-01
8.036491274833679199e-01
1.972427219152450562e-02
2.446764260530471802e-01
7.211239337921142578e-01
2.177514322102069855e-02
2.366847693920135498e-01
6.384683251380920410e-01
2.155936881899833679e-02
2.364912927150726318e-01
5.786713957786560059e-01
2.249693125486373901e-02
2.721077799797058105e-01
6.349923610687255859e-01
-1.709813065826892853e-02
2.648554444313049316e-01
5.054500699043273926e-01
-2.896431833505630493e-02
2.653791606426239014e-01
5.008931159973144531e-01
-2.424365282058715820e-02
2.654720842838287354e-01
5.236082077026367188e-01
-1.438598148524761200e-02
3.234052062034606934e-01
6.254074573516845703e-01
-3.120984323322772980e-02
3.332330286502838135e-01
4.633244872093200684e-01
-4.493693262338638306e-02
3.416634500026702881e-01
3.819314241409301758e-01
-4.218404740095138550e-02
3.508388400077819824e-01
3.224101960659027100e-01
-3.585501015186309814e-02
3.710913658142089844e-01
6.350396275520324707e-01
-4.204745963215827942e-02
3.756201565265655518e-01
4.896710515022277832e-01
-5.367522314190864563e-02
3.778573274612426758e-01
4.073989093303680420e-01
-5.336844176054000854e-02
3.781984448432922363e-01
3.425004780292510986e-01
-4.927766323089599609e-02
4.145385921001434326e-01
6.625671982765197754e-01
-4.928382113575935364e-02
4.124992787837982178e-01
5.436827540397644043e-01
-5.146095156669616699e-02
4.103888869285583496e-01
4.793553352355957031e-01
-4.265855625271797180e-02
4.085012972354888916e-01
4.256904125213623047e-01
-3.355405479669570923e-02
