7.567182779312133789e-01
8.186080455780029297e-01
2.104644920564169297e-07
6.823973655700683594e-01
7.921031117439270020e-01
-2.105475030839443207e-02
6.149015426635742188e-01
7.181859016418457031e-01
-3.736185282468795776e-02
5.761734247207641602e-01
6.478264927864074707e-01
-5.642678588628768921e-02
5.634543299674987793e-01
5.728032588958740234e-01
-7.158339768648147583e-02
6.190184354782104492e-01
5.712906122207641602e-01
-2.258476160932332277e-04
5.823745727539062500e-01
4.682441949844360352e-01
-4.217708483338356018e-02
5.706954598426818848e-01
4.932878017425537109e-01
-7.729206979274749756e-02
5.752984285354614258e-01
5.411285161972045898e-01
-9.369795769453048706e-02
6.583735346794128418e-01
5.367600917816162109e-01
-7.813569158315658569e-03
6.386885046958923340e-01
4.030049443244934082e-01
-2.568213082849979401e-02
6.297400593757629395e-01
3.224090635776519775e-01
-4.104980453848838806e-02
6.277291774749755859e-01
2.564173638820648193e-01
-5.149542912840843201e-02
7.022159695625305176e-01
5.344269275665283203e-01
-2.381311357021331787e-02
6.810727119445800781e-01
4.145180583000183105e-01
-3.658544644713401794e-02
6.671301126480102539e-01
3.404895663261413574e-01
-4.023033007979393005e-02
6.553300619125366211e-01
2.740894854068756104e-01
-4.273565113544464111e-02
7.495712637901306152e-01
5.544915199279785156e-01
-4.393137991428375244e-02
7.292634248733520508e-01
4.626834392547607422e-01
-5.143059790134429932e-02
7.161104083061218262e-01
4.043911099433898926e-01
-4.626910015940666199e-02
7.038338184356689453e-01
3.514182567596435547e-01
-4.139337316155433655e-02
