6.764541864395141602e-01
7.332247495651245117e-01
1.746312392469917540e-07
6.299496889114379883e-01
7.175592184066772461e-01
-1.891225203871726990e-02
5.890294313430786133e-01
6.687380075454711914e-01
-3.210325911641120911e-02
5.654389858245849609e-01
6.192612648010253906e-01
-4.620085656642913818e-02
5.528947710990905762e-01
5.694667100906372070e-01
-5.756152421236038208e-02
5.871691107749938965e-01
5.713028311729431152e-01
-6.391425151377916336e-03
5.600197911262512207e-01
5.006066560745239258e-01
-3.731269016861915588e-02
5.550138950347900391e-01
5.176271200180053711e-01
-6.206433475017547607e-02
5.598227977752685547e-01
5.518698692321777344e-01
-7.315984368324279785e-02
6.168483495712280273e-01
5.479400753974914551e-01
-9.649194777011871338e-03
6.047737002372741699e-01
4.547274708747863770e-01
-2.405963651835918427e-02
6.001549363136291504e-01
4.012057185173034668e-01
-3.752138093113899231e-02
5.986069440841674805e-01
3.557209968566894531e-01
-4.684858396649360657e-02
6.472344398498535156e-01
5.461176633834838867e-01
-1.876489445567131042e-02
6.346563100814819336e-01
4.646476507186889648e-01
-3.073609992861747742e-02
6.273508667945861816e-01
4.154203534126281738e-01
-3.778861835598945618e-02
6.195518374443054199e-01
3.689382076263427734e-01
-4.247835278511047363e-02
6.792729496955871582e-01
5.589041113853454590e-01
-3.052327781915664673e-02
6.674323081970214844e-01
4.977962970733642578e-01
-3.732075914740562439e-02
6.607735157012939453e-01
4.595112204551696777e-01
-3.630049899220466614e-02
6.532733440399169922e-01
4.237539172172546387e-01
-3.516032919287681580e-02
