6.922185420989990234e-01
7.447448372840881348e-01
1.833510054893849883e-07
6.317417025566101074e-01
7.170410752296447754e-01
-2.153728902339935303e-02
5.813835263252258301e-01
6.476027369499206543e-01
-3.799115121364593506e-02
5.508348345756530762e-01
5.846648812294006348e-01
-5.650022625923156738e-02
5.440118312835693359e-01
5.213848948478698730e-01
-7.179961353540420532e-02
5.970779657363891602e-01
5.228055119514465332e-01
-4.370690789073705673e-03
5.654866695404052734e-01
4.357020854949951172e-01
-4.337409511208534241e-02
5.506727099418640137e-01
4.570808410644531250e-01
-7.561855018138885498e-02
5.521761178970336914e-01
5.011103749275207520e-01
-9.054215997457504272e-02
6.335506439208984375e-01
4.971174001693725586e-01
-9.054128080606460571e-03
6.249284744262695312e-01
3.824223577976226807e-01
-2.566808648407459259e-02
6.211918592453002930e-01
3.145804107189178467e-01
-3.960701823234558105e-02
6.227517127990722656e-01
2.602459490299224854e-01
-4.890872165560722351e-02
6.714039444923400879e-01
4.994735121726989746e-01
-2.118343487381935120e-02
6.580365896224975586e-01
3.974246084690093994e-01
-3.317402675747871399e-02
6.482315659523010254e-01
3.341784775257110596e-01
-3.627374395728111267e-02
6.400028467178344727e-01
2.773619592189788818e-01
-3.802496939897537231e-02
7.101935148239135742e-01
5.212730765342712402e-01
-3.708089143037796021e-02
6.979095339775085449e-01
4.429794549942016602e-01
-4.412591829895973206e-02
6.890193223953247070e-01
3.934795856475830078e-01
-3.970281779766082764e-02
6.802038550376892090e-01
3.486787676811218262e-01
-3.513412922620773315e-02
