6.703643202781677246e-01
6.928432583808898926e-01
1.572238943481352180e-07
6.235445737838745117e-01
6.761398911476135254e-01
-1.765275932848453522e-02
5.822932720184326172e-01
6.324067711830139160e-01
-3.203533217310905457e-02
5.534424781799316406e-01
5.889016389846801758e-01
-4.769188165664672852e-02
5.425000786781311035e-01
5.385581851005554199e-01
-6.084986776113510132e-02
5.856924057006835938e-01
5.350965261459350586e-01
-6.673043593764305115e-03
5.539559125900268555e-01
4.711583852767944336e-01
-3.964937105774879456e-02
5.436114072799682617e-01
4.875634610652923584e-01
-6.606592983007431030e-02
5.474084615707397461e-01
5.199587345123291016e-01
-7.813503593206405640e-02
6.128692626953125000e-01
5.110485553741455078e-01
-1.022209133952856064e-02
5.967932343482971191e-01
4.203631877899169922e-01
-2.662279270589351654e-02
5.899567008018493652e-01
3.667856752872467041e-01
-3.917190432548522949e-02
5.874067544937133789e-01
3.224442303180694580e-01
-4.694303870201110840e-02
6.428453922271728516e-01
5.081406235694885254e-01
-1.948469318449497223e-02
6.258640289306640625e-01
4.295753836631774902e-01
-3.174584731459617615e-02
6.153950095176696777e-01
3.805016577243804932e-01
-3.581409901380538940e-02
6.056268811225891113e-01
3.357122540473937988e-01
-3.756451979279518127e-02
6.752732992172241211e-01
5.208171606063842773e-01
-3.147108480334281921e-02
6.610718369483947754e-01
4.607616961002349854e-01
-3.777192533016204834e-02
6.519961953163146973e-01
4.231619238853454590e-01
-3.467899188399314880e-02
6.428337693214416504e-01
3.895183205604553223e-01
-3.117380291223526001e-02
