6.180630326271057129e-01
7.540898919105529785e-01
1.664188147287859465e-07
5.628452897071838379e-01
7.438652515411376953e-01
-2.350461669266223907e-02
5.140922069549560547e-01
7.020592093467712402e-01
-4.215072467923164368e-02
4.801114797592163086e-01
6.604022979736328125e-01
-6.189792603254318237e-02
4.613727927207946777e-01
6.106888055801391602e-01
-7.880831509828567505e-02
5.077198147773742676e-01
5.835300087928771973e-01
-1.109850313514471054e-02
4.735419452190399170e-01
5.108498930931091309e-01
-5.103817954659461975e-02
4.618657529354095459e-01
5.365355014801025391e-01
-8.345101028680801392e-02
4.630907475948333740e-01
5.780298113822937012e-01
-9.816550463438034058e-02
5.381886959075927734e-01
5.547243356704711914e-01
-1.450109295547008514e-02
5.129438042640686035e-01
4.535664618015289307e-01
-3.107877448201179504e-02
4.969167411327362061e-01
3.928401470184326172e-01
-4.486742243170738220e-02
4.846568107604980469e-01
3.413439989089965820e-01
-5.447343364357948303e-02
5.739891529083251953e-01
5.482993125915527344e-01
-2.513552084565162659e-02
5.486412048339843750e-01
4.606159031391143799e-01
-3.756886348128318787e-02
5.322777032852172852e-01
4.048522412776947021e-01
-4.382090270519256592e-02
5.161386728286743164e-01
3.559484481811523438e-01
-4.800056666135787964e-02
6.123290657997131348e-01
5.594381690025329590e-01
-3.932745382189750671e-02
5.915018320083618164e-01
4.910167753696441650e-01
-4.700851440429687500e-02
5.777489542961120605e-01
4.479365944862365723e-01
-4.494541138410568237e-02
5.642359256744384766e-01
4.098481237888336182e-01
-4.244044795632362366e-02
