6.709237694740295410e-01
7.555885314941406250e-01
1.991158598002584768e-07
6.262977123260498047e-01
7.274936437606811523e-01
-1.832123845815658569e-02
5.945895314216613770e-01
6.645664572715759277e-01
-2.996291965246200562e-02
5.840842723846435547e-01
6.063184142112731934e-01
-4.255269467830657959e-02
5.859433412551879883e-01
5.514041781425476074e-01
-5.307027697563171387e-02
6.108254194259643555e-01
5.701486468315124512e-01
-2.752768807113170624e-03
5.938634276390075684e-01
5.041500926017761230e-01
-2.883986383676528931e-02
5.857949852943420410e-01
5.088000893592834473e-01
-5.109615623950958252e-02
5.837714076042175293e-01
5.271457433700561523e-01
-6.229927763342857361e-02
6.454865336418151855e-01
5.537796020507812500e-01
-7.238353136926889420e-03
6.479678153991699219e-01
4.600161015987396240e-01
-2.026332914829254150e-02
6.506190299987792969e-01
4.052665829658508301e-01
-3.407526388764381409e-02
6.550120115280151367e-01
3.582381606101989746e-01
-4.388757422566413879e-02
6.764215826988220215e-01
5.608226060867309570e-01
-1.738839223980903625e-02
6.758744716644287109e-01
4.784353673458099365e-01
-3.050979599356651306e-02
6.751130223274230957e-01
4.276484251022338867e-01
-4.030566290020942688e-02
6.732609272003173828e-01
3.796499371528625488e-01
-4.689687490463256836e-02
7.062171101570129395e-01
5.840862393379211426e-01
-2.986467443406581879e-02
7.042418718338012695e-01
5.208494067192077637e-01
-3.831967711448669434e-02
7.031392455101013184e-01
4.802430272102355957e-01
-3.952522948384284973e-02
6.996958851814270020e-01
4.424473643302917480e-01
-4.032659903168678284e-02
