6.599718332290649414e-01
7.535703182220458984e-01
1.473558057796253706e-07
6.185216307640075684e-01
7.290713787078857422e-01
-1.776976510882377625e-02
5.875419974327087402e-01
6.725369691848754883e-01
-3.086083941161632538e-02
5.719112157821655273e-01
6.229216456413269043e-01
-4.532486572861671448e-02
5.713381171226501465e-01
5.811192393302917480e-01
-5.757951363921165466e-02
6.007756590843200684e-01
5.825188755989074707e-01
-7.035909220576286316e-03
5.817404985427856445e-01
5.145643949508666992e-01
-3.698093816637992859e-02
5.734084248542785645e-01
5.341332554817199707e-01
-6.105186045169830322e-02
5.727237462997436523e-01
5.660594105720520020e-01
-7.227172702550888062e-02
6.317890286445617676e-01
5.674040913581848145e-01
-1.110425032675266266e-02
6.307153105735778809e-01
4.771704077720642090e-01
-2.493326552212238312e-02
6.317817568778991699e-01
4.249143600463867188e-01
-3.788317367434501648e-02
6.343695521354675293e-01
3.790062665939331055e-01
-4.700450971722602844e-02
6.609774827957153320e-01
5.733291506767272949e-01
-2.073533087968826294e-02
6.570769548416137695e-01
4.948539137840270996e-01
-3.304583951830863953e-02
6.545358300209045410e-01
4.465477466583251953e-01
-4.173089563846588135e-02
6.507538557052612305e-01
4.008836746215820312e-01
-4.752008616924285889e-02
6.895586252212524414e-01
5.937266349792480469e-01
-3.273498266935348511e-02
6.864644289016723633e-01
5.346833467483520508e-01
-3.994501754641532898e-02
6.839637160301208496e-01
4.968507587909698486e-01
-4.040067642927169800e-02
6.797885894775390625e-01
4.615400731563568115e-01
-4.051921516656875610e-02
