7.018060684204101562e-01
7.780127525329589844e-01
2.631317101986496709e-07
6.467461585998535156e-01
7.401172518730163574e-01
-2.647972851991653442e-02
6.048877239227294922e-01
6.557825803756713867e-01
-4.397175461053848267e-02
5.871537923812866211e-01
5.788891315460205078e-01
-6.266023963689804077e-02
6.039082407951354980e-01
5.153079032897949219e-01
-7.851710170507431030e-02
6.258827447891235352e-01
5.364449620246887207e-01
-4.843956790864467621e-03
6.075449585914611816e-01
4.505107104778289795e-01
-3.968724235892295837e-02
5.984650850296020508e-01
4.632967114448547363e-01
-6.944774091243743896e-02
5.971769690513610840e-01
4.915898442268371582e-01
-8.470998704433441162e-02
6.695258617401123047e-01
5.162600874900817871e-01
-9.509647265076637268e-03
6.731315255165100098e-01
3.983370661735534668e-01
-2.560133300721645355e-02
6.763297319412231445e-01
3.269759416580200195e-01
-4.332514479756355286e-02
6.819087862968444824e-01
2.640604972839355469e-01
-5.663742497563362122e-02
7.095691561698913574e-01
5.267162322998046875e-01
-2.199868485331535339e-02
7.099085450172424316e-01
4.231740832328796387e-01
-3.851262107491493225e-02
7.080928683280944824e-01
3.565737903118133545e-01
-5.205395445227622986e-02
7.047666311264038086e-01
2.930820584297180176e-01
-6.169276684522628784e-02
7.477208971977233887e-01
5.567200779914855957e-01
-3.780683502554893494e-02
7.460558414459228516e-01
4.768412113189697266e-01
-4.898685216903686523e-02
7.447925806045532227e-01
4.244968295097351074e-01
-5.194813013076782227e-02
7.403953075408935547e-01
3.744561970233917236e-01
-5.445971712470054626e-02
