3.657403290271759033e-01
8.114736080169677734e-01
1.877521924598113401e-07
4.290286600589752197e-01
7.221100330352783203e-01
2.041748166084289551e-02
4.390782117843627930e-01
6.249762773513793945e-01
2.521263808012008667e-02
4.462934732437133789e-01
5.679954886436462402e-01
2.041681110858917236e-02
4.551699459552764893e-01
5.173847079277038574e-01
1.398029737174510956e-02
3.814424276351928711e-01
5.570665001869201660e-01
2.396031655371189117e-02
4.079002141952514648e-01
4.703319370746612549e-01
4.407761618494987488e-03
4.279774129390716553e-01
4.337589144706726074e-01
-1.481517311185598373e-02
4.385159015655517578e-01
4.071573019027709961e-01
-2.876408025622367859e-02
3.684933483600616455e-01
5.604833960533142090e-01
-3.746815491467714310e-03
3.979878127574920654e-01
4.402291178703308105e-01
-1.962057314813137054e-02
4.168339967727661133e-01
3.611167669296264648e-01
-3.807192295789718628e-02
4.271726608276367188e-01
2.933223843574523926e-01
-5.287718027830123901e-02
3.631955385208129883e-01
5.799994468688964844e-01
-3.342093527317047119e-02
3.918128311634063721e-01
4.591136276721954346e-01
-4.955640435218811035e-02
4.108281433582305908e-01
3.867442607879638672e-01
-6.403876841068267822e-02
4.209945797920227051e-01
3.255191147327423096e-01
-7.583218067884445190e-02
3.678648173809051514e-01
6.085918545722961426e-01
-6.231478974223136902e-02
3.875150978565216064e-01
5.281301736831665039e-01
-7.672321051359176636e-02
3.987911045551300049e-01
4.711559116840362549e-01
-8.528665453195571899e-02
4.068102538585662842e-01
4.199527502059936523e-01
-9.315812587738037109e-02
