6.597241163253784180e-01
7.703582644462585449e-01
1.431029517107162974e-07
6.122004985809326172e-01
7.441115379333496094e-01
-1.799246110022068024e-02
5.752040147781372070e-01
6.818118691444396973e-01
-3.140836581587791443e-02
5.535960197448730469e-01
6.265857219696044922e-01
-4.669003933668136597e-02
5.569897294044494629e-01
5.759453177452087402e-01
-5.964397266507148743e-02
5.931572914123535156e-01
5.842844843864440918e-01
-3.884332254528999329e-03
5.703911185264587402e-01
5.090641975402832031e-01
-3.710240125656127930e-02
5.584853887557983398e-01
5.252541899681091309e-01
-6.411956250667572021e-02
5.571808218955993652e-01
5.591323971748352051e-01
-7.674003392457962036e-02
6.254311203956604004e-01
5.662256479263305664e-01
-8.543342351913452148e-03
6.220762729644775391e-01
4.675036668777465820e-01
-2.427479624748229980e-02
6.205604672431945801e-01
4.087375402450561523e-01
-3.853034228086471558e-02
6.214641332626342773e-01
3.591948151588439941e-01
-4.825825989246368408e-02
6.570364832878112793e-01
5.708877444267272949e-01
-1.937095075845718384e-02
6.496291756629943848e-01
4.842187166213989258e-01
-3.269068151712417603e-02
6.435199379920959473e-01
4.302782416343688965e-01
-4.076418653130531311e-02
6.368007659912109375e-01
3.801052570343017578e-01
-4.587363824248313904e-02
6.885458827018737793e-01
5.910382270812988281e-01
-3.283696621656417847e-02
6.829286813735961914e-01
5.250118374824523926e-01
-4.061607271432876587e-02
6.783529520034790039e-01
4.835431575775146484e-01
-4.022242501378059387e-02
6.721291542053222656e-01
4.449193775653839111e-01
-3.938701376318931580e-02
