3.838184177875518799e-01
9.998917579650878906e-01
4.009669680726801744e-07
4.467498362064361572e-01
9.594443440437316895e-01
-2.282526157796382904e-02
4.933302402496337891e-01
8.847429156303405762e-01
-4.331859201192855835e-02
5.277546048164367676e-01
8.163353800773620605e-01
-6.702987849712371826e-02
5.688835382461547852e-01
7.631852626800537109e-01
-8.796581625938415527e-02
4.684153795242309570e-01
7.406895160675048828e-01
-1.706895977258682251e-02
5.097470283508300781e-01
6.464952826499938965e-01
-7.114275544881820679e-02
5.398290157318115234e-01
6.773303747177124023e-01
-1.125358417630195618e-01
5.550740361213684082e-01
7.282842397689819336e-01
-1.308803707361221313e-01
4.272099137306213379e-01
7.183146476745605469e-01
-2.858516760170459747e-02
4.510205090045928955e-01
5.888694524765014648e-01
-5.697254836559295654e-02
4.652730822563171387e-01
5.041868686676025391e-01
-8.140584081411361694e-02
4.702955782413482666e-01
4.295813739299774170e-01
-9.726775437593460083e-02
3.831346631050109863e-01
7.294114232063293457e-01
-4.779877513647079468e-02
3.806753456592559814e-01
6.091578006744384766e-01
-7.359187304973602295e-02
3.801698684692382812e-01
5.269971489906311035e-01
-9.224735200405120850e-02
3.823145925998687744e-01
4.533271491527557373e-01
-1.031413301825523376e-01
3.373082578182220459e-01
7.705488801002502441e-01
-6.981424242258071899e-02
3.074455261230468750e-01
6.817201375961303711e-01
-8.874035626649856567e-02
2.919058203697204590e-01
6.186602115631103516e-01
-9.425936639308929443e-02
2.844771742820739746e-01
5.575533509254455566e-01
-9.600958228111267090e-02
