2.974551618099212646e-01
8.471778035163879395e-01
9.919134669189588749e-08
2.669760882854461670e-01
7.511440515518188477e-01
3.237677738070487976e-02
2.599021494388580322e-01
6.629496812820434570e-01
3.466799482703208923e-02
2.743461430072784424e-01
5.949115157127380371e-01
2.839131094515323639e-02
2.978694140911102295e-01
5.496636033058166504e-01
2.070648781955242157e-02
2.513036131858825684e-01
6.295061707496643066e-01
-3.847931278869509697e-03
2.720422446727752686e-01
5.120251178741455078e-01
-1.998784393072128296e-02
2.889812886714935303e-01
5.086096525192260742e-01
-2.388219162821769714e-02
2.985612154006958008e-01
5.209223628044128418e-01
-2.332958020269870758e-02
2.813092470169067383e-01
6.278550624847412109e-01
-3.192041441798210144e-02
3.024128675460815430e-01
4.760215878486633301e-01
-4.588207975029945374e-02
3.143812119960784912e-01
3.943866491317749023e-01
-5.190104991197586060e-02
3.224044442176818848e-01
3.314881920814514160e-01
-5.494394898414611816e-02
3.195694088935852051e-01
6.397230029106140137e-01
-5.673040449619293213e-02
3.310703039169311523e-01
4.976911246776580811e-01
-6.856710463762283325e-02
3.361230194568634033e-01
4.231609702110290527e-01
-7.371456921100616455e-02
3.370708823204040527e-01
3.628889918327331543e-01
-7.699611783027648926e-02
3.647636771202087402e-01
6.631143093109130859e-01
-7.800789177417755127e-02
3.682744503021240234e-01
5.593072772026062012e-01
-8.597798645496368408e-02
3.682596683502197266e-01
5.013425946235656738e-01
-8.413018286228179932e-02
3.712146580219268799e-01
4.495279192924499512e-01
-8.190401643514633179e-02
