3.407473266124725342e-01
8.132101893424987793e-01
2.950792747924424475e-07
4.011007547378540039e-01
7.660034894943237305e-01
-2.220647409558296204e-02
4.418484568595886230e-01
6.790721416473388672e-01
-3.407864645123481750e-02
4.708703756332397461e-01
5.983749628067016602e-01
-4.906594753265380859e-02
5.013592839241027832e-01
5.339754223823547363e-01
-6.170592084527015686e-02
4.189990758895874023e-01
5.555900931358337402e-01
1.085485611110925674e-02
4.387250542640686035e-01
4.616430401802062988e-01
-2.748215757310390472e-02
4.609421491622924805e-01
4.699664711952209473e-01
-6.239956617355346680e-02
4.764748811721801758e-01
5.066270828247070312e-01
-7.959641516208648682e-02
3.856673538684844971e-01
5.381885766983032227e-01
4.294437356293201447e-03
4.011684954166412354e-01
4.222010970115661621e-01
-1.363984216004610062e-02
4.078691601753234863e-01
3.480873107910156250e-01
-3.464639931917190552e-02
4.121954739093780518e-01
2.840038239955902100e-01
-4.970767721533775330e-02
3.522039949893951416e-01
5.463432669639587402e-01
-1.097509264945983887e-02
3.663104772567749023e-01
4.398838281631469727e-01
-2.733945660293102264e-02
3.759921789169311523e-01
3.699285686016082764e-01
-3.848659247159957886e-02
3.861710429191589355e-01
3.079400658607482910e-01
-4.590735584497451782e-02
3.147838711738586426e-01
5.726832747459411621e-01
-3.026272542774677277e-02
3.252889513969421387e-01
4.885915219783782959e-01
-4.038161411881446838e-02
3.350698351860046387e-01
4.335828423500061035e-01
-4.020946100354194641e-02
3.473501503467559814e-01
3.801116347312927246e-01
-3.978154808282852173e-02
