3.045317232608795166e-01
8.159123659133911133e-01
2.420126179458748084e-07
3.594489991664886475e-01
7.761616706848144531e-01
-2.152454853057861328e-02
3.978137671947479248e-01
7.002033591270446777e-01
-3.314564377069473267e-02
4.221031665802001953e-01
6.273730397224426270e-01
-4.711399599909782410e-02
4.472811818122863770e-01
5.716591477394104004e-01
-5.883727595210075378e-02
3.850261569023132324e-01
5.884642601013183594e-01
4.336429294198751450e-03
4.038002789020538330e-01
5.010853409767150879e-01
-3.185991942882537842e-02
4.190258681774139404e-01
5.085607171058654785e-01
-6.289685517549514771e-02
4.268766045570373535e-01
5.450914502143859863e-01
-7.728224992752075195e-02
3.511231839656829834e-01
5.700516700744628906e-01
1.747351234371308237e-05
3.665333986282348633e-01
4.639355242252349854e-01
-1.741299778223037720e-02
3.725410997867584229e-01
3.972414135932922363e-01
-3.507711365818977356e-02
3.757102489471435547e-01
3.399987816810607910e-01
-4.720586165785789490e-02
3.181046545505523682e-01
5.754753351211547852e-01
-1.202835328876972198e-02
3.306466639041900635e-01
4.804615974426269531e-01
-2.754185535013675690e-02
3.386930525302886963e-01
4.182217121124267578e-01
-3.691405430436134338e-02
3.466299474239349365e-01
3.631099462509155273e-01
-4.292239248752593994e-02
2.816094458103179932e-01
5.977157354354858398e-01
-2.769143506884574890e-02
2.912095785140991211e-01
5.243132710456848145e-01
-3.728692606091499329e-02
2.997010946273803711e-01
4.758772850036621094e-01
-3.718468546867370605e-02
3.099175691604614258e-01
4.285004734992980957e-01
-3.664669767022132874e-02
