3.493382930755615234e-01
8.178728818893432617e-01
2.690190115117729874e-07
4.065309762954711914e-01
7.425144314765930176e-01
1.460866164416074753e-02
4.127280116081237793e-01
6.544485688209533691e-01
1.775366440415382385e-02
4.145795404911041260e-01
5.952551960945129395e-01
1.322541199624538422e-02
4.217550158500671387e-01
5.418673753738403320e-01
7.489245384931564331e-03
3.540448844432830811e-01
5.949859619140625000e-01
1.772343367338180542e-02
3.728177249431610107e-01
5.069718360900878906e-01
5.622742231935262680e-03
3.867345452308654785e-01
4.512413144111633301e-01
-5.521024111658334732e-03
3.957505524158477783e-01
4.060395956039428711e-01
-1.486367918550968170e-02
3.407480716705322266e-01
5.980647802352905273e-01
-5.193654913455247879e-03
3.645460009574890137e-01
4.872060120105743408e-01
-1.823808066546916962e-02
3.812796175479888916e-01
4.178218841552734375e-01
-3.136659786105155945e-02
3.915910124778747559e-01
3.601977527141571045e-01
-4.156836494803428650e-02
3.368410468101501465e-01
6.136667132377624512e-01
-2.957298979163169861e-02
3.615483641624450684e-01
5.021857619285583496e-01
-4.367149993777275085e-02
3.787096440792083740e-01
4.347456693649291992e-01
-5.496638640761375427e-02
3.884772658348083496e-01
3.777050673961639404e-01
-6.423042714595794678e-02
3.437045216560363770e-01
6.349670290946960449e-01
-5.338754132390022278e-02
3.625456094741821289e-01
5.559015274047851562e-01
-6.632826477289199829e-02
3.745413422584533691e-01
5.043043494224548340e-01
-7.352296262979507446e-02
3.832857608795166016e-01
4.598590135574340820e-01
-7.991786301136016846e-02
