2.067773789167404175e-01
8.291128873825073242e-01
1.833332277101362706e-07
2.513228058815002441e-01
7.982702255249023438e-01
-2.123915776610374451e-02
2.760471403598785400e-01
7.382140159606933594e-01
-3.007657825946807861e-02
2.879254221916198730e-01
6.739358305931091309e-01
-3.956640884280204773e-02
3.036684691905975342e-01
6.253718137741088867e-01
-4.692583903670310974e-02
2.663449645042419434e-01
6.562319993972778320e-01
2.035172423347830772e-03
2.800431549549102783e-01
5.873950719833374023e-01
-2.390908077359199524e-02
2.847068011760711670e-01
5.895018577575683594e-01
-4.527074098587036133e-02
2.857276499271392822e-01
6.138271689414978027e-01
-5.477361753582954407e-02
2.391932159662246704e-01
6.440892219543457031e-01
2.790667349472641945e-03
2.480047643184661865e-01
5.653108358383178711e-01
-1.017218921333551407e-02
2.506447136402130127e-01
5.153589844703674316e-01
-2.294164896011352539e-02
2.527534067630767822e-01
4.720422029495239258e-01
-3.130363300442695618e-02
2.133307456970214844e-01
6.494234204292297363e-01
-2.728618681430816650e-03
2.204407453536987305e-01
5.789616703987121582e-01
-1.531767472624778748e-02
2.252885401248931885e-01
5.329250693321228027e-01
-2.299163676798343658e-02
2.308852225542068481e-01
4.925040006637573242e-01
-2.717078477144241333e-02
1.862812340259552002e-01
6.669723987579345703e-01
-1.115757972002029419e-02
1.912952810525894165e-01
6.129056811332702637e-01
-1.982369460165500641e-02
1.972985267639160156e-01
5.769099593162536621e-01
-2.142690494656562805e-02
2.049956619739532471e-01
5.420160293579101562e-01
-2.160859107971191406e-02
