6.203234195709228516e-01
8.445598483085632324e-01
2.338513667154984432e-07
5.662791132926940918e-01
8.256994485855102539e-01
-2.010586112737655640e-02
5.222103595733642578e-01
7.665244936943054199e-01
-3.277855738997459412e-02
4.951473474502563477e-01
7.090967893600463867e-01
-4.683881998062133789e-02
4.792535901069641113e-01
6.525247097015380859e-01
-5.834606289863586426e-02
5.242211222648620605e-01
6.626520752906799316e-01
1.005575410090386868e-03
5.017364025115966797e-01
5.854981541633605957e-01
-3.066946752369403839e-02
4.888798296451568604e-01
5.990778803825378418e-01
-5.950080975890159607e-02
4.861516356468200684e-01
6.318666338920593262e-01
-7.411338388919830322e-02
5.539535284042358398e-01
6.384612917900085449e-01
-2.625120105221867561e-03
5.432480573654174805e-01
5.355929136276245117e-01
-1.546618156135082245e-02
5.388422012329101562e-01
4.726994037628173828e-01
-3.041980601847171783e-02
5.394132137298583984e-01
4.203755855560302734e-01
-4.169270023703575134e-02
5.873172283172607422e-01
6.380235552787780762e-01
-1.311239320784807205e-02
5.755326151847839355e-01
5.472245216369628906e-01
-2.409387007355690002e-02
5.679508447647094727e-01
4.893763065338134766e-01
-3.188542276620864868e-02
5.610992908477783203e-01
4.373162984848022461e-01
-3.799141198396682739e-02
6.234305500984191895e-01
6.540579795837402344e-01
-2.686562575399875641e-02
6.121875047683715820e-01
5.845482349395751953e-01
-3.465157002210617065e-02
6.054723858833312988e-01
5.386223793029785156e-01
-3.390299528837203979e-02
5.978689193725585938e-01
4.955835938453674316e-01
-3.335063159465789795e-02
