6.992444396018981934e-01
8.015635609626770020e-01
-5.095643373920211161e-08
7.592554092407226562e-01
7.689094543457031250e-01
2.728185057640075684e-02
7.937967777252197266e-01
7.291122674942016602e-01
3.772997483611106873e-02
8.165307044982910156e-01
6.796194911003112793e-01
4.596430063247680664e-02
8.156103491783142090e-01
6.398596167564392090e-01
5.533127486705780029e-02
7.953239083290100098e-01
6.686862111091613770e-01
-7.668332196772098541e-03
8.132128119468688965e-01
5.808494687080383301e-01
-1.213963981717824936e-02
8.077385425567626953e-01
5.748112797737121582e-01
-2.683760365471243858e-03
8.003231287002563477e-01
5.957948565483093262e-01
7.616889197379350662e-03
7.661504149436950684e-01
6.488200426101684570e-01
-2.161041088402271271e-02
7.900337576866149902e-01
5.380474925041198730e-01
-4.093397036194801331e-02
8.004051446914672852e-01
4.737445116043090820e-01
-4.171141982078552246e-02
8.088469505310058594e-01
4.267831444740295410e-01
-3.827814385294914246e-02
7.335504293441772461e-01
6.391416192054748535e-01
-3.038711845874786377e-02
7.585005760192871094e-01
5.417199134826660156e-01
-4.422835633158683777e-02
7.708909511566162109e-01
4.827983975410461426e-01
-4.297781735658645630e-02
7.818915247917175293e-01
4.395681619644165039e-01
-3.862240538001060486e-02
6.979902982711791992e-01
6.411660313606262207e-01
-3.479438647627830505e-02
7.194979786872863770e-01
5.610349774360656738e-01
-4.383313655853271484e-02
7.323066592216491699e-01
5.196094512939453125e-01
-4.130649939179420471e-02
7.449992299079895020e-01
4.866888523101806641e-01
-3.676391020417213440e-02
