3.199903070926666260e-01
8.142552375793457031e-01
3.026113688520126743e-07
3.845003247261047363e-01
7.664783000946044922e-01
-3.213582560420036316e-02
4.310208559036254883e-01
6.747806072235107422e-01
-4.832695052027702332e-02
4.576926231384277344e-01
5.866588354110717773e-01
-6.688948720693588257e-02
4.459778368473052979e-01
5.149622559547424316e-01
-8.236534148454666138e-02
3.921502530574798584e-01
5.275419950485229492e-01
1.706177019514143467e-03
4.067557752132415771e-01
4.184155762195587158e-01
-4.101716727018356323e-02
4.197386503219604492e-01
4.357991218566894531e-01
-7.843577116727828979e-02
4.255903959274291992e-01
4.802875518798828125e-01
-9.572364389896392822e-02
3.509452641010284424e-01
5.125901103019714355e-01
-1.178017701022326946e-03
3.609144985675811768e-01
3.853873908519744873e-01
-2.044127322733402252e-02
3.618417084217071533e-01
3.047637939453125000e-01
-4.331339150667190552e-02
3.610306084156036377e-01
2.296339273452758789e-01
-6.001920253038406372e-02
3.118980824947357178e-01
5.242789983749389648e-01
-1.383647322654724121e-02
3.204473853111267090e-01
4.099875688552856445e-01
-2.995408885180950165e-02
3.239324390888214111e-01
3.327974081039428711e-01
-4.303123056888580322e-02
3.266014158725738525e-01
2.627929151058197021e-01
-5.249607935547828674e-02
2.704986333847045898e-01
5.547723174095153809e-01
-3.163487091660499573e-02
2.772880196571350098e-01
4.651267528533935547e-01
-4.053504019975662231e-02
2.825190722942352295e-01
4.054514467716217041e-01
-4.094076901674270630e-02
2.889215946197509766e-01
3.477061986923217773e-01
-4.158046841621398926e-02
