3.378480076789855957e-01
8.090335130691528320e-01
2.494124373697559349e-07
3.994434177875518799e-01
7.679736614227294922e-01
-3.109220229089260101e-02
4.420888423919677734e-01
6.815126538276672363e-01
-4.677110910415649414e-02
4.662882089614868164e-01
5.930149555206298828e-01
-6.428840011358261108e-02
4.498030245304107666e-01
5.229289531707763672e-01
-7.885224372148513794e-02
4.126032590866088867e-01
5.333690643310546875e-01
-3.449671436101198196e-03
4.253883063793182373e-01
4.231430292129516602e-01
-4.429521039128303528e-02
4.335320591926574707e-01
4.414130151271820068e-01
-7.828848063945770264e-02
4.336731135845184326e-01
4.859102666378021240e-01
-9.302637726068496704e-02
3.703163862228393555e-01
5.169356465339660645e-01
-5.670738872140645981e-03
3.779397308826446533e-01
3.879815936088562012e-01
-2.379489503800868988e-02
3.768916428089141846e-01
3.108644783496856689e-01
-4.356228187680244446e-02
3.733739256858825684e-01
2.391487360000610352e-01
-5.744781717658042908e-02
3.304074108600616455e-01
5.273901224136352539e-01
-1.672671735286712646e-02
3.357724249362945557e-01
4.139108061790466309e-01
-3.169031441211700439e-02
3.376581072807312012e-01
3.408692777156829834e-01
-4.237736389040946960e-02
3.388741314411163330e-01
2.741345465183258057e-01
-4.960626736283302307e-02
2.888917624950408936e-01
5.566931962966918945e-01
-3.255981579422950745e-02
2.932288944721221924e-01
4.677030444145202637e-01
-4.072845727205276489e-02
2.977289259433746338e-01
4.103446602821350098e-01
-3.988000750541687012e-02
3.035674691200256348e-01
3.560993075370788574e-01
-3.901372104883193970e-02
