6.813530325889587402e-01
9.595202207565307617e-01
2.333795237063895911e-07
6.010605096817016602e-01
9.181318283081054688e-01
-4.369717463850975037e-02
5.320307612419128418e-01
8.113691806793212891e-01
-7.154885679483413696e-02
4.975619316101074219e-01
7.019803524017333984e-01
-9.938976168632507324e-02
5.197375416755676270e-01
6.015946269035339355e-01
-1.211300194263458252e-01
5.582954287528991699e-01
6.351947188377380371e-01
-9.252372197806835175e-03
5.494974255561828613e-01
5.026704072952270508e-01
-6.440852582454681396e-02
5.459975600242614746e-01
5.443284511566162109e-01
-1.114796996116638184e-01
5.470643639564514160e-01
6.029158830642700195e-01
-1.350352019071578979e-01
6.099569797515869141e-01
6.068874597549438477e-01
-1.060543209314346313e-02
6.062880754470825195e-01
4.444597959518432617e-01
-3.250348567962646484e-02
6.031627058982849121e-01
3.535294234752655029e-01
-5.469182878732681274e-02
6.019126772880554199e-01
2.727022767066955566e-01
-7.165610790252685547e-02
6.639486551284790039e-01
6.159558296203613281e-01
-2.434456162154674530e-02
6.542089581489562988e-01
4.707725942134857178e-01
-4.322407394647598267e-02
6.450542807579040527e-01
3.810243308544158936e-01
-5.615081638097763062e-02
6.348778009414672852e-01
2.984133064746856689e-01
-6.613296270370483398e-02
7.209489345550537109e-01
6.518123149871826172e-01
-4.419355094432830811e-02
7.090233564376831055e-01
5.380675196647644043e-01
-5.481831356883049011e-02
7.008287310600280762e-01
4.684644937515258789e-01
-5.370236933231353760e-02
6.902334690093994141e-01
4.031552970409393311e-01
-5.343377590179443359e-02
