7.398954629898071289e-01
8.524197936058044434e-01
-2.050287832844333025e-07
8.081299662590026855e-01
7.622995376586914062e-01
4.741026833653450012e-02
8.333435058593750000e-01
6.669636964797973633e-01
5.708497017621994019e-02
8.445510864257812500e-01
5.742498636245727539e-01
5.894303694367408752e-02
8.396003246307373047e-01
5.099825859069824219e-01
5.879696831107139587e-02
8.416149616241455078e-01
6.328771710395812988e-01
-1.644459553062915802e-02
8.468518853187561035e-01
4.786630868911743164e-01
-3.684229403734207153e-02
8.295933604240417480e-01
4.597176611423492432e-01
-3.481199592351913452e-02
8.232511281967163086e-01
4.758713543415069580e-01
-2.864549681544303894e-02
8.111014962196350098e-01
6.289631724357604980e-01
-5.019624531269073486e-02
8.198844790458679199e-01
4.378710389137268066e-01
-8.018542826175689697e-02
8.216142654418945312e-01
3.351261317729949951e-01
-8.465030789375305176e-02
8.263123631477355957e-01
2.628407776355743408e-01
-8.540298044681549072e-02
7.709305286407470703e-01
6.361355185508728027e-01
-7.749091833829879761e-02
7.770686149597167969e-01
4.615532159805297852e-01
-1.021018773317337036e-01
7.791479825973510742e-01
3.665045499801635742e-01
-1.053089201450347900e-01
7.854462862014770508e-01
2.961882948875427246e-01
-1.059942767024040222e-01
7.252957224845886230e-01
6.533985137939453125e-01
-9.793654084205627441e-02
7.296886444091796875e-01
5.203946232795715332e-01
-1.217406243085861206e-01
7.382386326789855957e-01
4.494218230247497559e-01
-1.279452294111251831e-01
7.501711845397949219e-01
3.874791264533996582e-01
-1.305909454822540283e-01
