7.776589989662170410e-01
8.751955032348632812e-01
6.487808690280871815e-08
6.918335556983947754e-01
8.265261650085449219e-01
-2.432405576109886169e-02
6.268871426582336426e-01
7.052863836288452148e-01
-3.869549930095672607e-02
6.002995967864990234e-01
5.911576151847839355e-01
-5.726718530058860779e-02
6.267648935317993164e-01
5.025772452354431152e-01
-7.052695006132125854e-02
6.606024503707885742e-01
5.458149313926696777e-01
2.239768207073211670e-02
6.486861109733581543e-01
4.264557659626007080e-01
-2.065332792699337006e-02
6.402956247329711914e-01
4.510724842548370361e-01
-6.046193093061447144e-02
6.384882330894470215e-01
5.003579854965209961e-01
-8.017113804817199707e-02
7.096900343894958496e-01
5.179607868194580078e-01
1.519096735864877701e-02
6.990756392478942871e-01
3.703840672969818115e-01
2.329489914700388908e-03
6.882716417312622070e-01
2.847130596637725830e-01
-1.361514162272214890e-02
6.797686219215393066e-01
2.157041132450103760e-01
-2.623207680881023407e-02
7.612971663475036621e-01
5.248453021049499512e-01
-3.868331434205174446e-03
7.467214465141296387e-01
3.867284059524536133e-01
-1.443279068917036057e-02
7.322843074798583984e-01
3.046390712261199951e-01
-2.174747176468372345e-02
7.176774740219116211e-01
2.331620156764984131e-01
-2.873725257813930511e-02
8.157922029495239258e-01
5.560995340347290039e-01
-2.834055572748184204e-02
7.995355129241943359e-01
4.500176310539245605e-01
-3.344580158591270447e-02
7.844880819320678711e-01
3.862426280975341797e-01
-3.065768070518970490e-02
7.685047984123229980e-01
3.257263600826263428e-01
-2.974474802613258362e-02
