7.514531612396240234e-01
1.020065188407897949e+00
1.154305735440175340e-07
6.731806993484497070e-01
9.712828397750854492e-01
-3.192973881959915161e-02
6.081444621086120605e-01
8.588604331016540527e-01
-5.342986062169075012e-02
5.771347284317016602e-01
7.519534230232238770e-01
-7.767135649919509888e-02
5.906799435615539551e-01
6.611497402191162109e-01
-9.665975719690322876e-02
6.311277151107788086e-01
6.824391484260559082e-01
3.044312121346592903e-03
6.136453747749328613e-01
5.535538792610168457e-01
-4.638104140758514404e-02
6.117787957191467285e-01
5.851696729660034180e-01
-9.046176075935363770e-02
6.154111027717590332e-01
6.313338279724121094e-01
-1.139518842101097107e-01
6.811509728431701660e-01
6.527026891708374023e-01
-5.401133093982934952e-03
6.648140549659729004e-01
4.925382435321807861e-01
-2.625954337418079376e-02
6.534514427185058594e-01
4.004331827163696289e-01
-5.121334642171859741e-02
6.447680592536926270e-01
3.165369331836700439e-01
-7.108211517333984375e-02
7.345201373100280762e-01
6.623342633247375488e-01
-2.488970011472702026e-02
7.179807424545288086e-01
5.157799720764160156e-01
-4.367484524846076965e-02
7.053397893905639648e-01
4.275400042533874512e-01
-5.959606915712356567e-02
6.916239261627197266e-01
3.451623618602752686e-01
-7.274835556745529175e-02
7.926957011222839355e-01
6.986588835716247559e-01
-4.954504221677780151e-02
7.772647738456726074e-01
5.879107713699340820e-01
-6.120774149894714355e-02
7.638607025146484375e-01
5.181397795677185059e-01
-6.337840855121612549e-02
7.478612065315246582e-01
4.518125653266906738e-01
-6.646571308374404907e-02
