2.718774080276489258e-01
6.224976181983947754e-01
-4.828436317438900005e-07
3.477213382720947266e-01
5.802593231201171875e-01
-3.316138312220573425e-02
4.066022932529449463e-01
4.682050347328186035e-01
-4.427318647503852844e-02
3.774036169052124023e-01
3.657303750514984131e-01
-5.307374149560928345e-02
3.122133314609527588e-01
3.506484627723693848e-01
-5.410472676157951355e-02
3.705208003520965576e-01
3.630814850330352783e-01
-1.549330446869134903e-02
3.807896971702575684e-01
2.724065184593200684e-01
-4.512382298707962036e-02
3.673959374427795410e-01
3.662179112434387207e-01
-5.813981220126152039e-02
3.570132553577423096e-01
3.977244198322296143e-01
-6.449270993471145630e-02
3.171891570091247559e-01
3.565496206283569336e-01
-1.449828501790761948e-02
3.252641260623931885e-01
2.681607902050018311e-01
-4.529769718647003174e-02
3.216863870620727539e-01
3.706957399845123291e-01
-4.767543077468872070e-02
3.111198544502258301e-01
3.965874612331390381e-01
-4.198787361383438110e-02
2.663323283195495605e-01
3.632231354713439941e-01
-1.910133473575115204e-02
2.682272493839263916e-01
2.729280292987823486e-01
-5.174321308732032776e-02
2.782985568046569824e-01
3.744268119335174561e-01
-3.360732272267341614e-02
2.718140482902526855e-01
4.159847497940063477e-01
-1.272341795265674591e-02
2.112246453762054443e-01
3.748812079429626465e-01
-2.679544501006603241e-02
2.192573398351669312e-01
2.988923490047454834e-01
-4.480459168553352356e-02
2.353509217500686646e-01
3.627670407295227051e-01
-2.634302712976932526e-02
2.350185215473175049e-01
4.039101600646972656e-01
-7.317186798900365829e-03
