2.561931610107421875e-01
6.530875563621520996e-01
-3.963118331284931628e-07
3.247512578964233398e-01
6.120582222938537598e-01
-2.682179398834705353e-02
3.737755715847015381e-01
5.070558190345764160e-01
-3.489761427044868469e-02
3.407254517078399658e-01
4.208515882492065430e-01
-4.100743308663368225e-02
2.790229618549346924e-01
4.277474284172058105e-01
-4.056031256914138794e-02
3.334755897521972656e-01
4.187323749065399170e-01
-9.628339670598506927e-03
3.433985114097595215e-01
3.447591662406921387e-01
-3.370586037635803223e-02
3.353814482688903809e-01
4.309794604778289795e-01
-4.358327761292457581e-02
3.274921774864196777e-01
4.565536975860595703e-01
-4.860043153166770935e-02
2.866652011871337891e-01
4.153068363666534424e-01
-9.869853034615516663e-03
2.954206168651580811e-01
3.395002782344818115e-01
-3.588594868779182434e-02
2.950161993503570557e-01
4.330500662326812744e-01
-3.670565411448478699e-02
2.849365770816802979e-01
4.538603425025939941e-01
-3.034246899187564850e-02
2.410726845264434814e-01
4.227123260498046875e-01
-1.492156274616718292e-02
2.440288066864013672e-01
3.445973396301269531e-01
-4.287497326731681824e-02
2.556816041469573975e-01
4.358136653900146484e-01
-2.650059387087821960e-02
2.491599321365356445e-01
4.689570367336273193e-01
-7.648342289030551910e-03
1.913124322891235352e-01
4.346641004085540771e-01
-2.237449586391448975e-02
2.022877931594848633e-01
3.682841062545776367e-01
-3.639706969261169434e-02
2.177202701568603516e-01
4.267993867397308350e-01
-1.857411861419677734e-02
2.154511809349060059e-01
4.602133333683013916e-01
-1.049907761625945568e-03
