2.639971375465393066e-01
6.762955784797668457e-01
-5.080948426439135801e-07
3.451665639877319336e-01
6.285489797592163086e-01
-3.813408687710762024e-02
4.076345562934875488e-01
4.968849420547485352e-01
-5.117978900671005249e-02
3.723328411579132080e-01
3.829938471317291260e-01
-6.142766401171684265e-02
2.965674102306365967e-01
3.775082826614379883e-01
-6.296178698539733887e-02
3.612242937088012695e-01
3.731130957603454590e-01
-1.573847979307174683e-02
3.768668174743652344e-01
2.769443988800048828e-01
-4.850850254297256470e-02
3.650208711624145508e-01
3.855191767215728760e-01
-6.297060847282409668e-02
3.516499996185302734e-01
4.183889329433441162e-01
-7.035973668098449707e-02
3.015826046466827393e-01
3.690395951271057129e-01
-1.524016447365283966e-02
3.137622475624084473e-01
2.705710530281066895e-01
-5.048483237624168396e-02
3.131843209266662598e-01
3.886277079582214355e-01
-5.355921760201454163e-02
2.997602820396423340e-01
4.156580865383148193e-01
-4.659254848957061768e-02
2.441525459289550781e-01
3.796788156032562256e-01
-2.121742069721221924e-02
2.477539926767349243e-01
2.798895537853240967e-01
-5.823070928454399109e-02
2.631333470344543457e-01
3.945602178573608398e-01
-3.839430958032608032e-02
2.540479600429534912e-01
4.363842308521270752e-01
-1.499339938163757324e-02
1.817587316036224365e-01
3.960839509963989258e-01
-3.071596100926399231e-02
1.955176144838333130e-01
3.127650618553161621e-01
-4.962165281176567078e-02
2.148730754852294922e-01
3.850208520889282227e-01
-2.784404717385768890e-02
2.115474939346313477e-01
4.266317486763000488e-01
-6.008063908666372299e-03
