4.448503553867340088e-01
6.661068797111511230e-01
-4.746061392779665766e-07
5.386236310005187988e-01
6.157208681106567383e-01
-3.013431280851364136e-02
6.149964332580566406e-01
4.936226010322570801e-01
-4.153548181056976318e-02
5.914117693901062012e-01
3.799591660499572754e-01
-5.150604620575904846e-02
5.112462043762207031e-01
3.691369295120239258e-01
-5.413806810975074768e-02
5.705993175506591797e-01
3.761133849620819092e-01
-1.042427495121955872e-02
5.979052782058715820e-01
2.900866270065307617e-01
-4.166781902313232422e-02
5.828560590744018555e-01
3.953466117382049561e-01
-5.814781412482261658e-02
5.653178691864013672e-01
4.206893146038055420e-01
-6.875750422477722168e-02
5.082224011421203613e-01
3.626621961593627930e-01
-1.441250741481781006e-02
5.304238796234130859e-01
2.647991180419921875e-01
-4.908607527613639832e-02
5.239825844764709473e-01
3.838515281677246094e-01
-5.529257655143737793e-02
5.035760998725891113e-01
4.063249528408050537e-01
-5.201938003301620483e-02
4.463039636611938477e-01
3.668341636657714844e-01
-2.360632270574569702e-02
4.637478291988372803e-01
2.681502699851989746e-01
-5.857227742671966553e-02
4.722630381584167480e-01
3.845112323760986328e-01
-3.959827497601509094e-02
4.544756412506103516e-01
4.195181131362915039e-01
-1.883842796087265015e-02
3.789148926734924316e-01
3.772922158241271973e-01
-3.537702187895774841e-02
4.076929688453674316e-01
2.967827320098876953e-01
-5.196624249219894409e-02
4.235765933990478516e-01
3.720926046371459961e-01
-2.876500040292739868e-02
4.141572117805480957e-01
4.085476994514465332e-01
-7.759634405374526978e-03
