1.618774682283401489e-01
7.185356616973876953e-01
-5.204559556659660302e-07
2.400954663753509521e-01
6.532854437828063965e-01
-4.301020875573158264e-02
2.886251807212829590e-01
5.094621181488037109e-01
-5.682324990630149841e-02
2.303304225206375122e-01
4.066547751426696777e-01
-6.644865125417709351e-02
1.509921997785568237e-01
4.192694127559661865e-01
-6.583669781684875488e-02
2.466802000999450684e-01
3.967348337173461914e-01
-1.703772507607936859e-02
2.380179166793823242e-01
3.012878894805908203e-01
-5.116094276309013367e-02
2.357446551322937012e-01
4.123025238513946533e-01
-6.578043848276138306e-02
2.371009290218353271e-01
4.435242116451263428e-01
-7.362092286348342896e-02
1.848013699054718018e-01
3.997226059436798096e-01
-1.375969685614109039e-02
1.739549040794372559e-01
3.062320351600646973e-01
-4.892804846167564392e-02
1.820212304592132568e-01
4.243796169757843018e-01
-4.845342040061950684e-02
1.825175285339355469e-01
4.480013549327850342e-01
-3.959703072905540466e-02
1.272315233945846558e-01
4.189675450325012207e-01
-1.822831109166145325e-02
1.080961674451828003e-01
3.253713250160217285e-01
-5.588570609688758850e-02
1.318076401948928833e-01
4.342223703861236572e-01
-3.399571031332015991e-02
1.395980268716812134e-01
4.723161458969116211e-01
-9.487524628639221191e-03
6.663863360881805420e-02
4.444594383239746094e-01
-2.694827876985073090e-02
5.522695183753967285e-02
3.656698763370513916e-01
-4.802801460027694702e-02
8.114793151617050171e-02
4.341360032558441162e-01
-2.717112377285957336e-02
9.305164963006973267e-02
4.767359197139739990e-01
-5.561079829931259155e-03
