2.810682952404022217e-01
6.644165515899658203e-01
-4.066425844939658418e-07
3.538963198661804199e-01
6.471302509307861328e-01
-2.766365930438041687e-02
4.240381121635437012e-01
5.659193992614746094e-01
-3.708416596055030823e-02
4.142131805419921875e-01
4.714200198650360107e-01
-4.480009526014328003e-02
3.541102707386016846e-01
4.528859555721282959e-01
-4.642999917268753052e-02
4.048526883125305176e-01
4.567585289478302002e-01
-1.006364915519952774e-02
4.305689930915832520e-01
3.961388170719146729e-01
-3.377898037433624268e-02
4.049813151359558105e-01
4.757770597934722900e-01
-4.422346130013465881e-02
3.888315856456756592e-01
4.976923763751983643e-01
-4.978158324956893921e-02
3.596398830413818359e-01
4.369410872459411621e-01
-1.104418840259313583e-02
3.847059905529022217e-01
3.692339062690734863e-01
-3.776690363883972168e-02
3.651320040225982666e-01
4.598634243011474609e-01
-4.029192775487899780e-02
3.485022187232971191e-01
4.802608489990234375e-01
-3.484485298395156860e-02
3.132672011852264404e-01
4.284447729587554932e-01
-1.661543548107147217e-02
3.324982821941375732e-01
3.566809892654418945e-01
-4.563946649432182312e-02
3.258524835109710693e-01
4.492835998535156250e-01
-3.071693889796733856e-02
3.104768097400665283e-01
4.820786118507385254e-01
-1.249244902282953262e-02
2.609397172927856445e-01
4.241242706775665283e-01
-2.460194565355777740e-02
2.858863770961761475e-01
3.638236522674560547e-01
-3.955016285181045532e-02
2.897164523601531982e-01
4.253413677215576172e-01
-2.186075225472450256e-02
2.797352969646453857e-01
4.593126177787780762e-01
-4.148410633206367493e-03
