2.373384237289428711e-01
7.289663553237915039e-01
-5.519422643374127802e-07
3.103481233119964600e-01
6.543526649475097656e-01
-3.712658584117889404e-02
3.472965359687805176e-01
5.041347146034240723e-01
-4.749943315982818604e-02
2.873111665248870850e-01
4.055315852165222168e-01
-5.529274418950080872e-02
2.124565690755844116e-01
4.288464188575744629e-01
-5.358174443244934082e-02
3.001408874988555908e-01
4.051952660083770752e-01
-9.919427335262298584e-03
2.911977171897888184e-01
3.045694828033447266e-01
-4.196655005216598511e-02
2.913973331451416016e-01
4.122668802738189697e-01
-5.614944919943809509e-02
2.895732522010803223e-01
4.499706923961639404e-01
-6.356586515903472900e-02
2.398066669702529907e-01
4.145462214946746826e-01
-9.528008289635181427e-03
2.261499166488647461e-01
3.173829317092895508e-01
-4.376375302672386169e-02
2.397597879171371460e-01
4.308683276176452637e-01
-4.500956460833549500e-02
2.395546585321426392e-01
4.602677822113037109e-01
-3.683684393763542175e-02
1.850152909755706787e-01
4.389176070690155029e-01
-1.643394306302070618e-02
1.635331511497497559e-01
3.447325527667999268e-01
-5.241769552230834961e-02
1.941624879837036133e-01
4.481108784675598145e-01
-3.292764350771903992e-02
2.013336122035980225e-01
4.897886812686920166e-01
-9.850132279098033905e-03
1.277754306793212891e-01
4.702947139739990234e-01
-2.726742811501026154e-02
1.156568527221679688e-01
3.898567557334899902e-01
-4.744410514831542969e-02
1.457674354314804077e-01
4.545678198337554932e-01
-2.798945456743240356e-02
1.586205512285232544e-01
4.982454776763916016e-01
-7.501034066081047058e-03
