7.088476419448852539e-01
8.442793488502502441e-01
-8.057444915721134748e-07
6.127627491950988770e-01
8.028170466423034668e-01
-4.864148423075675964e-02
5.298632383346557617e-01
6.599451899528503418e-01
-7.116172462701797485e-02
5.713067054748535156e-01
5.406343340873718262e-01
-9.195734560489654541e-02
6.743583083152770996e-01
5.295930504798889160e-01
-1.011421084403991699e-01
5.809264779090881348e-01
4.946305751800537109e-01
-1.840820536017417908e-02
5.393022298812866211e-01
4.248841404914855957e-01
-8.059500157833099365e-02
5.580291748046875000e-01
5.508354902267456055e-01
-1.087366119027137756e-01
5.872104763984680176e-01
5.758728384971618652e-01
-1.231163740158081055e-01
6.510247588157653809e-01
4.792085289955139160e-01
-2.137350104749202728e-02
6.146225929260253906e-01
3.945153951644897461e-01
-8.531419932842254639e-02
6.190578341484069824e-01
5.330165624618530273e-01
-8.390290290117263794e-02
6.421818137168884277e-01
5.417920351028442383e-01
-6.596540659666061401e-02
7.185469269752502441e-01
4.955268204212188721e-01
-3.799369186162948608e-02
6.962193846702575684e-01
4.276885688304901123e-01
-9.842891991138458252e-02
6.866316199302673340e-01
5.621160268783569336e-01
-7.027445733547210693e-02
7.027773261070251465e-01
5.714253783226013184e-01
-3.479493781924247742e-02
7.906445264816284180e-01
5.276708006858825684e-01
-6.115229055285453796e-02
7.602996230125427246e-01
4.872011542320251465e-01
-9.198232740163803101e-02
7.418382167816162109e-01
5.778862237930297852e-01
-7.274094969034194946e-02
7.512246370315551758e-01
5.939005017280578613e-01
-5.001572519540786743e-02
