6.569765210151672363e-01
6.954748630523681641e-01
-5.908166258450364694e-07
5.933153033256530762e-01
6.593444347381591797e-01
-2.784285135567188263e-02
5.380667448043823242e-01
5.633699893951416016e-01
-4.328203201293945312e-02
5.657113790512084961e-01
4.845473468303680420e-01
-5.829045921564102173e-02
6.381901502609252930e-01
4.721806049346923828e-01
-6.599882990121841431e-02
5.802371501922607422e-01
4.494020044803619385e-01
-1.679884456098079681e-02
5.439010858535766602e-01
3.978440761566162109e-01
-5.827043205499649048e-02
5.549903512001037598e-01
4.853527843952178955e-01
-7.455809414386749268e-02
5.781930685043334961e-01
4.993169307708740234e-01
-8.271527290344238281e-02
6.303380131721496582e-01
4.414093792438507080e-01
-2.186712436378002167e-02
5.981676578521728516e-01
3.736000657081604004e-01
-6.455654650926589966e-02
5.985510945320129395e-01
4.745253622531890869e-01
-5.963431298732757568e-02
6.184208989143371582e-01
4.841794073581695557e-01
-4.451367631554603577e-02
6.774904727935791016e-01
4.553284049034118652e-01
-3.501179814338684082e-02
6.520226001739501953e-01
4.050929546356201172e-01
-7.596708089113235474e-02
6.427351832389831543e-01
5.023646354675292969e-01
-5.291464924812316895e-02
6.589916944503784180e-01
5.108564496040344238e-01
-2.577559836208820343e-02
7.274829149246215820e-01
4.813995659351348877e-01
-5.183289200067520142e-02
6.959235668182373047e-01
4.488512575626373291e-01
-7.365079224109649658e-02
6.822994947433471680e-01
5.116498470306396484e-01
-5.804247036576271057e-02
6.931511163711547852e-01
5.247778892517089844e-01
-4.017096385359764099e-02
