5.278962254524230957e-01
7.726156711578369141e-01
-7.669718797842506319e-07
4.415516853332519531e-01
7.446153163909912109e-01
-2.574677951633930206e-02
3.544932603836059570e-01
6.490951180458068848e-01
-4.113940149545669556e-02
3.620675206184387207e-01
5.534025430679321289e-01
-5.774434655904769897e-02
4.391469955444335938e-01
5.238801836967468262e-01
-6.564589589834213257e-02
3.856659829616546631e-01
4.873282611370086670e-01
-1.095316372811794281e-02
3.266177773475646973e-01
4.568805694580078125e-01
-5.657554417848587036e-02
3.575115799903869629e-01
5.572620630264282227e-01
-7.540766149759292603e-02
3.874858617782592773e-01
5.615932345390319824e-01
-8.631244301795959473e-02
4.440687894821166992e-01
4.623348712921142578e-01
-2.157374657690525055e-02
3.808791041374206543e-01
4.203479886054992676e-01
-7.000610232353210449e-02
4.033699035644531250e-01
5.395947694778442383e-01
-6.417364627122879028e-02
4.338011145591735840e-01
5.408778786659240723e-01
-4.722350090742111206e-02
5.034044981002807617e-01
4.672195315361022949e-01
-4.146551713347434998e-02
4.472002089023590088e-01
4.409952759742736816e-01
-8.721708506345748901e-02
4.598311185836791992e-01
5.579963326454162598e-01
-5.962222069501876831e-02
4.887185692787170410e-01
5.566922426223754883e-01
-2.880209684371948242e-02
5.662471055984497070e-01
4.886628389358520508e-01
-6.545825302600860596e-02
5.078330636024475098e-01
4.803766906261444092e-01
-9.015174210071563721e-02
5.062716603279113770e-01
5.583568215370178223e-01
-7.227063179016113281e-02
5.287091135978698730e-01
5.628507137298583984e-01
-5.225778371095657349e-02
