3.370069861412048340e-01
5.965282320976257324e-01
-4.378264861770730931e-07
4.019985795021057129e-01
5.462414026260375977e-01
-1.170015893876552582e-02
4.444081485271453857e-01
4.578604400157928467e-01
-1.894848980009555817e-02
4.527100026607513428e-01
3.767694830894470215e-01
-3.038575686514377594e-02
4.051646292209625244e-01
3.698923289775848389e-01
-3.695627301931381226e-02
3.952713310718536377e-01
3.678705692291259766e-01
7.413248065859079361e-03
4.297074377536773682e-01
2.967449426651000977e-01
-2.230782434344291687e-02
4.351792931556701660e-01
3.731307983398437500e-01
-3.757492080330848694e-02
4.158011078834533691e-01
4.031586945056915283e-01
-4.386560246348381042e-02
3.653573989868164062e-01
3.625871539115905762e-01
-3.606539685279130936e-03
4.048518240451812744e-01
2.890253663063049316e-01
-3.605641052126884460e-02
4.095168113708496094e-01
3.801504373550415039e-01
-4.440057277679443359e-02
3.787360489368438721e-01
4.051590263843536377e-01
-4.227741062641143799e-02
3.327306509017944336e-01
3.631912469863891602e-01
-1.962283439934253693e-02
3.725363910198211670e-01
2.901423871517181396e-01
-5.348349362611770630e-02
3.810335099697113037e-01
3.767939209938049316e-01
-4.472729936242103577e-02
3.520412147045135498e-01
4.060183167457580566e-01
-2.976958081126213074e-02
2.929393649101257324e-01
3.681065142154693604e-01
-3.664687648415565491e-02
3.371382951736450195e-01
3.044534325599670410e-01
-5.457783117890357971e-02
3.506679534912109375e-01
3.633529841899871826e-01
-4.079116508364677429e-02
3.303461968898773193e-01
3.968723714351654053e-01
-2.599219419062137604e-02
