4.955841898918151855e-01
7.327458262443542480e-01
-6.988938139329547994e-07
4.193470478057861328e-01
7.087721824645996094e-01
-1.517356187105178833e-02
3.406462967395782471e-01
6.231957674026489258e-01
-2.436734177172183990e-02
3.355769217014312744e-01
5.340185761451721191e-01
-3.707396239042282104e-02
3.970032334327697754e-01
5.213781595230102539e-01
-4.339083656668663025e-02
3.672670125961303711e-01
4.916924834251403809e-01
5.779633764177560806e-03
3.118017017841339111e-01
4.607996046543121338e-01
-3.212172538042068481e-02
3.384837508201599121e-01
5.436682701110839844e-01
-4.787595570087432861e-02
3.663202226161956787e-01
5.526987314224243164e-01
-5.548450723290443420e-02
4.147801399230957031e-01
4.694350659847259521e-01
-5.838747136294841766e-03
3.564787209033966064e-01
4.318245351314544678e-01
-4.604318737983703613e-02
3.774738311767578125e-01
5.296416878700256348e-01
-4.196181893348693848e-02
4.041830003261566162e-01
5.364959836006164551e-01
-2.691135182976722717e-02
4.641677439212799072e-01
4.705514907836914062e-01
-2.569172903895378113e-02
4.104245305061340332e-01
4.455505013465881348e-01
-6.597175449132919312e-02
4.262302517890930176e-01
5.441445112228393555e-01
-4.621250927448272705e-02
4.533906877040863037e-01
5.486288666725158691e-01
-2.064185403287410736e-02
5.164730548858642578e-01
4.855585396289825439e-01
-4.819536581635475159e-02
4.599835574626922607e-01
4.749822616577148438e-01
-6.881556659936904907e-02
4.641030728816986084e-01
5.427532792091369629e-01
-5.488325282931327820e-02
4.870164096355438232e-01
5.510443449020385742e-01
-3.812602534890174866e-02
