7.188234925270080566e-01
6.983711123466491699e-01
-6.624973707403114531e-07
6.505389213562011719e-01
6.554680466651916504e-01
-3.162801265716552734e-02
6.018808484077453613e-01
5.287914872169494629e-01
-4.469307884573936462e-02
6.460188031196594238e-01
4.284265041351318359e-01
-5.768982321023941040e-02
7.222606539726257324e-01
4.241715669631958008e-01
-6.196995824575424194e-02
6.260327696800231934e-01
4.227818846702575684e-01
-1.543490402400493622e-02
6.040601730346679688e-01
3.299922645092010498e-01
-6.001777946949005127e-02
6.148760318756103516e-01
4.267876148223876953e-01
-7.788132131099700928e-02
6.333266496658325195e-01
4.587245583534240723e-01
-8.587186038494110107e-02
6.844158768653869629e-01
4.148028194904327393e-01
-2.032386697828769684e-02
6.696108579635620117e-01
3.175582885742187500e-01
-6.377612054347991943e-02
6.694188714027404785e-01
4.260316789150238037e-01
-5.889194831252098083e-02
6.851938962936401367e-01
4.445255994796752930e-01
-4.329658672213554382e-02
7.403227686882019043e-01
4.325698316097259521e-01
-3.462987765669822693e-02
7.370030879974365234e-01
3.452402651309967041e-01
-7.607212662696838379e-02
7.237135171890258789e-01
4.474402666091918945e-01
-5.350746214389801025e-02
7.320170402526855469e-01
4.658780097961425781e-01
-2.703987434506416321e-02
7.982923388481140137e-01
4.644651114940643311e-01
-5.343798920512199402e-02
7.883366942405700684e-01
4.082396626472473145e-01
-7.594284415245056152e-02
7.672634124755859375e-01
4.746623635292053223e-01
-6.105032190680503845e-02
7.677583694458007812e-01
4.985643327236175537e-01
-4.419756308197975159e-02
