7.134748697280883789e-01
7.043278813362121582e-01
-7.927048955025384203e-07
6.355723142623901367e-01
6.530032157897949219e-01
-3.440076485276222229e-02
5.825047492980957031e-01
5.019119977951049805e-01
-4.651034250855445862e-02
6.425262689590454102e-01
3.932128548622131348e-01
-6.004689261317253113e-02
7.322036027908325195e-01
3.894402682781219482e-01
-6.362901628017425537e-02
5.974164605140686035e-01
3.895882368087768555e-01
-6.386569701135158539e-03
5.771210193634033203e-01
2.826779186725616455e-01
-5.599736422300338745e-02
5.941774845123291016e-01
3.930484652519226074e-01
-7.681307941675186157e-02
6.134741902351379395e-01
4.338075816631317139e-01
-8.529126644134521484e-02
6.633458137512207031e-01
3.736326992511749268e-01
-1.174509339034557343e-02
6.509764194488525391e-01
2.602054178714752197e-01
-6.198847666382789612e-02
6.590022444725036621e-01
3.890431821346282959e-01
-5.969971045851707458e-02
6.746333837509155273e-01
4.181789755821228027e-01
-4.265393316745758057e-02
7.288891673088073730e-01
3.836607635021209717e-01
-2.829364687204360962e-02
7.298302650451660156e-01
2.767273783683776855e-01
-7.310508191585540771e-02
7.225070595741271973e-01
3.902895748615264893e-01
-5.024884641170501709e-02
7.287250161170959473e-01
4.159646034240722656e-01
-2.144323103129863739e-02
7.955994009971618652e-01
4.100178778171539307e-01
-5.023107677698135376e-02
7.939603924751281738e-01
3.271346092224121094e-01
-7.266448438167572021e-02
7.761682868003845215e-01
4.040376543998718262e-01
-5.535911396145820618e-02
7.743322849273681641e-01
4.409710764884948730e-01
-3.572749719023704529e-02
