2.956075072288513184e-01
8.588326573371887207e-01
-6.004248689350788482e-07
3.879278302192687988e-01
7.897527217864990234e-01
-5.644988268613815308e-02
4.818115830421447754e-01
6.314947605133056641e-01
-7.835014164447784424e-02
4.370088875293731689e-01
5.078583359718322754e-01
-9.507919102907180786e-02
3.380062878131866455e-01
5.264397263526916504e-01
-9.920272976160049438e-02
4.200249612331390381e-01
4.677347838878631592e-01
-2.052776888012886047e-02
4.357919991016387939e-01
3.710463643074035645e-01
-6.410118192434310913e-02
4.206233918666839600e-01
5.114580392837524414e-01
-8.320802450180053711e-02
4.056960046291351318e-01
5.446564555168151855e-01
-9.318671375513076782e-02
3.446011841297149658e-01
4.608893990516662598e-01
-1.872056350111961365e-02
3.593043088912963867e-01
3.603146374225616455e-01
-6.622236222028732300e-02
3.588024675846099854e-01
5.109179019927978516e-01
-7.089155167341232300e-02
3.422702848911285400e-01
5.320158600807189941e-01
-6.186228618025779724e-02
2.738950252532958984e-01
4.746370911598205566e-01
-2.636784687638282776e-02
2.764661908149719238e-01
3.777751922607421875e-01
-7.531680166721343994e-02
2.971796691417694092e-01
5.186233520507812500e-01
-5.095727369189262390e-02
2.879957556724548340e-01
5.526751279830932617e-01
-2.171620726585388184e-02
1.968839317560195923e-01
4.979735016822814941e-01
-3.944321721792221069e-02
2.108874619007110596e-01
4.113261997699737549e-01
-6.072647869586944580e-02
2.352142930030822754e-01
5.021647214889526367e-01
-3.106358274817466736e-02
2.321639955043792725e-01
5.439290404319763184e-01
-2.425030339509248734e-03
