2.755947411060333252e-01
8.106528520584106445e-01
-4.618369757736218162e-07
3.504728674888610840e-01
7.595837712287902832e-01
-3.768552467226982117e-02
4.146607220172882080e-01
6.420877575874328613e-01
-5.123200267553329468e-02
3.777630031108856201e-01
5.512152314186096191e-01
-6.174085289239883423e-02
3.061086237430572510e-01
5.632752180099487305e-01
-6.379719823598861694e-02
3.711442947387695312e-01
5.185700058937072754e-01
-1.397402491420507431e-02
3.868530690670013428e-01
4.425646662712097168e-01
-4.381310194730758667e-02
3.753974437713623047e-01
5.462483167648315430e-01
-5.641698837280273438e-02
3.626627624034881592e-01
5.761471986770629883e-01
-6.257664412260055542e-02
3.139204978942871094e-01
5.155897736549377441e-01
-1.349553000181913376e-02
3.268388211727142334e-01
4.341639876365661621e-01
-4.724100977182388306e-02
3.263869285583496094e-01
5.457681417465209961e-01
-5.066662281751632690e-02
3.122581541538238525e-01
5.724587440490722656e-01
-4.370529204607009888e-02
2.596662342548370361e-01
5.259864330291748047e-01
-1.926632970571517944e-02
2.639183700084686279e-01
4.464747011661529541e-01
-5.312851071357727051e-02
2.800376117229461670e-01
5.497624278068542480e-01
-3.591029718518257141e-02
2.713713645935058594e-01
5.844983458518981934e-01
-1.459572277963161469e-02
2.008186578750610352e-01
5.436679124832153320e-01
-2.856152504682540894e-02
2.128709852695465088e-01
4.714688062667846680e-01
-4.337044060230255127e-02
2.326536327600479126e-01
5.359312891960144043e-01
-2.183623425662517548e-02
2.296432852745056152e-01
5.718691945075988770e-01
-7.428167737089097500e-04
