2.829526960849761963e-01
7.691383361816406250e-01
-6.220228101483371574e-07
3.760038614273071289e-01
7.070715427398681641e-01
-5.277519300580024719e-02
4.523406028747558594e-01
5.508596301078796387e-01
-7.144585996866226196e-02
4.022379815578460693e-01
4.287935197353363037e-01
-8.572499454021453857e-02
3.101594746112823486e-01
4.380905032157897949e-01
-8.858368545770645142e-02
3.959336280822753906e-01
3.936820626258850098e-01
-1.921514794230461121e-02
4.060729742050170898e-01
2.898272573947906494e-01
-6.225631013512611389e-02
3.917401731014251709e-01
4.220654666423797607e-01
-8.020573109388351440e-02
3.790234923362731934e-01
4.689571559429168701e-01
-8.731150627136230469e-02
3.210201263427734375e-01
3.875770568847656250e-01
-1.634428836405277252e-02
3.278826773166656494e-01
2.814791500568389893e-01
-6.249061971902847290e-02
3.293133080005645752e-01
4.242464900016784668e-01
-6.609146296977996826e-02
3.181207776069641113e-01
4.621456265449523926e-01
-5.525464192032814026e-02
2.511098086833953857e-01
3.997053205966949463e-01
-2.274624630808830261e-02
2.462512105703353882e-01
2.942526340484619141e-01
-7.068628817796707153e-02
2.679622769355773926e-01
4.304894506931304932e-01
-4.792959243059158325e-02
2.629788815975189209e-01
4.815522730350494385e-01
-1.847418583929538727e-02
1.758235096931457520e-01
4.219618141651153564e-01
-3.411273285746574402e-02
1.791775524616241455e-01
3.280069231986999512e-01
-5.749467015266418457e-02
2.052812129259109497e-01
4.143261909484863281e-01
-3.112624585628509521e-02
2.080997526645660400e-01
4.646908044815063477e-01
-3.375051543116569519e-03
