2.648715972900390625e-01
7.323954701423645020e-01
-4.862897640123264864e-07
3.515140712261199951e-01
7.216284275054931641e-01
-3.485792502760887146e-02
4.448077678680419922e-01
6.387662887573242188e-01
-4.590823128819465637e-02
4.429822266101837158e-01
5.356814861297607422e-01
-5.501508340239524841e-02
3.715913891792297363e-01
5.183923840522766113e-01
-5.623983219265937805e-02
4.199029207229614258e-01
5.012334585189819336e-01
-6.081269122660160065e-03
4.627624154090881348e-01
4.437375664710998535e-01
-3.362648934125900269e-02
4.258472323417663574e-01
5.333671569824218750e-01
-4.622143879532814026e-02
4.020836949348449707e-01
5.482677817344665527e-01
-5.352928861975669861e-02
3.748733401298522949e-01
4.713235497474670410e-01
-6.989958230406045914e-03
4.191986322402954102e-01
4.052263200283050537e-01
-3.929847478866577148e-02
3.868339061737060547e-01
5.085248351097106934e-01
-4.419542849063873291e-02
3.590986132621765137e-01
5.188102126121520996e-01
-3.889425098896026611e-02
3.279866576194763184e-01
4.530992805957794189e-01
-1.421534176915884018e-02
3.652511835098266602e-01
3.798756897449493408e-01
-4.723579809069633484e-02
3.482555747032165527e-01
4.829150140285491943e-01
-3.134357556700706482e-02
3.218663036823272705e-01
5.043256282806396484e-01
-1.186156366020441055e-02
2.726277112960815430e-01
4.368974566459655762e-01
-2.482199668884277344e-02
3.144748806953430176e-01
3.770408332347869873e-01
-3.916767612099647522e-02
3.112632036209106445e-01
4.487265050411224365e-01
-1.841586641967296600e-02
2.908199131488800049e-01
4.763105511665344238e-01
9.690054575912654400e-04
