3.003946542739868164e-01
8.073645830154418945e-01
-5.532220370696450118e-07
3.529933691024780273e-01
7.042490243911743164e-01
-2.728439122438430786e-02
3.574369549751281738e-01
5.469245314598083496e-01
-3.273351863026618958e-02
2.865496873855590820e-01
4.697341024875640869e-01
-3.805150091648101807e-02
2.230902910232543945e-01
5.239022374153137207e-01
-3.588026389479637146e-02
2.815653085708618164e-01
4.675367474555969238e-01
1.416182960383594036e-03
2.594786286354064941e-01
3.788056075572967529e-01
-2.540430799126625061e-02
2.857941091060638428e-01
4.761408567428588867e-01
-3.863824158906936646e-02
2.902224659919738770e-01
5.192013978958129883e-01
-4.484346508979797363e-02
2.239802032709121704e-01
4.958117604255676270e-01
-1.453672768548130989e-03
1.954238861799240112e-01
4.091050922870635986e-01
-2.907209470868110657e-02
2.345921099185943604e-01
5.081047415733337402e-01
-3.035429306328296661e-02
2.407924830913543701e-01
5.455795526504516602e-01
-2.227839082479476929e-02
1.745891571044921875e-01
5.388078093528747559e-01
-1.052165310829877853e-02
1.401335895061492920e-01
4.575599133968353271e-01
-3.959926962852478027e-02
1.911324560642242432e-01
5.411580801010131836e-01
-2.221415750682353973e-02
2.043529003858566284e-01
5.890356302261352539e-01
-9.492459357716143131e-04
1.258799582719802856e-01
5.938719511032104492e-01
-2.267540246248245239e-02
9.676054120063781738e-02
5.087557435035705566e-01
-3.564634546637535095e-02
1.375292241573333740e-01
5.526096820831298828e-01
-1.395133696496486664e-02
1.580797135829925537e-01
5.950639247894287109e-01
7.684352807700634003e-03
