6.187418699264526367e-01
7.088931202888488770e-01
-5.880060029994638171e-07
5.531243681907653809e-01
6.988151073455810547e-01
-1.734712347388267517e-02
4.767343997955322266e-01
6.406130194664001465e-01
-2.832128107547760010e-02
4.681305885314941406e-01
5.646377205848693848e-01
-4.101620241999626160e-02
5.245721340179443359e-01
5.334460139274597168e-01
-4.761807620525360107e-02
4.865987300872802734e-01
5.286334753036499023e-01
-8.138759061694145203e-03
4.358389079570770264e-01
5.033664703369140625e-01
-4.276806488633155823e-02
4.665820598602294922e-01
5.750228166580200195e-01
-5.691849440336227417e-02
4.887525439262390137e-01
5.773088932037353516e-01
-6.447555124759674072e-02
5.251883864402770996e-01
5.029039382934570312e-01
-1.563843898475170135e-02
4.729970991611480713e-01
4.745691716670989990e-01
-5.163967236876487732e-02
5.011466741561889648e-01
5.585728287696838379e-01
-4.619342461228370667e-02
5.241900086402893066e-01
5.562564134597778320e-01
-3.289744630455970764e-02
5.666985511779785156e-01
4.946989417076110840e-01
-2.996189892292022705e-02
5.196671485900878906e-01
4.691678285598754883e-01
-6.324926018714904785e-02
5.407433509826660156e-01
5.525646209716796875e-01
-4.128527268767356873e-02
5.639839172363281250e-01
5.533491373062133789e-01
-1.736443676054477692e-02
6.123459339141845703e-01
4.959475398063659668e-01
-4.718709364533424377e-02
5.650733113288879395e-01
4.787476360797882080e-01
-6.492802500724792480e-02
5.714442729949951172e-01
5.381084084510803223e-01
-5.083226785063743591e-02
5.905830860137939453e-01
5.479940176010131836e-01
-3.539848327636718750e-02
