2.754939794540405273e-01
5.201784968376159668e-01
-4.963770265931088943e-07
3.455135524272918701e-01
4.861722588539123535e-01
-2.888072095811367035e-02
3.893183171749114990e-01
3.878487646579742432e-01
-3.864772990345954895e-02
3.670450150966644287e-01
2.883626222610473633e-01
-4.714576154947280884e-02
3.167727887630462646e-01
2.533322274684906006e-01
-4.754056409001350403e-02
4.026491343975067139e-01
2.914033234119415283e-01
-6.721128709614276886e-03
4.073645770549774170e-01
2.040716111660003662e-01
-3.771404176950454712e-02
3.855292201042175293e-01
2.837720811367034912e-01
-5.248470604419708252e-02
3.858705759048461914e-01
3.195023238658905029e-01
-5.905120447278022766e-02
3.519454598426818848e-01
2.768550813198089600e-01
-7.224061992019414902e-03
3.568209707736968994e-01
1.884137094020843506e-01
-4.209985584020614624e-02
3.413677215576171875e-01
2.833981812000274658e-01
-4.545608162879943848e-02
3.402996659278869629e-01
3.197144865989685059e-01
-3.776121512055397034e-02
3.034718632698059082e-01
2.758891582489013672e-01
-1.401455979794263840e-02
3.024843335151672363e-01
1.862453967332839966e-01
-5.016522854566574097e-02
3.001912534236907959e-01
2.792423665523529053e-01
-3.570489212870597839e-02
3.011770844459533691e-01
3.252595365047454834e-01
-1.488377153873443604e-02
2.534456551074981689e-01
2.831561863422393799e-01
-2.360795997083187103e-02
2.562525272369384766e-01
2.155322134494781494e-01
-4.646832868456840515e-02
2.622799575328826904e-01
2.774275541305541992e-01
-3.343900665640830994e-02
2.654712498188018799e-01
3.212890326976776123e-01
-1.618453860282897949e-02
