5.319498181343078613e-01
7.363067865371704102e-01
-6.350376224872888997e-07
4.591540396213531494e-01
7.060816287994384766e-01
-1.969765685498714447e-02
3.876750171184539795e-01
6.277102231979370117e-01
-3.277532756328582764e-02
3.900555074214935303e-01
5.577245354652404785e-01
-4.780127480626106262e-02
4.528456926345825195e-01
5.444213151931762695e-01
-5.545594915747642517e-02
4.197756648063659668e-01
4.791775345802307129e-01
-4.733093548566102982e-03
3.623653650283813477e-01
4.630016088485717773e-01
-4.045134782791137695e-02
3.865970075130462646e-01
5.477674007415771484e-01
-5.481391400098800659e-02
4.141083061695098877e-01
5.506719946861267090e-01
-6.316397339105606079e-02
4.675621688365936279e-01
4.623576402664184570e-01
-1.485108584165573120e-02
4.084078669548034668e-01
4.452971220016479492e-01
-5.371577665209770203e-02
4.274330139160156250e-01
5.434932112693786621e-01
-4.827289655804634094e-02
4.548366665840148926e-01
5.443665981292724609e-01
-3.421244397759437561e-02
5.155335664749145508e-01
4.696907997131347656e-01
-3.283324465155601501e-02
4.612401425838470459e-01
4.627226889133453369e-01
-6.986333429813385010e-02
4.726759195327758789e-01
5.585285425186157227e-01
-4.784977808594703674e-02
4.992145597934722900e-01
5.579012036323547363e-01
-2.300903759896755219e-02
5.643825531005859375e-01
4.936113059520721436e-01
-5.431689321994781494e-02
5.115076899528503418e-01
4.951710104942321777e-01
-7.316330820322036743e-02
5.100212097167968750e-01
5.575265288352966309e-01
-5.920120328664779663e-02
5.301369428634643555e-01
5.617989301681518555e-01
-4.333540797233581543e-02
