6.812942028045654297e-01
7.108441591262817383e-01
-6.764801696590438951e-07
6.087036132812500000e-01
6.637399196624755859e-01
-3.589133918285369873e-02
5.512689352035522461e-01
5.363674759864807129e-01
-5.198489129543304443e-02
5.951470732688903809e-01
4.449479579925537109e-01
-6.695250421762466431e-02
6.822739839553833008e-01
4.502613544464111328e-01
-7.241384685039520264e-02
5.896672606468200684e-01
4.128942787647247314e-01
-2.095223590731620789e-02
5.631979703903198242e-01
3.306758105754852295e-01
-6.626591086387634277e-02
5.711339116096496582e-01
4.361476898193359375e-01
-8.374866098165512085e-02
5.904698371887207031e-01
4.576072692871093750e-01
-9.338536113500595093e-02
6.514226794242858887e-01
4.052526652812957764e-01
-2.467822283506393433e-02
6.305651664733886719e-01
3.155050277709960938e-01
-7.009758800268173218e-02
6.268426179885864258e-01
4.343988299369812012e-01
-6.312002241611480713e-02
6.453699469566345215e-01
4.466341733932495117e-01
-4.630514234304428101e-02
7.087577581405639648e-01
4.251475930213928223e-01
-3.828078135848045349e-02
6.998044252395629883e-01
3.494131863117218018e-01
-8.041875064373016357e-02
6.835910081863403320e-01
4.604451954364776611e-01
-5.423972010612487793e-02
6.953321695327758789e-01
4.746641516685485840e-01
-2.548339217901229858e-02
7.683844566345214844e-01
4.602220058441162109e-01
-5.702947080135345459e-02
7.507317066192626953e-01
4.119689464569091797e-01
-7.952792197465896606e-02
7.290049791336059570e-01
4.810581207275390625e-01
-6.353747099637985229e-02
7.339404225349426270e-01
4.996733367443084717e-01
-4.607855156064033508e-02
