6.140268445014953613e-01
7.943713665008544922e-01
-7.321882549149449915e-07
5.271565318107604980e-01
7.622898817062377930e-01
-4.527018219232559204e-02
4.607528150081634521e-01
6.314610838890075684e-01
-6.431023031473159790e-02
5.121718645095825195e-01
5.378341078758239746e-01
-8.171927183866500854e-02
6.031525731086730957e-01
5.463659167289733887e-01
-8.848087489604949951e-02
4.926629960536956787e-01
4.663906097412109375e-01
-1.682562939822673798e-02
4.548152089118957520e-01
4.133276343345642090e-01
-6.561198830604553223e-02
4.731881618499755859e-01
5.298119783401489258e-01
-8.755332976579666138e-02
4.997887909412384033e-01
5.550544857978820801e-01
-9.935200959444046021e-02
5.563290119171142578e-01
4.544839859008789062e-01
-1.773646101355552673e-02
5.259454846382141113e-01
3.984556794166564941e-01
-6.961444765329360962e-02
5.342328548431396484e-01
5.277365446090698242e-01
-6.565967202186584473e-02
5.581059455871582031e-01
5.443308949470520020e-01
-4.892888665199279785e-02
6.180425882339477539e-01
4.707008600234985352e-01
-3.083873726427555084e-02
5.994669198989868164e-01
4.144986271858215332e-01
-7.957678288221359253e-02
5.948057770729064941e-01
5.336748957633972168e-01
-5.504616349935531616e-02
6.125391721725463867e-01
5.524183511734008789e-01
-2.502991445362567902e-02
6.814882755279541016e-01
5.042436122894287109e-01
-5.037474259734153748e-02
6.607750654220581055e-01
4.559285342693328857e-01
-7.681076228618621826e-02
6.440021991729736328e-01
5.352927446365356445e-01
-6.133459508419036865e-02
6.524504423141479492e-01
5.623002052307128906e-01
-4.238452389836311340e-02
