6.303505301475524902e-01
7.362884879112243652e-01
-5.698593668057583272e-07
5.717170834541320801e-01
6.955099701881408691e-01
-1.912592723965644836e-02
5.201017856597900391e-01
6.075596809387207031e-01
-3.101358748972415924e-02
5.454393625259399414e-01
5.458825826644897461e-01
-4.379955306649208069e-02
6.117518544197082520e-01
5.517191290855407715e-01
-5.043653398752212524e-02
5.610782504081726074e-01
4.942389726638793945e-01
-1.243888773024082184e-02
5.185431241989135742e-01
4.547552168369293213e-01
-4.563445597887039185e-02
5.277223587036132812e-01
5.375661253929138184e-01
-5.759618058800697327e-02
5.501232147216796875e-01
5.463972687721252441e-01
-6.426953524351119995e-02
6.081997156143188477e-01
4.911788105964660645e-01
-1.963185332715511322e-02
5.689004063606262207e-01
4.453864395618438721e-01
-5.417307838797569275e-02
5.704448223114013672e-01
5.394163727760314941e-01
-4.704109579324722290e-02
5.924534797668457031e-01
5.459972620010375977e-01
-3.299300000071525574e-02
6.519278287887573242e-01
5.062084794044494629e-01
-3.350766003131866455e-02
6.176443696022033691e-01
4.709503948688507080e-01
-6.612762808799743652e-02
6.124192476272583008e-01
5.606482028961181641e-01
-4.452192410826683044e-02
6.329628825187683105e-01
5.679459571838378906e-01
-2.090456895530223846e-02
6.972546577453613281e-01
5.328722596168518066e-01
-5.032785609364509583e-02
6.611319780349731445e-01
5.005590319633483887e-01
-6.712639331817626953e-02
6.486994028091430664e-01
5.580545067787170410e-01
-5.263610556721687317e-02
6.622686386108398438e-01
5.732049345970153809e-01
-3.685622289776802063e-02
