6.824969053268432617e-01
8.311001062393188477e-01
-6.340709433061419986e-07
6.372798085212707520e-01
7.433227300643920898e-01
-2.410576678812503815e-02
6.360589861869812012e-01
6.166233420372009277e-01
-3.558753430843353271e-02
7.030184268951416016e-01
5.706140398979187012e-01
-4.927477985620498657e-02
7.680896520614624023e-01
6.033529043197631836e-01
-5.558523163199424744e-02
6.853899955749511719e-01
5.363385677337646484e-01
-3.732613986358046532e-03
6.884348392486572266e-01
4.461939036846160889e-01
-4.436951503157615662e-02
6.719090938568115234e-01
5.370513796806335449e-01
-6.330431252717971802e-02
6.788796186447143555e-01
5.802773237228393555e-01
-7.151006907224655151e-02
7.379204630851745605e-01
5.582863092422485352e-01
-1.062793005257844925e-02
7.519401311874389648e-01
4.670107364654541016e-01
-5.073141306638717651e-02
7.223511934280395508e-01
5.633873939514160156e-01
-5.054840445518493652e-02
7.281636595726013184e-01
5.978227257728576660e-01
-3.819273784756660461e-02
7.818081974983215332e-01
5.992013216018676758e-01
-2.601124718785285950e-02
8.010613322257995605e-01
5.226921439170837402e-01
-6.117057427763938904e-02
7.641813755035400391e-01
6.038892865180969238e-01
-4.227295145392417908e-02
7.657728195190429688e-01
6.310295462608337402e-01
-1.852839440107345581e-02
8.213069438934326172e-01
6.544585227966308594e-01
-4.539886116981506348e-02
8.330948948860168457e-01
5.918141603469848633e-01
-6.137791648507118225e-02
7.995514869689941406e-01
6.383821964263916016e-01
-4.528645798563957214e-02
7.928721904754638672e-01
6.659127473831176758e-01
-2.771540172398090363e-02
