2.988211512565612793e-01
8.368368148803710938e-01
-4.684384009578934638e-07
3.969180583953857422e-01
7.932283878326416016e-01
-5.203543603420257568e-02
5.044685006141662598e-01
6.756138801574707031e-01
-7.179958373308181763e-02
4.803221523761749268e-01
5.682071447372436523e-01
-8.580058813095092773e-02
3.908416926860809326e-01
5.728438496589660645e-01
-8.883921802043914795e-02
4.683193266391754150e-01
5.068832635879516602e-01
-1.950006745755672455e-02
4.987295866012573242e-01
4.492163062095642090e-01
-5.751310661435127258e-02
4.668565988540649414e-01
5.646570324897766113e-01
-7.639853656291961670e-02
4.471303820610046387e-01
5.785199999809265137e-01
-8.789467066526412964e-02
3.987987637519836426e-01
4.866631627082824707e-01
-1.628900878131389618e-02
4.307680130004882812e-01
4.207532703876495361e-01
-5.759959667921066284e-02
4.096428751945495605e-01
5.507050156593322754e-01
-6.451167166233062744e-02
3.887988030910491943e-01
5.560041666030883789e-01
-5.994033813476562500e-02
3.324135839939117432e-01
4.859175682067871094e-01
-2.126585878431797028e-02
3.536247909069061279e-01
4.187925457954406738e-01
-6.336964666843414307e-02
3.527464270591735840e-01
5.410167574882507324e-01
-4.532863199710845947e-02
3.378333151340484619e-01
5.556207299232482910e-01
-2.353400178253650665e-02
2.610236406326293945e-01
4.928909242153167725e-01
-3.087714500725269318e-02
2.917109429836273193e-01
4.322271943092346191e-01
-4.801645502448081970e-02
2.995527982711791992e-01
5.154408216476440430e-01
-2.257529832422733307e-02
2.872200608253479004e-01
5.401505231857299805e-01
7.978921057656407356e-04
