2.931488454341888428e-01
8.034884333610534668e-01
-4.202995000923692714e-07
3.675829768180847168e-01
7.659471631050109863e-01
-3.191241621971130371e-02
4.413661956787109375e-01
6.724868416786193848e-01
-4.399827122688293457e-02
4.225218296051025391e-01
5.840981006622314453e-01
-5.459365248680114746e-02
3.558933734893798828e-01
5.802696347236633301e-01
-5.818578600883483887e-02
4.112157225608825684e-01
5.482431650161743164e-01
-6.458790507167577744e-03
4.471261799335479736e-01
4.903451204299926758e-01
-3.345245122909545898e-02
4.231875538825988770e-01
5.800770521163940430e-01
-4.640471190214157104e-02
4.029390215873718262e-01
5.957664847373962402e-01
-5.404498800635337830e-02
3.611557185649871826e-01
5.320827364921569824e-01
-8.422750979661941528e-03
3.957318067550659180e-01
4.683590531349182129e-01
-3.806377202272415161e-02
3.772144913673400879e-01
5.677856802940368652e-01
-4.299467056989669800e-02
3.535943329334259033e-01
5.779922008514404297e-01
-3.937207162380218506e-02
3.120135068893432617e-01
5.303804874420166016e-01
-1.626362465322017670e-02
3.383853733539581299e-01
4.658014178276062012e-01
-4.750454425811767578e-02
3.338828384876251221e-01
5.609506368637084961e-01
-3.324757143855094910e-02
3.129676580429077148e-01
5.794436335563659668e-01
-1.620056480169296265e-02
2.552409172058105469e-01
5.341299176216125488e-01
-2.687729336321353912e-02
2.870170474052429199e-01
4.774373769760131836e-01
-3.907843679189682007e-02
2.921566367149353027e-01
5.424519777297973633e-01
-1.800839230418205261e-02
2.777056694030761719e-01
5.681679248809814453e-01
7.830475806258618832e-04
