2.181434631347656250e-01
8.073080182075500488e-01
-4.778605102728761267e-07
2.908818721771240234e-01
7.332602739334106445e-01
-4.135972261428833008e-02
3.315652608871459961e-01
5.895239710807800293e-01
-5.358574166893959045e-02
2.656475305557250977e-01
5.043197870254516602e-01
-6.186240166425704956e-02
1.900504827499389648e-01
5.416383147239685059e-01
-6.048272550106048584e-02
2.777679562568664551e-01
4.832176864147186279e-01
-1.219387631863355637e-02
2.657169103622436523e-01
4.000746905803680420e-01
-4.324057698249816895e-02
2.702682018280029297e-01
5.059312582015991211e-01
-5.601588636636734009e-02
2.739449739456176758e-01
5.344736576080322266e-01
-6.267053633928298950e-02
2.184856384992599487e-01
4.920088350772857666e-01
-8.962933905422687531e-03
2.018596380949020386e-01
4.103003740310668945e-01
-4.147137328982353210e-02
2.168047428131103516e-01
5.221551656723022461e-01
-4.046500846743583679e-02
2.197893559932708740e-01
5.432789325714111328e-01
-3.110923618078231812e-02
1.640796959400177002e-01
5.149469971656799316e-01
-1.352130807936191559e-02
1.380331218242645264e-01
4.347434043884277344e-01
-4.862309619784355164e-02
1.679477691650390625e-01
5.351076126098632812e-01
-2.875994704663753510e-02
1.794453859329223633e-01
5.674793124198913574e-01
-5.616942886263132095e-03
1.068513914942741394e-01
5.454882383346557617e-01
-2.226641029119491577e-02
8.702124655246734619e-02
4.718498587608337402e-01
-3.988978266716003418e-02
1.157279759645462036e-01
5.321035981178283691e-01
-1.946201920509338379e-02
1.310248374938964844e-01
5.686944127082824707e-01
1.360810711048543453e-03
