7.101113796234130859e-01
6.145102381706237793e-01
-5.292000082590675447e-07
6.519703269004821777e-01
5.881183147430419922e-01
-2.299841307103633881e-02
6.085872650146484375e-01
4.938164949417114258e-01
-3.228035569190979004e-02
6.354264616966247559e-01
4.073581099510192871e-01
-4.278081282973289490e-02
6.917364597320556641e-01
3.882686495780944824e-01
-4.688344895839691162e-02
6.178841590881347656e-01
4.178881645202636719e-01
-5.913665518164634705e-03
5.951131582260131836e-01
3.349575698375701904e-01
-4.091736674308776855e-02
6.120522022247314453e-01
4.070280790328979492e-01
-5.537161603569984436e-02
6.281393170356750488e-01
4.360039234161376953e-01
-6.075726449489593506e-02
6.613485217094421387e-01
4.037189185619354248e-01
-1.054740231484174728e-02
6.425214409828186035e-01
3.140941262245178223e-01
-4.435071349143981934e-02
6.516947150230407715e-01
3.952009677886962891e-01
-4.290379211306571960e-02
6.644881963729858398e-01
4.158604145050048828e-01
-3.163880482316017151e-02
7.056108713150024414e-01
4.071109890937805176e-01
-2.257855981588363647e-02
6.939449906349182129e-01
3.241140544414520264e-01
-5.502677708864212036e-02
6.925061345100402832e-01
4.042788743972778320e-01
-3.880852833390235901e-02
6.996390819549560547e-01
4.261078238487243652e-01
-1.823233626782894135e-02
7.523314952850341797e-01
4.211734235286712646e-01
-3.793761506676673889e-02
7.377469539642333984e-01
3.678640127182006836e-01
-5.555640906095504761e-02
7.283270359039306641e-01
4.224180579185485840e-01
-4.342097789049148560e-02
7.314903140068054199e-01
4.492098987102508545e-01
-2.931504324078559875e-02
