3.759407997131347656e-01
7.916547060012817383e-01
-6.068503353162668645e-07
4.584429562091827393e-01
7.171345353126525879e-01
-3.948161378502845764e-02
5.128660798072814941e-01
5.486696362495422363e-01
-5.010669678449630737e-02
4.578582644462585449e-01
4.430181384086608887e-01
-5.761541426181793213e-02
3.732466399669647217e-01
4.833106398582458496e-01
-5.507291480898857117e-02
4.437927603721618652e-01
4.316147267818450928e-01
-1.299876719713211060e-02
4.475525021553039551e-01
3.334162831306457520e-01
-4.641170799732208252e-02
4.511927366256713867e-01
4.605745077133178711e-01
-5.875764414668083191e-02
4.421562850475311279e-01
4.958766698837280273e-01
-6.478050351142883301e-02
3.751948773860931396e-01
4.390723109245300293e-01
-1.360093150287866592e-02
3.769533634185791016e-01
3.395882546901702881e-01
-4.889186471700668335e-02
3.930879533290863037e-01
4.736173748970031738e-01
-4.720387607812881470e-02
3.806909918785095215e-01
4.991299808025360107e-01
-3.659954667091369629e-02
3.117125928401947021e-01
4.614321589469909668e-01
-2.169755659997463226e-02
3.039492368698120117e-01
3.628076314926147461e-01
-6.031353399157524109e-02
3.372009098529815674e-01
4.885814785957336426e-01
-3.550117835402488708e-02
3.322383165359497070e-01
5.302833318710327148e-01
-8.345092646777629852e-03
2.441727221012115479e-01
4.907660186290740967e-01
-3.365856036543846130e-02
2.437360584735870361e-01
3.971761167049407959e-01
-5.054902285337448120e-02
2.756258845329284668e-01
4.735125899314880371e-01
-2.299808710813522339e-02
2.790094912052154541e-01
5.178760886192321777e-01
2.615204779431223869e-03
