3.570305407047271729e-01
6.808112263679504395e-01
-4.588632123159186449e-07
4.192367792129516602e-01
6.342568397521972656e-01
-2.165075577795505524e-02
4.577004909515380859e-01
5.358935594558715820e-01
-3.002055920660495758e-02
4.295143485069274902e-01
4.579033553600311279e-01
-3.828286379575729370e-02
3.743180930614471436e-01
4.622364938259124756e-01
-4.128348827362060547e-02
4.038579165935516357e-01
4.458815455436706543e-01
-1.086064428091049194e-02
4.152433574199676514e-01
3.649031817913055420e-01
-3.571277856826782227e-02
4.177337288856506348e-01
4.455374479293823242e-01
-4.687461629509925842e-02
4.066208600997924805e-01
4.912150800228118896e-01
-5.025384202599525452e-02
3.620042502880096436e-01
4.427586793899536133e-01
-1.321214437484741211e-02
3.696857392787933350e-01
3.529829084873199463e-01
-3.694811090826988220e-02
3.799825310707092285e-01
4.432740211486816406e-01
-3.921999037265777588e-02
3.680587708950042725e-01
4.878401756286621094e-01
-3.348067775368690491e-02
3.214809298515319824e-01
4.491483569145202637e-01
-1.965652965009212494e-02
3.230993747711181641e-01
3.580546677112579346e-01
-4.161471873521804810e-02
3.448832035064697266e-01
4.376261532306671143e-01
-2.844383381307125092e-02
3.373972177505493164e-01
4.867495298385620117e-01
-1.235700305551290512e-02
2.767117023468017578e-01
4.643656015396118164e-01
-2.840452268719673157e-02
2.783989310264587402e-01
3.767938017845153809e-01
-3.926726058125495911e-02
3.042066097259521484e-01
4.208361804485321045e-01
-2.370246499776840210e-02
3.078483343124389648e-01
4.656073153018951416e-01
-7.963888347148895264e-03
