3.028247058391571045e-01
7.289542555809020996e-01
-5.281095241116418038e-07
3.813601434230804443e-01
6.665748953819274902e-01
-3.525250405073165894e-02
4.374058246612548828e-01
5.175485014915466309e-01
-4.476073756814002991e-02
3.993670940399169922e-01
4.019500017166137695e-01
-5.208019167184829712e-02
3.178744614124298096e-01
4.097171127796173096e-01
-5.159858614206314087e-02
3.761911392211914062e-01
4.139063954353332520e-01
-5.269536282867193222e-03
3.861379027366638184e-01
3.248980939388275146e-01
-3.453080728650093079e-02
3.852735459804534912e-01
4.310211539268493652e-01
-4.935967922210693359e-02
3.743047416210174561e-01
4.631744623184204102e-01
-5.776449292898178101e-02
3.166055083274841309e-01
4.138575196266174316e-01
-5.258400458842515945e-03
3.230883181095123291e-01
3.205272853374481201e-01
-3.864511847496032715e-02
3.325525224208831787e-01
4.361321330070495605e-01
-4.425988346338272095e-02
3.180057704448699951e-01
4.656149148941040039e-01
-3.898597136139869690e-02
2.604998648166656494e-01
4.286565184593200684e-01
-1.169723179191350937e-02
2.589036524295806885e-01
3.344573378562927246e-01
-4.805319383740425110e-02
2.832693457603454590e-01
4.443535506725311279e-01
-3.155887126922607422e-02
2.732228040695190430e-01
4.871029555797576904e-01
-1.022664271295070648e-02
1.995311677455902100e-01
4.512651860713958740e-01
-2.125351503491401672e-02
2.095438390970230103e-01
3.639459609985351562e-01
-3.967736288905143738e-02
2.334750443696975708e-01
4.325446486473083496e-01
-1.882094331085681915e-02
2.298768758773803711e-01
4.747300148010253906e-01
2.328195143491029739e-03
