3.415498733520507812e-01
7.785912156105041504e-01
-4.398178816700237803e-07
4.030711948871612549e-01
7.198122143745422363e-01
-2.293469570577144623e-02
4.467974901199340820e-01
6.075747609138488770e-01
-3.019664995372295380e-02
4.219796061515808105e-01
5.205576419830322266e-01
-3.750409930944442749e-02
3.604032397270202637e-01
5.257867574691772461e-01
-3.870828449726104736e-02
3.991633355617523193e-01
5.247997641563415527e-01
-1.424319460056722164e-03
4.177766740322113037e-01
4.493464827537536621e-01
-2.585898898541927338e-02
4.139586091041564941e-01
5.378320813179016113e-01
-3.692489489912986755e-02
4.004030823707580566e-01
5.638075470924377441e-01
-4.277388751506805420e-02
3.530372381210327148e-01
5.235877037048339844e-01
-5.340501666069030762e-03
3.677424490451812744e-01
4.466380476951599121e-01
-3.262774646282196045e-02
3.703165948390960693e-01
5.415496230125427246e-01
-3.619277477264404297e-02
3.533819019794464111e-01
5.628092288970947266e-01
-3.167178481817245483e-02
3.079312741756439209e-01
5.340112447738647461e-01
-1.424791663885116577e-02
3.166703879833221436e-01
4.550692737102508545e-01
-4.324092715978622437e-02
3.307950794696807861e-01
5.464666485786437988e-01
-2.836833894252777100e-02
3.171108663082122803e-01
5.787783265113830566e-01
-1.070406008511781693e-02
2.572816014289855957e-01
5.509389042854309082e-01
-2.526886202394962311e-02
2.746683657169342041e-01
4.780618548393249512e-01
-3.775603324174880981e-02
2.911424934864044189e-01
5.362754464149475098e-01
-1.838006824254989624e-02
2.839294672012329102e-01
5.700384974479675293e-01
-3.624406235758215189e-04
