6.959142088890075684e-01
7.883740663528442383e-01
-7.290858548003598116e-07
6.259374618530273438e-01
7.329712510108947754e-01
-3.165919333696365356e-02
5.736822485923767090e-01
5.980388522148132324e-01
-4.518278688192367554e-02
6.255083680152893066e-01
5.032315850257873535e-01
-5.961487069725990295e-02
7.151920795440673828e-01
5.051763653755187988e-01
-6.589742004871368408e-02
6.206225752830505371e-01
4.877661466598510742e-01
-8.077058009803295135e-03
5.953894257545471191e-01
3.980690836906433105e-01
-5.340685322880744934e-02
5.953087806701660156e-01
4.988313019275665283e-01
-7.405813783407211304e-02
6.151663661003112793e-01
5.318331718444824219e-01
-8.431283384561538696e-02
6.801620721817016602e-01
4.820937216281890869e-01
-1.233011204749345779e-02
6.624374985694885254e-01
3.878477811813354492e-01
-5.879131332039833069e-02
6.530779600143432617e-01
5.018749237060546875e-01
-5.637130513787269592e-02
6.715175509452819824e-01
5.266065597534179688e-01
-4.123703017830848694e-02
7.363215088844299316e-01
5.000253915786743164e-01
-2.666429989039897919e-02
7.290405631065368652e-01
4.120513498783111572e-01
-7.010707259178161621e-02
7.080251574516296387e-01
5.186410546302795410e-01
-4.811483994126319885e-02
7.196003794670104980e-01
5.463827252388000488e-01
-2.043895795941352844e-02
7.950877547264099121e-01
5.333807468414306641e-01
-4.574635997414588928e-02
7.837350368499755859e-01
4.630363285541534424e-01
-6.990497559309005737e-02
7.569334506988525391e-01
5.327790379524230957e-01
-5.520808696746826172e-02
7.592885494232177734e-01
5.671626925468444824e-01
-3.729049116373062134e-02
