4.336366057395935059e-01
7.976136207580566406e-01
-7.863572477617708500e-07
3.556650876998901367e-01
7.477515935897827148e-01
-1.709316484630107880e-02
2.856984436511993408e-01
6.386126875877380371e-01
-2.996037714183330536e-02
3.033627271652221680e-01
5.529037714004516602e-01
-4.607225209474563599e-02
3.782844245433807373e-01
5.531383752822875977e-01
-5.497268214821815491e-02
3.481140136718750000e-01
4.956591725349426270e-01
-3.627782687544822693e-03
2.813065052032470703e-01
4.539334774017333984e-01
-4.658780246973037720e-02
2.949723601341247559e-01
5.564229488372802734e-01
-6.431002169847488403e-02
3.264358341693878174e-01
5.706040859222412109e-01
-7.323496043682098389e-02
4.012880623340606689e-01
4.908540248870849609e-01
-1.652007177472114563e-02
3.345105350017547607e-01
4.423890411853790283e-01
-6.124038621783256531e-02
3.404226303100585938e-01
5.579184293746948242e-01
-5.476914346218109131e-02
3.727930486202239990e-01
5.678834915161132812e-01
-3.814634308218955994e-02
4.511470794677734375e-01
5.075759887695312500e-01
-3.777715191245079041e-02
3.914482593536376953e-01
4.666339457035064697e-01
-8.156340569257736206e-02
3.904646337032318115e-01
5.796803832054138184e-01
-5.540964752435684204e-02
4.221501052379608154e-01
5.911870598793029785e-01
-2.534235268831253052e-02
5.017878413200378418e-01
5.403861403465270996e-01
-6.212832406163215637e-02
4.444031119346618652e-01
4.993968009948730469e-01
-8.539888262748718262e-02
4.317758083343505859e-01
5.770391821861267090e-01
-6.650398671627044678e-02
4.531742036342620850e-01
6.005844473838806152e-01
-4.513900727033615112e-02
