6.709541678428649902e-01
7.424752116203308105e-01
-6.663909175586013589e-07
6.034436821937561035e-01
7.004930973052978516e-01
-2.513887919485569000e-02
5.489057302474975586e-01
5.888897180557250977e-01
-3.592967614531517029e-02
5.819285511970520020e-01
5.036570429801940918e-01
-4.836443439126014709e-02
6.534312367439270020e-01
5.175631642341613770e-01
-5.401030927896499634e-02
5.798521041870117188e-01
4.894349873065948486e-01
-6.413309834897518158e-03
5.452297329902648926e-01
4.207662940025329590e-01
-4.331181943416595459e-02
5.558187365531921387e-01
5.091691017150878906e-01
-5.864425748586654663e-02
5.794371366500854492e-01
5.337960720062255859e-01
-6.576479971408843994e-02
6.271716356277465820e-01
4.788921177387237549e-01
-1.133864466100931168e-02
5.987206101417541504e-01
3.964095413684844971e-01
-5.139210820198059082e-02
6.025363802909851074e-01
4.989480376243591309e-01
-4.792724177241325378e-02
6.247221231460571289e-01
5.221706628799438477e-01
-3.266930207610130310e-02
6.764758825302124023e-01
4.856650829315185547e-01
-2.430251985788345337e-02
6.568474173545837402e-01
4.093301892280578613e-01
-6.187929958105087280e-02
6.502912044525146484e-01
5.057480931282043457e-01
-4.241188615560531616e-02
6.680158972740173340e-01
5.326651930809020996e-01
-1.635836437344551086e-02
7.302833199501037598e-01
5.029073357582092285e-01
-4.117498546838760376e-02
7.072974443435668945e-01
4.321327209472656250e-01
-5.859591439366340637e-02
6.925511360168457031e-01
4.919136762619018555e-01
-4.356057941913604736e-02
7.039414644241333008e-01
5.234867930412292480e-01
-2.600379474461078644e-02
