3.963071107864379883e-01
7.365090847015380859e-01
-7.062233748911239672e-07
3.184936344623565674e-01
6.768628358840942383e-01
-3.773426404222846031e-03
2.713261842727661133e-01
5.710189938545227051e-01
-7.578698918223381042e-03
2.865700721740722656e-01
4.973052740097045898e-01
-1.860133185982704163e-02
3.371133804321289062e-01
5.167516469955444336e-01
-2.614338882267475128e-02
3.096603453159332275e-01
4.836152195930480957e-01
1.909751072525978088e-02
2.653460502624511719e-01
4.135920405387878418e-01
-8.644699119031429291e-03
2.719293534755706787e-01
4.945227205753326416e-01
-2.255096659064292908e-02
2.981310486793518066e-01
5.331375002861022949e-01
-2.909548021852970123e-02
3.490853011608123779e-01
4.743728637695312500e-01
4.470437765121459961e-03
3.041343688964843750e-01
3.970982134342193604e-01
-3.009239397943019867e-02
3.088262379169464111e-01
4.887518882751464844e-01
-3.322121873497962952e-02
3.370634317398071289e-01
5.301471352577209473e-01
-2.316191233694553375e-02
3.920178413391113281e-01
4.783177375793457031e-01
-1.604373380541801453e-02
3.499738574028015137e-01
4.115762412548065186e-01
-4.533990845084190369e-02
3.504556417465209961e-01
4.927107095718383789e-01
-3.368728607892990112e-02
3.772227764129638672e-01
5.259619355201721191e-01
-1.476087234914302826e-02
4.372101426124572754e-01
4.949949383735656738e-01
-3.871149197220802307e-02
3.902505636215209961e-01
4.309219717979431152e-01
-5.039702355861663818e-02
3.808690011501312256e-01
4.860118329524993896e-01
-3.795792534947395325e-02
4.010258018970489502e-01
5.222991108894348145e-01
-2.368385903537273407e-02
