6.506394743919372559e-01
6.681321263313293457e-01
-6.462173018917383160e-07
5.907342433929443359e-01
6.229416131973266602e-01
-2.073286101222038269e-02
5.487576127052307129e-01
5.050091743469238281e-01
-2.793933451175689697e-02
5.905606150627136230e-01
4.241994023323059082e-01
-3.705837205052375793e-02
6.575753688812255859e-01
4.465691745281219482e-01
-3.993123024702072144e-02
5.775424242019653320e-01
4.334335625171661377e-01
-4.319202154874801636e-03
5.500402450561523438e-01
3.518402278423309326e-01
-3.701976314187049866e-02
5.573667883872985840e-01
4.353691339492797852e-01
-4.986087977886199951e-02
5.777990818023681641e-01
4.628254473209381104e-01
-5.577010288834571838e-02
6.239662170410156250e-01
4.247891306877136230e-01
-9.166038595139980316e-03
6.024868488311767578e-01
3.358736038208007812e-01
-4.415765777230262756e-02
6.022549271583557129e-01
4.319911003112792969e-01
-3.962485492229461670e-02
6.210611462593078613e-01
4.572011828422546387e-01
-2.494278736412525177e-02
6.704993247985839844e-01
4.332744479179382324e-01
-2.134584262967109680e-02
6.579326391220092773e-01
3.489997386932373047e-01
-5.243251100182533264e-02
6.480933427810668945e-01
4.362476766109466553e-01
-3.347961604595184326e-02
6.627532243728637695e-01
4.625348150730133057e-01
-9.930799715220928192e-03
7.201064229011535645e-01
4.519306719303131104e-01
-3.717333078384399414e-02
7.031473517417907715e-01
3.808224201202392578e-01
-5.122650414705276489e-02
6.866350173950195312e-01
4.338019490242004395e-01
-3.791575133800506592e-02
6.952877640724182129e-01
4.637179374694824219e-01
-2.307131327688694000e-02
