4.167836010456085205e-01
6.704446673393249512e-01
-6.777517569389601704e-07
3.448033034801483154e-01
6.218155026435852051e-01
-7.687706500291824341e-03
2.948234081268310547e-01
5.219594240188598633e-01
-1.225059572607278824e-02
3.086163699626922607e-01
4.476917684078216553e-01
-2.244271337985992432e-02
3.596753478050231934e-01
4.570494294166564941e-01
-2.874928712844848633e-02
3.323385119438171387e-01
4.313334822654724121e-01
1.348970551043748856e-02
2.912077307701110840e-01
3.660911917686462402e-01
-1.545869745314121246e-02
2.991016507148742676e-01
4.422079920768737793e-01
-2.924852445721626282e-02
3.223774135112762451e-01
4.727152287960052490e-01
-3.562298789620399475e-02
3.721770644187927246e-01
4.205962419509887695e-01
1.500632730312645435e-03
3.294679224491119385e-01
3.487994074821472168e-01
-3.241610154509544373e-02
3.339524269104003906e-01
4.351634085178375244e-01
-3.374016284942626953e-02
3.589280247688293457e-01
4.661665260791778564e-01
-2.319558523595333099e-02
4.138053059577941895e-01
4.238100945949554443e-01
-1.673865318298339844e-02
3.749163746833801270e-01
3.601408898830413818e-01
-4.802218452095985413e-02
3.741991519927978516e-01
4.422694742679595947e-01
-3.489813208580017090e-02
3.973035216331481934e-01
4.718441069126129150e-01
-1.489125192165374756e-02
4.576143622398376465e-01
4.386428892612457275e-01
-3.718179464340209961e-02
4.124493002891540527e-01
3.822274506092071533e-01
-5.121921002864837646e-02
4.032332897186279297e-01
4.382643997669219971e-01
-3.891811519861221313e-02
4.211708009243011475e-01
4.689699411392211914e-01
-2.444855868816375732e-02
