7.436901330947875977e-01
7.724026441574096680e-01
-7.404518100884160958e-07
6.618496179580688477e-01
7.406992912292480469e-01
-3.559475764632225037e-02
5.925979614257812500e-01
6.130204200744628906e-01
-5.078194662928581238e-02
6.305859684944152832e-01
5.033402442932128906e-01
-6.624655425548553467e-02
7.140480875968933105e-01
4.835339188575744629e-01
-7.189062237739562988e-02
6.091336011886596680e-01
4.883080124855041504e-01
-1.853441819548606873e-02
5.807940363883972168e-01
3.857985138893127441e-01
-6.924950331449508667e-02
6.021318435668945312e-01
4.938430786132812500e-01
-9.015928953886032104e-02
6.243743300437927246e-01
5.350174903869628906e-01
-9.907767176628112793e-02
6.716129779815673828e-01
4.669645130634307861e-01
-2.413099072873592377e-02
6.517255902290344238e-01
3.575678765773773193e-01
-7.529295980930328369e-02
6.618577241897583008e-01
4.809351563453674316e-01
-7.315032184123992920e-02
6.806065440177917480e-01
5.076328516006469727e-01
-5.668719485402107239e-02
7.336097359657287598e-01
4.741390347480773926e-01
-4.003961011767387390e-02
7.265399694442749023e-01
3.873165249824523926e-01
-8.410324156284332275e-02
7.194819450378417969e-01
4.998766481876373291e-01
-6.172769889235496521e-02
7.278317809104919434e-01
5.192828178405761719e-01
-3.422469645738601685e-02
7.978002429008483887e-01
4.972209036350250244e-01
-6.135662645101547241e-02
7.859275937080383301e-01
4.458011090755462646e-01
-8.217416703701019287e-02
7.682960033416748047e-01
5.177834033966064453e-01
-6.617994606494903564e-02
7.703853845596313477e-01
5.409101843833923340e-01
-4.854631796479225159e-02
