2.625030875205993652e-01
7.828658223152160645e-01
-7.100840662133123260e-07
3.824744820594787598e-01
7.052913904190063477e-01
-6.074524298310279846e-02
4.869644045829772949e-01
5.030037760734558105e-01
-8.126961439847946167e-02
4.371817708015441895e-01
3.280520439147949219e-01
-9.763431549072265625e-02
3.175870180130004883e-01
3.327668309211730957e-01
-9.987652301788330078e-02
4.282908141613006592e-01
3.478312194347381592e-01
-1.533008273690938950e-02
4.380910992622375488e-01
2.028517127037048340e-01
-6.963314861059188843e-02
4.229077100753784180e-01
3.604846894741058350e-01
-9.608013182878494263e-02
4.141462445259094238e-01
4.182389974594116211e-01
-1.088078916072845459e-01
3.362543880939483643e-01
3.324603438377380371e-01
-1.420420594513416290e-02
3.446464240550994873e-01
1.839520782232284546e-01
-7.434542477130889893e-02
3.430173397064208984e-01
3.598421216011047363e-01
-8.238286525011062622e-02
3.290647566318511963e-01
4.093585312366485596e-01
-7.093030214309692383e-02
2.485605180263519287e-01
3.414817154407501221e-01
-2.456851117312908173e-02
2.460878193378448486e-01
1.894237995147705078e-01
-8.626288920640945435e-02
2.694059908390045166e-01
3.600890934467315674e-01
-5.846914649009704590e-02
2.634084820747375488e-01
4.277930557727813721e-01
-2.144143730401992798e-02
1.554083526134490967e-01
3.600825071334838867e-01
-4.117662087082862854e-02
1.696933507919311523e-01
2.386962473392486572e-01
-7.373536378145217896e-02
2.004267573356628418e-01
3.475476503372192383e-01
-4.370904713869094849e-02
2.020935714244842529e-01
4.122844338417053223e-01
-1.088373176753520966e-02
