2.648066282272338867e-01
6.264996528625488281e-01
-6.461979182859067805e-07
3.654021024703979492e-01
5.666426420211791992e-01
-4.112954065203666687e-02
4.351052939891815186e-01
3.991255164146423340e-01
-5.041169747710227966e-02
3.857131600379943848e-01
2.648374438285827637e-01
-5.642301216721534729e-02
2.961292862892150879e-01
2.749803662300109863e-01
-5.203326418995857239e-02
3.826477229595184326e-01
2.728808224201202393e-01
-1.227518171072006226e-02
3.930693268775939941e-01
1.607773005962371826e-01
-4.681145027279853821e-02
3.799405097961425781e-01
2.880011796951293945e-01
-5.937274172902107239e-02
3.691459298133850098e-01
3.285572230815887451e-01
-6.532862037420272827e-02
3.099902272224426270e-01
2.654491662979125977e-01
-1.206691749393939972e-02
3.169405460357666016e-01
1.457766145467758179e-01
-5.156219750642776489e-02
3.168219029903411865e-01
2.863850891590118408e-01
-5.074632540345191956e-02
3.058549165725708008e-01
3.231889009475708008e-01
-3.855701908469200134e-02
2.411685138940811157e-01
2.767543494701385498e-01
-1.957208290696144104e-02
2.397332489490509033e-01
1.567185819149017334e-01
-6.303398311138153076e-02
2.592725157737731934e-01
2.937868237495422363e-01
-3.848945349454879761e-02
2.540059685707092285e-01
3.472669422626495361e-01
-9.078885428607463837e-03
1.679130047559738159e-01
2.955224215984344482e-01
-3.095077723264694214e-02
1.763873398303985596e-01
1.938185989856719971e-01
-5.420183390378952026e-02
2.017364352941513062e-01
2.804821133613586426e-01
-2.937573008239269257e-02
2.044296860694885254e-01
3.328130841255187988e-01
-3.743002191185951233e-03
