2.698005735874176025e-01
8.899973034858703613e-01
1.242032112713786773e-06
3.377467393875122070e-01
8.321569561958312988e-01
-4.860866814851760864e-02
3.595470488071441650e-01
7.224588394165039062e-01
-7.451998442411422729e-02
2.865408658981323242e-01
6.710924506187438965e-01
-1.013690605759620667e-01
2.115305364131927490e-01
6.417856812477111816e-01
-1.257708668708801270e-01
3.359462618827819824e-01
5.378479957580566406e-01
-3.604235127568244934e-02
3.751393258571624756e-01
4.005367159843444824e-01
-8.163202553987503052e-02
4.011163115501403809e-01
3.095637559890747070e-01
-1.109765917062759399e-01
4.194049835205078125e-01
2.311023473739624023e-01
-1.286984682083129883e-01
2.658835947513580322e-01
5.362536907196044922e-01
-4.624486714601516724e-02
2.553583085536956787e-01
3.645190596580505371e-01
-9.807734191417694092e-02
2.520993053913116455e-01
2.535383999347686768e-01
-1.314451247453689575e-01
2.448688000440597534e-01
1.549336910247802734e-01
-1.472144573926925659e-01
2.094812244176864624e-01
5.821473002433776855e-01
-6.265332549810409546e-02
1.927160024642944336e-01
5.133620500564575195e-01
-1.403061449527740479e-01
2.326625138521194458e-01
6.132438778877258301e-01
-1.573274135589599609e-01
2.564502060413360596e-01
6.849074363708496094e-01
-1.459510028362274170e-01
1.649585515260696411e-01
6.562449932098388672e-01
-8.196575939655303955e-02
1.713700592517852783e-01
6.305019855499267578e-01
-1.431624442338943481e-01
2.068469375371932983e-01
6.965267658233642578e-01
-1.470785886049270630e-01
2.280076891183853149e-01
7.447661161422729492e-01
-1.350277215242385864e-01
