6.161225438117980957e-01
8.417558670043945312e-01
8.599407124165736604e-07
5.432775020599365234e-01
8.154972195625305176e-01
-2.995014376938343048e-02
4.738943874835968018e-01
7.437199950218200684e-01
-5.377878248691558838e-02
4.874339699745178223e-01
6.905472874641418457e-01
-8.161244541406631470e-02
5.426326394081115723e-01
6.537511944770812988e-01
-1.091671213507652283e-01
4.790273308753967285e-01
5.520281195640563965e-01
-4.093528911471366882e-02
4.138368964195251465e-01
4.499985575675964355e-01
-7.708784192800521851e-02
3.701936006546020508e-01
3.884590268135070801e-01
-9.787578135728836060e-02
3.366911411285400391e-01
3.316886126995086670e-01
-1.126502826809883118e-01
5.410356521606445312e-01
5.261805057525634766e-01
-5.731741711497306824e-02
5.231722593307495117e-01
3.698041439056396484e-01
-9.697749465703964233e-02
5.053477883338928223e-01
2.707270681858062744e-01
-1.215693280100822449e-01
4.953916072845458984e-01
1.852937042713165283e-01
-1.347540915012359619e-01
6.032709479331970215e-01
5.478045940399169922e-01
-7.694151997566223145e-02
5.701016783714294434e-01
4.906772971153259277e-01
-1.328337341547012329e-01
5.483809113502502441e-01
5.952202081680297852e-01
-1.402557641267776489e-01
5.443404912948608398e-01
6.675751209259033203e-01
-1.304716169834136963e-01
6.575542688369750977e-01
5.988725423812866211e-01
-9.865699708461761475e-02
6.025043129920959473e-01
6.027008891105651855e-01
-1.423077732324600220e-01
5.771813392639160156e-01
6.810393929481506348e-01
-1.417429745197296143e-01
5.738618969917297363e-01
7.337085604667663574e-01
-1.319252103567123413e-01
