5.992351770401000977e-01
7.774735689163208008e-01
6.811605430812051054e-07
5.350357890129089355e-01
7.477332353591918945e-01
-1.746121607720851898e-02
4.767716825008392334e-01
6.819658279418945312e-01
-3.394883498549461365e-02
4.789147078990936279e-01
6.337387561798095703e-01
-5.560538172721862793e-02
5.190318226814270020e-01
6.054478287696838379e-01
-7.758716493844985962e-02
4.852632582187652588e-01
5.359573960304260254e-01
-2.628400176763534546e-02
4.345964789390563965e-01
4.507459402084350586e-01
-5.317253246903419495e-02
4.039910435676574707e-01
3.993884325027465820e-01
-6.927841901779174805e-02
3.796781301498413086e-01
3.497169613838195801e-01
-8.160285651683807373e-02
5.361492633819580078e-01
5.166499614715576172e-01
-4.242238774895668030e-02
5.211918354034423828e-01
3.824669122695922852e-01
-7.267495989799499512e-02
5.080789923667907715e-01
3.048930168151855469e-01
-9.131836891174316406e-02
4.997859895229339600e-01
2.377739548683166504e-01
-1.017236188054084778e-01
5.879566669464111328e-01
5.338048338890075684e-01
-6.056391075253486633e-02
5.446665883064270020e-01
4.677528738975524902e-01
-1.044186428189277649e-01
5.251781940460205078e-01
5.539904832839965820e-01
-1.077171638607978821e-01
5.239120721817016602e-01
6.155019998550415039e-01
-9.819213300943374634e-02
6.337932944297790527e-01
5.737894177436828613e-01
-7.994118332862854004e-02
5.766537785530090332e-01
5.579113960266113281e-01
-1.135435998439788818e-01
5.515618920326232910e-01
6.180525422096252441e-01
-1.110131442546844482e-01
5.480293035507202148e-01
6.614549160003662109e-01
-1.020157113671302795e-01
