2.956515848636627197e-01
8.318047523498535156e-01
7.100021548467339016e-07
3.545834124088287354e-01
7.980254888534545898e-01
-2.681577391922473907e-02
3.920589089393615723e-01
7.313410639762878418e-01
-4.297561571002006531e-02
3.773278295993804932e-01
6.714677810668945312e-01
-6.067981943488121033e-02
3.441566526889801025e-01
6.270104050636291504e-01
-7.648553699254989624e-02
3.871144354343414307e-01
5.891729593276977539e-01
-2.308781631290912628e-02
4.343621432781219482e-01
5.021615624427795410e-01
-5.002143606543540955e-02
4.629928171634674072e-01
4.486817419528961182e-01
-6.899539381265640259e-02
4.870192408561706543e-01
3.987841606140136719e-01
-8.146665245294570923e-02
3.422125577926635742e-01
5.732010602951049805e-01
-3.138310462236404419e-02
3.560182452201843262e-01
4.464646577835083008e-01
-6.082350388169288635e-02
3.714505434036254883e-01
3.769145607948303223e-01
-7.860460877418518066e-02
3.818175494670867920e-01
3.169330656528472900e-01
-8.850818127393722534e-02
2.976087927818298340e-01
5.926404595375061035e-01
-4.276901483535766602e-02
3.121318817138671875e-01
5.071439743041992188e-01
-8.840727061033248901e-02
3.342649042606353760e-01
5.769848823547363281e-01
-9.245884418487548828e-02
3.414951562881469727e-01
6.370748877525329590e-01
-8.279497921466827393e-02
2.574723064899444580e-01
6.357910633087158203e-01
-5.590612813830375671e-02
2.841610908508300781e-01
5.869405865669250488e-01
-9.490047395229339600e-02
3.089078962802886963e-01
6.350528597831726074e-01
-9.343507140874862671e-02
3.173068463802337646e-01
6.824851036071777344e-01
-8.312422037124633789e-02
