2.660985887050628662e-01
9.280471801757812500e-01
1.075526597560383379e-06
3.360961675643920898e-01
8.952089548110961914e-01
-4.069153591990470886e-02
3.896426558494567871e-01
8.135164976119995117e-01
-6.337022036314010620e-02
3.582427501678466797e-01
7.578040957450866699e-01
-8.818861097097396851e-02
3.020438253879547119e-01
7.228314876556396484e-01
-1.096891313791275024e-01
3.700904250144958496e-01
6.119633316993713379e-01
-2.420471236109733582e-02
4.097540080547332764e-01
4.909947514533996582e-01
-6.365059316158294678e-02
4.450467526912689209e-01
4.270905852317810059e-01
-8.975964784622192383e-02
4.801915287971496582e-01
3.723733425140380859e-01
-1.061155200004577637e-01
3.035669028759002686e-01
6.001124382019042969e-01
-3.448325768113136292e-02
3.039826452732086182e-01
4.459342956542968750e-01
-8.032735437154769897e-02
3.217728435993194580e-01
3.599655628204345703e-01
-1.084978803992271423e-01
3.403920233249664307e-01
2.862061262130737305e-01
-1.224777996540069580e-01
2.432387769222259521e-01
6.313730478286743164e-01
-5.070843547582626343e-02
2.624709308147430420e-01
5.455654859542846680e-01
-1.217199862003326416e-01
2.889393568038940430e-01
6.540178656578063965e-01
-1.321358829736709595e-01
3.017036020755767822e-01
7.350784540176391602e-01
-1.191022470593452454e-01
1.939467489719390869e-01
6.933510303497314453e-01
-6.972305476665496826e-02
2.318862080574035645e-01
6.791111826896667480e-01
-1.321648210287094116e-01
2.666717767715454102e-01
7.546033263206481934e-01
-1.387343108654022217e-01
2.843247056007385254e-01
8.080086112022399902e-01
-1.285295039415359497e-01
