3.302527666091918945e-01
8.230645656585693359e-01
5.087289878247247543e-07
2.966982722282409668e-01
7.047101259231567383e-01
2.751526189967989922e-03
3.294076919555664062e-01
6.092151403427124023e-01
1.819169148802757263e-03
3.824762403964996338e-01
5.673714280128479004e-01
4.780516959726810455e-03
4.227980375289916992e-01
5.611073374748229980e-01
6.394128315150737762e-03
3.671347796916961670e-01
5.889710187911987305e-01
-5.053120851516723633e-02
4.109837412834167480e-01
4.549220502376556396e-01
-7.023364305496215820e-02
4.345301389694213867e-01
3.765614330768585205e-01
-7.850641757249832153e-02
4.519106447696685791e-01
3.178473114967346191e-01
-8.219021558761596680e-02
4.182642400264739990e-01
6.245210766792297363e-01
-5.480527132749557495e-02
4.983439445495605469e-01
5.008198022842407227e-01
-6.860096752643585205e-02
5.369791984558105469e-01
4.280393123626708984e-01
-7.334494590759277344e-02
5.631706714630126953e-01
3.720220625400543213e-01
-7.703638076782226562e-02
4.507952332496643066e-01
6.618681550025939941e-01
-5.496158450841903687e-02
5.320950746536254883e-01
5.728994607925415039e-01
-6.717664748430252075e-02
5.658375024795532227e-01
5.285123586654663086e-01
-7.476604729890823364e-02
5.846072435379028320e-01
5.032473802566528320e-01
-7.970122247934341431e-02
4.620144069194793701e-01
6.932930350303649902e-01
-5.280782654881477356e-02
5.122482180595397949e-01
6.473800539970397949e-01
-6.383837759494781494e-02
5.289405584335327148e-01
6.263348460197448730e-01
-6.672143936157226562e-02
5.411566495895385742e-01
6.123295426368713379e-01
-6.745104491710662842e-02
