2.701883316040039062e-01
9.269548654556274414e-01
1.034169031299825292e-06
3.375791907310485840e-01
8.795098066329956055e-01
-4.490080848336219788e-02
3.719347119331359863e-01
7.778965234756469727e-01
-6.613906472921371460e-02
3.131964206695556641e-01
7.006986737251281738e-01
-8.730106800794601440e-02
2.557282745838165283e-01
6.442599296569824219e-01
-1.050261557102203369e-01
3.697438240051269531e-01
5.994158983230590820e-01
-2.950979210436344147e-02
4.186538159847259521e-01
4.743768572807312012e-01
-6.487074494361877441e-02
4.454958438873291016e-01
3.915101885795593262e-01
-8.767508715391159058e-02
4.647902250289916992e-01
3.187237381935119629e-01
-1.021774336695671082e-01
3.059791624546051025e-01
5.855991244316101074e-01
-3.618410229682922363e-02
3.139325082302093506e-01
4.238855242729187012e-01
-7.766691595315933228e-02
3.213509321212768555e-01
3.242243528366088867e-01
-1.025802716612815857e-01
3.248100578784942627e-01
2.389110922813415527e-01
-1.140715703368186951e-01
2.465505748987197876e-01
6.171981096267700195e-01
-4.845334962010383606e-02
2.530681490898132324e-01
5.284491181373596191e-01
-1.141479164361953735e-01
2.732059657573699951e-01
6.254298090934753418e-01
-1.232268288731575012e-01
2.786192297935485840e-01
6.987115740776062012e-01
-1.099334359169006348e-01
1.938948035240173340e-01
6.755653619766235352e-01
-6.365528702735900879e-02
2.115677744150161743e-01
6.390391588211059570e-01
-1.212233826518058777e-01
2.396717071533203125e-01
7.072098851203918457e-01
-1.238809674978256226e-01
2.522712945938110352e-01
7.590781450271606445e-01
-1.112935915589332581e-01
