2.412548214197158813e-01
9.934666752815246582e-01
1.108135847971425392e-06
2.937889695167541504e-01
9.319382905960083008e-01
-5.151736736297607422e-02
2.977682948112487793e-01
8.255038261413574219e-01
-7.712506502866744995e-02
2.166586369276046753e-01
7.804924249649047852e-01
-1.011431068181991577e-01
1.420530229806900024e-01
7.488320469856262207e-01
-1.222178488969802856e-01
2.628458440303802490e-01
6.417041420936584473e-01
-3.893875703215599060e-02
2.836558520793914795e-01
5.004752874374389648e-01
-7.756222039461135864e-02
2.927382588386535645e-01
4.106117486953735352e-01
-1.021065264940261841e-01
2.966229617595672607e-01
3.324662744998931885e-01
-1.186084970831871033e-01
1.974357366561889648e-01
6.482608914375305176e-01
-4.464653879404067993e-02
1.780741214752197266e-01
4.890565872192382812e-01
-8.880624920129776001e-02
1.646721214056015015e-01
3.940634429454803467e-01
-1.167891547083854675e-01
1.486846506595611572e-01
3.081002235412597656e-01
-1.308138817548751831e-01
1.481347233057022095e-01
7.000492215156555176e-01
-5.635059624910354614e-02
1.199346482753753662e-01
6.138218045234680176e-01
-1.287097483873367310e-01
1.535750627517700195e-01
7.011529803276062012e-01
-1.439596414566040039e-01
1.747364848852157593e-01
7.678288221359252930e-01
-1.343619674444198608e-01
1.138199940323829651e-01
7.803704142570495605e-01
-7.099583745002746582e-02
1.047071442008018494e-01
7.458985447883605957e-01
-1.381155997514724731e-01
1.461926698684692383e-01
8.034557104110717773e-01
-1.475005894899368286e-01
1.763460040092468262e-01
8.485529422760009766e-01
-1.387585401535034180e-01
