3.123579323291778564e-01
8.107854127883911133e-01
9.217080219059425872e-07
3.644528985023498535e-01
7.704526782035827637e-01
-3.373309969902038574e-02
3.889921009540557861e-01
6.940695643424987793e-01
-5.316089838743209839e-02
3.453430235385894775e-01
6.549025774002075195e-01
-7.388027012348175049e-02
2.932366728782653809e-01
6.327489018440246582e-01
-9.311522543430328369e-02
3.666605651378631592e-01
5.510403513908386230e-01
-2.795426733791828156e-02
3.983754217624664307e-01
4.477720856666564941e-01
-6.246374174952507019e-02
4.174445271492004395e-01
3.780975341796875000e-01
-8.433602750301361084e-02
4.315755963325500488e-01
3.176605403423309326e-01
-9.690466523170471191e-02
3.139461576938629150e-01
5.508848428726196289e-01
-3.675986453890800476e-02
3.084750771522521973e-01
4.210861623287200928e-01
-7.595822960138320923e-02
3.052213191986083984e-01
3.359058201313018799e-01
-9.993121773004531860e-02
2.997790575027465820e-01
2.607517242431640625e-01
-1.106026396155357361e-01
2.699410319328308105e-01
5.849635601043701172e-01
-4.950549826025962830e-02
2.683523893356323242e-01
5.323100090026855469e-01
-1.079885885119438171e-01
2.974415421485900879e-01
6.108133792877197266e-01
-1.171319931745529175e-01
3.131909370422363281e-01
6.675216555595397949e-01
-1.054364964365959167e-01
2.338570356369018555e-01
6.403135657310485840e-01
-6.415897607803344727e-02
2.441377043724060059e-01
6.178814768791198730e-01
-1.102713942527770996e-01
2.728344798088073730e-01
6.718528866767883301e-01
-1.093781441450119019e-01
2.896299958229064941e-01
7.124944925308227539e-01
-9.642936289310455322e-02
