5.159241557121276855e-01
8.572982549667358398e-01
1.009147808872512542e-06
4.533634781837463379e-01
8.230550289154052734e-01
-3.217617422342300415e-02
3.966431319713592529e-01
7.608120441436767578e-01
-6.060888990759849548e-02
3.937792181968688965e-01
7.092293500900268555e-01
-9.187974035739898682e-02
4.357906579971313477e-01
6.759617924690246582e-01
-1.211797967553138733e-01
4.089486598968505859e-01
5.752760767936706543e-01
-5.218064039945602417e-02
3.547204732894897461e-01
4.605463445186614990e-01
-9.029089659452438354e-02
3.210064768791198730e-01
3.884480297565460205e-01
-1.101118996739387512e-01
2.980684638023376465e-01
3.218180239200592041e-01
-1.227662116289138794e-01
4.727126955986022949e-01
5.598362684249877930e-01
-6.554485857486724854e-02
4.713022112846374512e-01
4.132178425788879395e-01
-1.077619567513465881e-01
4.738803803920745850e-01
3.122308850288391113e-01
-1.302356868982315063e-01
4.797659218311309814e-01
2.242444753646850586e-01
-1.397922337055206299e-01
5.302165150642395020e-01
5.892591476440429688e-01
-8.134511858224868774e-02
4.867044687271118164e-01
5.747833847999572754e-01
-1.326557993888854980e-01
4.615604281425476074e-01
6.583510041236877441e-01
-1.375761181116104126e-01
4.562763273715972900e-01
7.134003043174743652e-01
-1.264189928770065308e-01
5.732982158660888672e-01
6.450325846672058105e-01
-9.996447712182998657e-02
5.163189768791198730e-01
6.678066253662109375e-01
-1.345358937978744507e-01
4.788036048412322998e-01
7.280781865119934082e-01
-1.309075802564620972e-01
4.616511166095733643e-01
7.710236310958862305e-01
-1.197010427713394165e-01
