6.143521070480346680e-01
7.083575725555419922e-01
4.320814070979395183e-07
5.700101256370544434e-01
6.654397249221801758e-01
-1.669343747198581696e-02
5.419448018074035645e-01
5.846758484840393066e-01
-2.988828159868717194e-02
5.703007578849792480e-01
5.338438749313354492e-01
-4.701155051589012146e-02
6.131019592285156250e-01
5.147551298141479492e-01
-6.386817991733551025e-02
5.721042752265930176e-01
4.793562591075897217e-01
-1.879287324845790863e-02
5.448861718177795410e-01
3.826197981834411621e-01
-4.441989585757255554e-02
5.299180746078491211e-01
3.279970884323120117e-01
-5.776822566986083984e-02
5.191740989685058594e-01
2.831026911735534668e-01
-6.416337937116622925e-02
6.184912919998168945e-01
4.780976176261901855e-01
-2.975422702729701996e-02
6.213564872741699219e-01
3.542913198471069336e-01
-5.733053386211395264e-02
6.195865869522094727e-01
2.819322943687438965e-01
-7.198547571897506714e-02
6.204870939254760742e-01
2.235442101955413818e-01
-7.594617456197738647e-02
6.598606705665588379e-01
5.046063065528869629e-01
-4.331289231777191162e-02
6.208140850067138672e-01
4.663034677505493164e-01
-8.294709771871566772e-02
6.012493968009948730e-01
5.315544009208679199e-01
-8.800402283668518066e-02
6.010302305221557617e-01
5.780857801437377930e-01
-7.749200612306594849e-02
6.919829249382019043e-01
5.451881289482116699e-01
-5.774742364883422852e-02
6.436458230018615723e-01
5.136294364929199219e-01
-8.341969549655914307e-02
6.174407601356506348e-01
5.580615997314453125e-01
-7.786088436841964722e-02
6.118833422660827637e-01
5.961023569107055664e-01
-6.599092483520507812e-02
