7.362408638000488281e-01
7.878674268722534180e-01
8.080284032985218801e-07
7.926830649375915527e-01
7.147021293640136719e-01
3.694074926897883415e-03
8.051810860633850098e-01
6.189513206481933594e-01
-1.237481459975242615e-02
7.808163166046142578e-01
5.559290647506713867e-01
-2.924854122102260590e-02
7.447654008865356445e-01
5.241329073905944824e-01
-4.810167476534843445e-02
8.166121244430541992e-01
5.983335971832275391e-01
-5.991344153881072998e-02
8.472166657447814941e-01
4.652305245399475098e-01
-8.776681125164031982e-02
8.684046268463134766e-01
3.935070037841796875e-01
-9.820201992988586426e-02
8.855376243591308594e-01
3.390866219997406006e-01
-1.004853621125221252e-01
7.661591768264770508e-01
5.990457534790039062e-01
-7.241929322481155396e-02
7.701597809791564941e-01
4.350677430629730225e-01
-9.939272701740264893e-02
7.773652076721191406e-01
3.402992486953735352e-01
-1.046752780675888062e-01
7.798486948013305664e-01
2.691444456577301025e-01
-1.058838516473770142e-01
7.157820463180541992e-01
6.066618561744689941e-01
-7.904589921236038208e-02
7.262003421783447266e-01
4.878283739089965820e-01
-9.608514606952667236e-02
7.369422316551208496e-01
5.218867659568786621e-01
-7.693856209516525269e-02
7.363326549530029297e-01
5.600656270980834961e-01
-5.788182467222213745e-02
6.745275259017944336e-01
6.199583411216735840e-01
-8.468020707368850708e-02
6.940806508064270020e-01
5.274958014488220215e-01
-8.505433797836303711e-02
7.055957913398742676e-01
5.552366375923156738e-01
-5.866348743438720703e-02
7.040575742721557617e-01
5.880842804908752441e-01
-3.623399510979652405e-02
