4.410160779953002930e-01
8.518649339675903320e-01
5.038771746512793470e-07
3.969161808490753174e-01
7.363278865814208984e-01
-3.449432551860809326e-04
4.136908054351806641e-01
6.216600537300109863e-01
-6.373810581862926483e-03
4.626400768756866455e-01
5.572489500045776367e-01
-8.955086581408977509e-03
5.024842619895935059e-01
5.268724560737609863e-01
-1.189266331493854523e-02
4.568697810173034668e-01
5.789592266082763672e-01
-5.912617594003677368e-02
4.718092679977416992e-01
4.060923457145690918e-01
-7.809753715991973877e-02
4.847097992897033691e-01
3.109458684921264648e-01
-8.209793269634246826e-02
4.911859631538391113e-01
2.395762503147125244e-01
-8.157622814178466797e-02
5.189884305000305176e-01
5.995723009109497070e-01
-6.010294333100318909e-02
5.804776549339294434e-01
4.404958486557006836e-01
-7.242627441883087158e-02
6.029689311981201172e-01
3.565348386764526367e-01
-6.969419121742248535e-02
6.133950948715209961e-01
3.009533584117889404e-01
-6.503421068191528320e-02
5.611435174942016602e-01
6.342526078224182129e-01
-5.533084273338317871e-02
5.661347508430480957e-01
5.291873812675476074e-01
-5.536823719739913940e-02
5.319880843162536621e-01
5.389038324356079102e-01
-3.696106746792793274e-02
5.075637102127075195e-01
5.687581896781921387e-01
-2.194998972117900848e-02
5.837538838386535645e-01
6.713785529136657715e-01
-5.070655792951583862e-02
5.703899860382080078e-01
6.017750501632690430e-01
-4.553960636258125305e-02
5.428909659385681152e-01
6.122315526008605957e-01
-2.588826976716518402e-02
5.278543829917907715e-01
6.371192932128906250e-01
-8.425866253674030304e-03
