3.481864035129547119e-01
8.811141252517700195e-01
1.017681825032923371e-06
4.088841676712036133e-01
8.187671899795532227e-01
-4.199511185288429260e-02
4.413160681724548340e-01
7.076168060302734375e-01
-6.239522621035575867e-02
4.001314043998718262e-01
6.368585228919982910e-01
-8.223322033882141113e-02
3.417976796627044678e-01
5.957278609275817871e-01
-9.787017107009887695e-02
4.069166481494903564e-01
5.442276000976562500e-01
-2.983225323259830475e-02
4.414092302322387695e-01
4.144442677497863770e-01
-6.100931018590927124e-02
4.654535949230194092e-01
3.373912572860717773e-01
-8.057134598493576050e-02
4.864107370376586914e-01
2.725142836570739746e-01
-9.107337146997451782e-02
3.432182371616363525e-01
5.481557846069335938e-01
-3.599512204527854919e-02
3.264078199863433838e-01
3.848540782928466797e-01
-7.354726642370223999e-02
3.262238502502441406e-01
2.879927456378936768e-01
-9.619396924972534180e-02
3.243249952793121338e-01
2.103898525238037109e-01
-1.046913042664527893e-01
2.898367345333099365e-01
5.918520092964172363e-01
-4.683485254645347595e-02
3.187978565692901611e-01
5.325896143913269043e-01
-1.073677912354469299e-01
3.538747727870941162e-01
6.237628459930419922e-01
-1.143912896513938904e-01
3.617191612720489502e-01
6.895539760589599609e-01
-9.885837882757186890e-02
2.468239814043045044e-01
6.538105010986328125e-01
-6.032959744334220886e-02
2.891911864280700684e-01
6.160162091255187988e-01
-1.059559285640716553e-01
3.291596472263336182e-01
6.715302467346191406e-01
-1.011840477585792542e-01
3.432143628597259521e-01
7.158471345901489258e-01
-8.456849306821823120e-02
