2.350526154041290283e-01
9.502862095832824707e-01
6.911992755931350985e-08
2.173609733581542969e-01
8.330096602439880371e-01
-7.077271584421396255e-03
2.610419988632202148e-01
7.208815217018127441e-01
-2.517739497125148773e-02
3.297785222530364990e-01
6.656925678253173828e-01
-4.374814033508300781e-02
3.858138620853424072e-01
6.459993720054626465e-01
-6.260059028863906860e-02
2.574745714664459229e-01
6.745719909667968750e-01
-6.277480721473693848e-02
3.092258572578430176e-01
5.073881745338439941e-01
-9.354549646377563477e-02
3.408216238021850586e-01
4.168815016746520996e-01
-1.045747324824333191e-01
3.655900955200195312e-01
3.476251661777496338e-01
-1.097664833068847656e-01
3.085988759994506836e-01
7.235641479492187500e-01
-7.671989500522613525e-02
3.804772794246673584e-01
5.736671686172485352e-01
-1.131879687309265137e-01
3.829734027385711670e-01
5.789383053779602051e-01
-1.162600293755531311e-01
3.766502141952514648e-01
5.974799990653991699e-01
-1.112649291753768921e-01
3.558087646961212158e-01
7.823351025581359863e-01
-8.695265650749206543e-02
4.121628701686859131e-01
6.575415730476379395e-01
-1.179963797330856323e-01
3.853459358215332031e-01
6.880342364311218262e-01
-1.012531220912933350e-01
3.584661483764648438e-01
7.194810509681701660e-01
-8.184757083654403687e-02
3.946896791458129883e-01
8.326302766799926758e-01
-9.675005823373794556e-02
4.209598898887634277e-01
7.234057188034057617e-01
-1.078168600797653198e-01
3.966532647609710693e-01
7.385004162788391113e-01
-8.529492467641830444e-02
3.772674202919006348e-01
7.630003094673156738e-01
-6.483247131109237671e-02
