6.797831058502197266e-01
8.724468350410461426e-01
7.044991434668190777e-07
7.009596824645996094e-01
7.674253582954406738e-01
1.865574531257152557e-02
6.865466237068176270e-01
6.789360642433166504e-01
1.125688198953866959e-02
6.489177346229553223e-01
6.393244862556457520e-01
-7.524811080656945705e-04
6.114925742149353027e-01
6.298418045043945312e-01
-1.537024322897195816e-02
6.914055943489074707e-01
6.389678120613098145e-01
-3.207642957568168640e-02
6.835353970527648926e-01
5.134634971618652344e-01
-5.773305147886276245e-02
6.863285303115844727e-01
4.390361309051513672e-01
-7.106560468673706055e-02
6.904515027999877930e-01
3.814950585365295410e-01
-7.567593455314636230e-02
6.488881707191467285e-01
6.585376262664794922e-01
-4.974926635622978210e-02
6.019762158393859863e-01
5.226056575775146484e-01
-6.873661279678344727e-02
5.786777138710021973e-01
4.430007934570312500e-01
-7.304583489894866943e-02
5.586416721343994141e-01
3.839076161384582520e-01
-7.453024387359619141e-02
6.081416010856628418e-01
6.905218362808227539e-01
-6.204456090927124023e-02
5.754557251930236816e-01
5.994496345520019531e-01
-7.074654102325439453e-02
5.917395353317260742e-01
6.216503977775573730e-01
-5.303228646516799927e-02
6.017489433288574219e-01
6.526241898536682129e-01
-3.688057139515876770e-02
5.753995180130004883e-01
7.289979457855224609e-01
-7.306399941444396973e-02
5.635077953338623047e-01
6.565256714820861816e-01
-6.839390099048614502e-02
5.789281129837036133e-01
6.739265322685241699e-01
-4.350733011960983276e-02
5.878648757934570312e-01
6.996224522590637207e-01
-2.256437018513679504e-02
