6.302704811096191406e-01
1.108109474182128906e+00
8.163415259332396090e-07
5.829546451568603516e-01
1.026956439018249512e+00
-1.923646405339241028e-02
5.677225589752197266e-01
9.196353554725646973e-01
-3.880251944065093994e-02
6.113073229789733887e-01
8.963145017623901367e-01
-6.453622877597808838e-02
6.673147082328796387e-01
9.012475013732910156e-01
-8.943086117506027222e-02
6.272268295288085938e-01
7.978172302246093750e-01
-3.016407787799835205e-02
6.009156107902526855e-01
6.661480069160461426e-01
-6.344451755285263062e-02
5.861832499504089355e-01
5.913584232330322266e-01
-8.024360984563827515e-02
5.786483883857727051e-01
5.258824825286865234e-01
-8.999413251876831055e-02
6.887714266777038574e-01
8.140475153923034668e-01
-4.695453494787216187e-02
7.298681735992431641e-01
6.740013360977172852e-01
-8.272185921669006348e-02
7.524604797363281250e-01
5.845215320587158203e-01
-1.024695187807083130e-01
7.768120169639587402e-01
5.060142278671264648e-01
-1.096667647361755371e-01
7.316344976425170898e-01
8.666947484016418457e-01
-6.618142873048782349e-02
6.896219253540039062e-01
8.209804892539978027e-01
-1.079800128936767578e-01
6.479441523551940918e-01
8.862586617469787598e-01
-1.114386320114135742e-01
6.401226520538330078e-01
9.275341629981994629e-01
-9.966868162155151367e-02
7.551153302192687988e-01
9.357247948646545410e-01
-8.758092671632766724e-02
7.028790116310119629e-01
9.163604378700256348e-01
-1.119444742798805237e-01
6.705516576766967773e-01
9.397810697555541992e-01
-1.056886613368988037e-01
6.695796847343444824e-01
9.571517705917358398e-01
-9.325233846902847290e-02
