6.285094022750854492e-01
1.013161063194274902e+00
4.527879866600414971e-07
5.905750393867492676e-01
9.442110657691955566e-01
-1.494710985571146011e-02
5.706939697265625000e-01
8.483542799949645996e-01
-3.145185112953186035e-02
6.081408262252807617e-01
8.248293995857238770e-01
-5.330920219421386719e-02
6.597836613655090332e-01
8.323950767517089844e-01
-7.475762069225311279e-02
6.387809514999389648e-01
7.547272443771362305e-01
-2.344923466444015503e-02
6.108219623565673828e-01
6.539980173110961914e-01
-5.937745794653892517e-02
5.870829820632934570e-01
5.934506058692932129e-01
-8.164904266595840454e-02
5.665365457534790039e-01
5.463323593139648438e-01
-9.369074553251266479e-02
6.914568543434143066e-01
7.650982141494750977e-01
-3.855748847126960754e-02
7.178066372871398926e-01
6.374402046203613281e-01
-7.142899185419082642e-02
7.311417460441589355e-01
5.519410371780395508e-01
-9.201705455780029297e-02
7.493878602981567383e-01
4.800385534763336182e-01
-1.006948873400688171e-01
7.307673096656799316e-01
8.081749081611633301e-01
-5.595624446868896484e-02
6.795119047164916992e-01
7.758330702781677246e-01
-9.009601920843124390e-02
6.396545767784118652e-01
8.344120383262634277e-01
-9.317618608474731445e-02
6.314774155616760254e-01
8.730761408805847168e-01
-8.389031887054443359e-02
7.561070919036865234e-01
8.647677302360534668e-01
-7.568579912185668945e-02
6.885812282562255859e-01
8.515676259994506836e-01
-9.490218758583068848e-02
6.522471308708190918e-01
8.808835148811340332e-01
-8.789791911840438843e-02
6.439345479011535645e-01
9.042793512344360352e-01
-7.643464207649230957e-02
