4.605487585067749023e-01
9.133816957473754883e-01
1.008806520985672250e-06
5.307568907737731934e-01
8.845614194869995117e-01
-3.484299778938293457e-02
5.815708637237548828e-01
8.251769542694091797e-01
-6.183508783578872681e-02
5.934765338897705078e-01
7.732205390930175781e-01
-9.112045913934707642e-02
5.656509399414062500e-01
7.228778004646301270e-01
-1.171040758490562439e-01
5.882788896560668945e-01
6.357948780059814453e-01
-4.158766940236091614e-02
6.556670665740966797e-01
5.399827361106872559e-01
-8.217057585716247559e-02
6.959528923034667969e-01
4.798945188522338867e-01
-1.076945811510086060e-01
7.283254265785217285e-01
4.234583973884582520e-01
-1.220860928297042847e-01
5.314260125160217285e-01
6.126359701156616211e-01
-5.436174944043159485e-02
5.617303252220153809e-01
4.675707817077636719e-01
-1.019904389977455139e-01
5.812329649925231934e-01
3.769002258777618408e-01
-1.289255917072296143e-01
5.936699509620666504e-01
2.984327375888824463e-01
-1.407524347305297852e-01
4.722841680049896240e-01
6.317997574806213379e-01
-7.021349668502807617e-02
5.236082673072814941e-01
5.889271497726440430e-01
-1.351502686738967896e-01
5.404280424118041992e-01
6.872799396514892578e-01
-1.404507160186767578e-01
5.398080945014953613e-01
7.544127702713012695e-01
-1.241810098290443420e-01
4.230557680130004883e-01
6.805192828178405762e-01
-8.833403885364532471e-02
4.777863025665283203e-01
6.667959690093994141e-01
-1.349864602088928223e-01
5.062022805213928223e-01
7.351927757263183594e-01
-1.300309002399444580e-01
5.156673789024353027e-01
7.857162356376647949e-01
-1.132941991090774536e-01
