6.623930931091308594e-01
8.666628599166870117e-01
6.003562589285138529e-07
6.209947466850280762e-01
7.799679636955261230e-01
-1.177175901830196381e-02
6.047222018241882324e-01
7.023219466209411621e-01
-3.386319428682327271e-02
5.965933203697204590e-01
6.386761069297790527e-01
-6.351343542337417603e-02
6.216145157814025879e-01
6.523917317390441895e-01
-9.045813232660293579e-02
6.860868334770202637e-01
6.068122982978820801e-01
-1.417372934520244598e-02
6.900763511657714844e-01
5.095057487487792969e-01
-4.467040300369262695e-02
6.947993040084838867e-01
4.417400360107421875e-01
-6.389064341783523560e-02
7.025313377380371094e-01
3.924391269683837891e-01
-7.760304957628250122e-02
7.197071909904479980e-01
6.308747529983520508e-01
-3.427150472998619080e-02
7.117797136306762695e-01
5.210828185081481934e-01
-7.528834789991378784e-02
7.081558108329772949e-01
4.475248456001281738e-01
-9.908607602119445801e-02
7.110220193862915039e-01
3.883030116558074951e-01
-1.104732230305671692e-01
7.375441193580627441e-01
6.717429757118225098e-01
-5.641502141952514648e-02
6.645678281784057617e-01
6.149848699569702148e-01
-9.184890985488891602e-02
6.355909705162048340e-01
6.610361933708190918e-01
-8.280778676271438599e-02
6.348627805709838867e-01
6.939697265625000000e-01
-6.624412536621093750e-02
7.378616333007812500e-01
7.179957628250122070e-01
-8.191435784101486206e-02
6.656525135040283203e-01
6.722362041473388672e-01
-9.613399207592010498e-02
6.372047066688537598e-01
6.969441771507263184e-01
-8.343294262886047363e-02
6.301030516624450684e-01
7.220325469970703125e-01
-6.940592825412750244e-02
