7.309471368789672852e-01
8.257768750190734863e-01
8.099604542621818837e-07
7.747877240180969238e-01
7.374293804168701172e-01
1.091448683291673660e-02
7.747313976287841797e-01
6.573247313499450684e-01
3.358813701197504997e-03
7.469674348831176758e-01
6.077029109001159668e-01
-6.580414716154336929e-03
7.175570130348205566e-01
5.825980305671691895e-01
-1.812408305704593658e-02
7.799453139305114746e-01
6.231738924980163574e-01
-3.271054476499557495e-02
8.114851713180541992e-01
5.113901495933532715e-01
-5.636194720864295959e-02
8.340407013893127441e-01
4.485333561897277832e-01
-6.818508356809616089e-02
8.527522683143615723e-01
4.020493626594543457e-01
-7.078287005424499512e-02
7.365370392799377441e-01
6.193656921386718750e-01
-4.286710917949676514e-02
7.329210042953491211e-01
4.832410216331481934e-01
-6.003820151090621948e-02
7.332992553710937500e-01
4.034478664398193359e-01
-6.398957967758178711e-02
7.308660745620727539e-01
3.461354672908782959e-01
-6.415054202079772949e-02
6.948108077049255371e-01
6.299964785575866699e-01
-4.834337532520294189e-02
6.988678574562072754e-01
5.561534762382507324e-01
-5.465897172689437866e-02
7.102519869804382324e-01
5.801779031753540039e-01
-4.084275662899017334e-02
7.120351791381835938e-01
6.136404871940612793e-01
-2.692947722971439362e-02
6.595781445503234863e-01
6.501573324203491211e-01
-5.300805717706680298e-02
6.727578639984130859e-01
6.020902991294860840e-01
-4.489882290363311768e-02
6.831558942794799805e-01
6.223040819168090820e-01
-2.265674248337745667e-02
6.852322816848754883e-01
6.481714248657226562e-01
-3.684886265546083450e-03
