3.903809189796447754e-01
8.988595008850097656e-01
3.574704408038087422e-07
3.616998791694641113e-01
7.880311608314514160e-01
7.030093111097812653e-03
3.830174505710601807e-01
6.879910230636596680e-01
5.411857739090919495e-03
4.262356460094451904e-01
6.332783102989196777e-01
3.393575781956315041e-03
4.669056832790374756e-01
6.172341108322143555e-01
1.091970363631844521e-03
4.026032686233520508e-01
6.509931087493896484e-01
-2.885805815458297729e-02
4.268718659877777100e-01
5.208759307861328125e-01
-3.888765349984169006e-02
4.433842003345489502e-01
4.505089819431304932e-01
-3.957748413085937500e-02
4.574326872825622559e-01
3.965931236743927002e-01
-3.794208914041519165e-02
4.518478214740753174e-01
6.731712818145751953e-01
-3.617789968848228455e-02
4.937406182289123535e-01
5.469605922698974609e-01
-4.081549495458602905e-02
5.176972746849060059e-01
4.798501431941986084e-01
-3.831490501761436462e-02
5.370260477066040039e-01
4.327589869499206543e-01
-3.625690937042236328e-02
4.935858845710754395e-01
7.052013278007507324e-01
-3.959357365965843201e-02
5.102330446243286133e-01
6.092964410781860352e-01
-4.292396828532218933e-02
4.883887469768524170e-01
6.212711930274963379e-01
-3.400284051895141602e-02
4.700138568878173828e-01
6.514880061149597168e-01
-2.532280795276165009e-02
5.244939923286437988e-01
7.382071018218994141e-01
-4.220857843756675720e-02
5.174507498741149902e-01
6.668278574943542480e-01
-4.080541804432868958e-02
4.976473450660705566e-01
6.775816082954406738e-01
-2.822089195251464844e-02
4.868866503238677979e-01
7.041031122207641602e-01
-1.642697304487228394e-02
