3.606301844120025635e-01
9.803004264831542969e-01
4.797331030204077251e-07
3.123556971549987793e-01
8.817260265350341797e-01
-1.093383505940437317e-02
3.272024691104888916e-01
7.722122669219970703e-01
-2.644886448979377747e-02
3.822598159313201904e-01
7.062940001487731934e-01
-3.806607425212860107e-02
4.246697127819061279e-01
6.736109852790832520e-01
-4.921189695596694946e-02
3.332613706588745117e-01
7.545041441917419434e-01
-7.104606181383132935e-02
3.227348327636718750e-01
6.031255722045898438e-01
-9.812708944082260132e-02
3.192088603973388672e-01
5.154726505279541016e-01
-1.080067083239555359e-01
3.182448744773864746e-01
4.448888897895812988e-01
-1.115223765373229980e-01
3.922803699970245361e-01
7.735975384712219238e-01
-7.427277415990829468e-02
4.159418940544128418e-01
6.043373346328735352e-01
-9.701089560985565186e-02
4.320112764835357666e-01
5.102524757385253906e-01
-1.017506271600723267e-01
4.474352598190307617e-01
4.379192888736724854e-01
-1.032410562038421631e-01
4.436148107051849365e-01
7.968786954879760742e-01
-7.318099588155746460e-02
4.495470225811004639e-01
6.591697335243225098e-01
-9.525434672832489014e-02
4.259243011474609375e-01
6.822190284729003906e-01
-8.418978005647659302e-02
4.103482067584991455e-01
7.226290106773376465e-01
-6.927322596311569214e-02
4.823811650276184082e-01
8.166366815567016602e-01
-7.162746042013168335e-02
4.646918475627899170e-01
7.089836597442626953e-01
-8.173678070306777954e-02
4.380713999271392822e-01
7.232128977775573730e-01
-6.559488922357559204e-02
4.287704825401306152e-01
7.553219795227050781e-01
-4.895221069455146790e-02
