4.203827977180480957e-01
1.047912120819091797e+00
8.885768352229206357e-07
4.669611155986785889e-01
9.736983776092529297e-01
-2.483172528445720673e-02
4.839344918727874756e-01
8.843058347702026367e-01
-4.381595179438591003e-02
4.525181651115417480e-01
8.369206190109252930e-01
-6.596225500106811523e-02
4.009472429752349854e-01
8.243487477302551270e-01
-8.657526969909667969e-02
4.127889871597290039e-01
7.536082267761230469e-01
-2.334294468164443970e-02
4.368076026439666748e-01
6.396819353103637695e-01
-5.477954074740409851e-02
4.502817392349243164e-01
5.676643252372741699e-01
-7.663162052631378174e-02
4.597548246383666992e-01
5.039870738983154297e-01
-8.984078466892242432e-02
3.629079461097717285e-01
7.680870294570922852e-01
-3.598262369632720947e-02
3.368095159530639648e-01
6.316871643066406250e-01
-7.109647244215011597e-02
3.206162452697753906e-01
5.463727712631225586e-01
-9.411130845546722412e-02
3.022271394729614258e-01
4.756613969802856445e-01
-1.060403138399124146e-01
3.273514807224273682e-01
8.184111118316650391e-01
-5.118202790617942810e-02
3.361441791057586670e-01
7.347942590713500977e-01
-1.036191135644912720e-01
3.856894969940185547e-01
7.885106205940246582e-01
-1.097679883241653442e-01
4.138411879539489746e-01
8.414562940597534180e-01
-9.847125411033630371e-02
3.067836165428161621e-01
8.900287747383117676e-01
-6.758102774620056152e-02
3.289549946784973145e-01
8.296846747398376465e-01
-1.075635775923728943e-01
3.770694434642791748e-01
8.520951271057128906e-01
-1.032021194696426392e-01
4.106169342994689941e-01
8.859218955039978027e-01
-8.936078846454620361e-02
