4.056607484817504883e-01
9.293403029441833496e-01
6.879070610921189655e-07
4.419281184673309326e-01
8.507478237152099609e-01
-2.004709839820861816e-02
4.526227712631225586e-01
7.633155584335327148e-01
-3.355605155229568481e-02
4.293435215950012207e-01
7.080671191215515137e-01
-5.047415569424629211e-02
3.877450525760650635e-01
6.846812367439270020e-01
-6.526862084865570068e-02
3.853928148746490479e-01
6.697220206260681152e-01
-1.182420644909143448e-02
4.022138118743896484e-01
5.652812123298645020e-01
-3.640774637460708618e-02
4.131972491741180420e-01
5.055705904960632324e-01
-5.327732861042022705e-02
4.196653366088867188e-01
4.545646309852600098e-01
-6.262376904487609863e-02
3.454825580120086670e-01
6.819548010826110840e-01
-2.227491699159145355e-02
3.165385127067565918e-01
5.549292564392089844e-01
-5.099549517035484314e-02
3.039625883102416992e-01
4.801019430160522461e-01
-6.828535348176956177e-02
2.902492582798004150e-01
4.227452278137207031e-01
-7.591711729764938354e-02
3.170122504234313965e-01
7.206599116325378418e-01
-3.591039031744003296e-02
3.290005624294281006e-01
6.317884325981140137e-01
-8.003276586532592773e-02
3.754396438598632812e-01
6.696866750717163086e-01
-8.560914546251296997e-02
4.006324708461761475e-01
7.137117385864257812e-01
-7.540984451770782471e-02
3.008890151977539062e-01
7.746001482009887695e-01
-5.063168331980705261e-02
3.231458067893981934e-01
6.955571174621582031e-01
-8.256445825099945068e-02
3.653050363063812256e-01
7.146182656288146973e-01
-7.781071215867996216e-02
3.929990828037261963e-01
7.503773570060729980e-01
-6.520766019821166992e-02
