3.716012239456176758e-01
9.259145259857177734e-01
4.841180043513304554e-07
3.227451145648956299e-01
8.273277282714843750e-01
-4.933377262204885483e-03
3.322924375534057617e-01
7.282357811927795410e-01
-1.579416543245315552e-02
3.777938187122344971e-01
6.732643842697143555e-01
-2.349503338336944580e-02
4.181556105613708496e-01
6.545360684394836426e-01
-3.209237009286880493e-02
3.611125648021697998e-01
7.092462778091430664e-01
-6.061245873570442200e-02
3.528077602386474609e-01
5.692823529243469238e-01
-7.913359254598617554e-02
3.542728126049041748e-01
4.900897145271301270e-01
-8.484540879726409912e-02
3.571605384349822998e-01
4.248620271682739258e-01
-8.694697916507720947e-02
4.145256280899047852e-01
7.175142168998718262e-01
-6.243305280804634094e-02
4.454758465290069580e-01
5.713593959808349609e-01
-7.631992548704147339e-02
4.660331606864929199e-01
4.882602095603942871e-01
-7.733326405286788940e-02
4.826883077621459961e-01
4.259917438030242920e-01
-7.737025618553161621e-02
4.540578722953796387e-01
7.346606254577636719e-01
-5.922872573137283325e-02
4.557490348815917969e-01
6.209103465080261230e-01
-6.724400818347930908e-02
4.332084357738494873e-01
6.393790245056152344e-01
-5.408211424946784973e-02
4.188253879547119141e-01
6.718826889991760254e-01
-4.192067682743072510e-02
4.799286127090454102e-01
7.537244558334350586e-01
-5.581696704030036926e-02
4.612927734851837158e-01
6.644818782806396484e-01
-5.748710781335830688e-02
4.356417059898376465e-01
6.803786754608154297e-01
-4.148221388459205627e-02
4.239042401313781738e-01
7.090496420860290527e-01
-2.699811570346355438e-02
