4.386920630931854248e-01
9.624491930007934570e-01
4.059122034050233196e-07
4.027382135391235352e-01
8.526865839958190918e-01
3.061369934584945440e-04
4.133135676383972168e-01
7.468723654747009277e-01
-1.756031531840562820e-03
4.467281997203826904e-01
6.881232857704162598e-01
-2.099574776366353035e-03
4.678986668586730957e-01
6.630347371101379395e-01
-2.308040158823132515e-03
4.686269462108612061e-01
7.235884666442871094e-01
-3.893420100212097168e-02
4.810295104980468750e-01
5.908893346786499023e-01
-5.346526950597763062e-02
4.910565912723541260e-01
5.206023454666137695e-01
-5.923347175121307373e-02
5.025049448013305664e-01
4.653400182723999023e-01
-6.161020696163177490e-02
5.196708440780639648e-01
7.467561364173889160e-01
-4.179497808218002319e-02
5.616525411605834961e-01
6.109842061996459961e-01
-5.384799093008041382e-02
5.902392268180847168e-01
5.329450368881225586e-01
-5.750450119376182556e-02
6.176510453224182129e-01
4.800470471382141113e-01
-5.918375402688980103e-02
5.526235103607177734e-01
7.793625593185424805e-01
-4.038095846772193909e-02
5.632154941558837891e-01
6.802566051483154297e-01
-4.656365513801574707e-02
5.331220030784606934e-01
6.749605536460876465e-01
-3.782363981008529663e-02
5.103656053543090820e-01
6.937838196754455566e-01
-2.888286486268043518e-02
5.707224607467651367e-01
8.090779185295104980e-01
-3.880409523844718933e-02
5.634514093399047852e-01
7.337544560432434082e-01
-4.116570204496383667e-02
5.381629467010498047e-01
7.306029796600341797e-01
-2.941436506807804108e-02
5.220046043395996094e-01
7.495721578598022461e-01
-1.760925166308879852e-02
