2.991934716701507568e-01
9.318147897720336914e-01
1.041269911183917429e-06
3.528045713901519775e-01
8.717104196548461914e-01
-3.764875605702400208e-02
3.704732656478881836e-01
7.758603096008300781e-01
-5.720898881554603577e-02
3.091909289360046387e-01
7.397779226303100586e-01
-7.829787582159042358e-02
2.455325424671173096e-01
7.232297062873840332e-01
-9.768547117710113525e-02
3.303989470005035400e-01
6.191524863243103027e-01
-2.430895157158374786e-02
3.577762842178344727e-01
4.970034956932067871e-01
-6.041841581463813782e-02
3.742591440677642822e-01
4.152464866638183594e-01
-8.394039422273635864e-02
3.855481147766113281e-01
3.451349139213562012e-01
-9.757069498300552368e-02
2.709152102470397949e-01
6.278901696205139160e-01
-3.381413966417312622e-02
2.482069581747055054e-01
4.800938367843627930e-01
-7.543817162513732910e-02
2.345267832279205322e-01
3.836933374404907227e-01
-1.023392528295516968e-01
2.199598252773284912e-01
2.982936203479766846e-01
-1.145053207874298096e-01
2.254153788089752197e-01
6.758601069450378418e-01
-4.815093055367469788e-02
2.158752530813217163e-01
6.121737957000732422e-01
-1.133192405104637146e-01
2.554624974727630615e-01
6.950331926345825195e-01
-1.254198253154754639e-01
2.785741090774536133e-01
7.554518580436706543e-01
-1.133424565196037292e-01
1.906895637512207031e-01
7.456878423690795898e-01
-6.449475884437561035e-02
1.964092850685119629e-01
7.156422734260559082e-01
-1.171978339552879333e-01
2.327932566404342651e-01
7.710079550743103027e-01
-1.177502423524856567e-01
2.557867765426635742e-01
8.125071525573730469e-01
-1.040813401341438293e-01
