2.712819576263427734e-01
9.489439725875854492e-01
4.025619944059144473e-07
2.300338745117187500e-01
8.532888889312744141e-01
5.657058674842119217e-03
2.441336214542388916e-01
7.561818361282348633e-01
-7.024661754257977009e-04
2.945064306259155273e-01
7.021065354347229004e-01
-8.581572212278842926e-03
3.359064459800720215e-01
6.744165420532226562e-01
-1.599974371492862701e-02
2.377108931541442871e-01
7.110947370529174805e-01
-2.767349593341350555e-02
2.290208190679550171e-01
5.842798352241516113e-01
-4.093091934919357300e-02
2.220885753631591797e-01
5.092900395393371582e-01
-4.559936746954917908e-02
2.173281908035278320e-01
4.495801329612731934e-01
-4.758618772029876709e-02
2.886608541011810303e-01
7.201415300369262695e-01
-3.871364891529083252e-02
3.021521866321563721e-01
5.786159634590148926e-01
-4.905400797724723816e-02
3.098163306713104248e-01
4.943402409553527832e-01
-5.492235347628593445e-02
3.189675509929656982e-01
4.318805634975433350e-01
-5.957045406103134155e-02
3.348508477210998535e-01
7.425896525382995605e-01
-4.604544490575790405e-02
3.487938940525054932e-01
6.324218511581420898e-01
-5.465198680758476257e-02
3.321079313755035400e-01
6.580346226692199707e-01
-4.588007926940917969e-02
3.191200196743011475e-01
6.957693099975585938e-01
-3.668554872274398804e-02
3.739178180694580078e-01
7.676878571510314941e-01
-5.274183675646781921e-02
3.593632876873016357e-01
6.948695182800292969e-01
-5.173737555742263794e-02
3.410394787788391113e-01
7.129335403442382812e-01
-3.662655875086784363e-02
3.354259431362152100e-01
7.396007180213928223e-01
-2.358069084584712982e-02
