4.596901237964630127e-01
8.850882053375244141e-01
7.577128826596890576e-07
4.788294434547424316e-01
7.917003035545349121e-01
-4.609620664268732071e-03
4.607079327106475830e-01
7.040340900421142578e-01
-1.033177040517330170e-02
4.238406717777252197e-01
6.501282453536987305e-01
-1.342433225363492966e-02
3.906572461128234863e-01
6.327074766159057617e-01
-1.630895957350730896e-02
4.165543615818023682e-01
6.735010743141174316e-01
-3.853548318147659302e-02
4.033865630626678467e-01
5.548005104064941406e-01
-5.063609778881072998e-02
4.002575576305389404e-01
4.963700175285339355e-01
-5.415226519107818604e-02
3.972947001457214355e-01
4.527805745601654053e-01
-5.254137143492698669e-02
3.722630143165588379e-01
6.994971632957458496e-01
-3.825195506215095520e-02
3.348741233348846436e-01
5.798841714859008789e-01
-4.700401052832603455e-02
3.136774301528930664e-01
5.108948945999145508e-01
-4.731960967183113098e-02
2.990581691265106201e-01
4.648744761943817139e-01
-4.514487460255622864e-02
3.419762551784515381e-01
7.345592975616455078e-01
-3.419544547796249390e-02
3.454046249389648438e-01
6.543008685111999512e-01
-3.489518165588378906e-02
3.653736412525177002e-01
6.571379899978637695e-01
-2.446107938885688782e-02
3.791913986206054688e-01
6.822025179862976074e-01
-1.468985434621572495e-02
3.276198804378509521e-01
7.695540785789489746e-01
-3.057635761797428131e-02
3.412600159645080566e-01
7.140843272209167480e-01
-2.239884994924068451e-02
3.604321479797363281e-01
7.125202417373657227e-01
-5.651829764246940613e-03
3.740200400352478027e-01
7.281213402748107910e-01
9.013582952320575714e-03
