7.707023024559020996e-01
1.000218868255615234e+00
9.275996717406087555e-07
8.032995462417602539e-01
8.970714211463928223e-01
1.387957949191331863e-02
7.934127449989318848e-01
7.927634716033935547e-01
-3.526318818330764771e-03
7.519847154617309570e-01
7.445884943008422852e-01
-2.438065409660339355e-02
7.086345553398132324e-01
7.282292842864990234e-01
-4.822932183742523193e-02
8.153885006904602051e-01
7.607886791229248047e-01
-6.572102755308151245e-02
8.215018510818481445e-01
6.138665676116943359e-01
-1.022156625986099243e-01
8.340966701507568359e-01
5.334992408752441406e-01
-1.189862489700317383e-01
8.471537828445434570e-01
4.707219898700714111e-01
-1.259004473686218262e-01
7.719936966896057129e-01
7.910931706428527832e-01
-8.702208846807479858e-02
7.474504113197326660e-01
6.126433610916137695e-01
-1.225904524326324463e-01
7.460474371910095215e-01
5.141710042953491211e-01
-1.333872079849243164e-01
7.446230053901672363e-01
4.391657114028930664e-01
-1.391541659832000732e-01
7.213671207427978516e-01
8.261010050773620605e-01
-1.009081825613975525e-01
6.831685304641723633e-01
6.807972192764282227e-01
-1.234758943319320679e-01
6.960561275482177734e-01
7.159130573272705078e-01
-9.971640259027481079e-02
7.080918550491333008e-01
7.552923560142517090e-01
-7.673308998346328735e-02
6.762248873710632324e-01
8.625091910362243652e-01
-1.128593161702156067e-01
6.531611680984497070e-01
7.425123453140258789e-01
-1.167293712496757507e-01
6.681856513023376465e-01
7.631087303161621094e-01
-8.651932328939437866e-02
6.792969107627868652e-01
7.963867187500000000e-01
-6.047846749424934387e-02
