6.838172674179077148e-01
8.885633945465087891e-01
7.521160796386539005e-07
7.078339457511901855e-01
7.810602784156799316e-01
2.566887065768241882e-02
6.973817944526672363e-01
6.962039470672607422e-01
2.016860060393810272e-02
6.664568781852722168e-01
6.540897488594055176e-01
8.253762498497962952e-03
6.338391900062561035e-01
6.380127668380737305e-01
-6.128003820776939392e-03
7.045293450355529785e-01
6.511543393135070801e-01
-2.561231888830661774e-02
7.009059190750122070e-01
5.249601006507873535e-01
-4.977656155824661255e-02
7.073431015014648438e-01
4.521903395652770996e-01
-6.196207180619239807e-02
7.134897112846374512e-01
3.955057859420776367e-01
-6.603352725505828857e-02
6.638293862342834473e-01
6.656766533851623535e-01
-4.683911800384521484e-02
6.322184205055236816e-01
5.209606289863586426e-01
-6.630761176347732544e-02
6.211626529693603516e-01
4.385949671268463135e-01
-7.076618820428848267e-02
6.115903258323669434e-01
3.775365948677062988e-01
-7.181803882122039795e-02
6.214067935943603516e-01
6.935331821441650391e-01
-6.198177114129066467e-02
5.945360064506530762e-01
6.000505685806274414e-01
-6.819998472929000854e-02
6.076633930206298828e-01
6.264542341232299805e-01
-4.707840457558631897e-02
6.147519350051879883e-01
6.576992869377136230e-01
-2.880487591028213501e-02
5.861045122146606445e-01
7.311068773269653320e-01
-7.564053684473037720e-02
5.769700407981872559e-01
6.608178615570068359e-01
-6.776478141546249390e-02
5.914559960365295410e-01
6.808817982673645020e-01
-3.984398767352104187e-02
5.988705158233642578e-01
7.068088650703430176e-01
-1.675900258123874664e-02
