5.528483390808105469e-01
9.142665266990661621e-01
8.095958605736086611e-07
5.711908340454101562e-01
8.192183971405029297e-01
-2.830179641023278236e-03
5.389935970306396484e-01
7.317216992378234863e-01
-1.082621421664953232e-02
4.874451458454132080e-01
6.791269779205322266e-01
-1.822997443377971649e-02
4.461206793785095215e-01
6.602240800857543945e-01
-2.562967129051685333e-02
5.152043700218200684e-01
6.843964457511901855e-01
-3.432581573724746704e-02
4.908548593521118164e-01
5.592706799507141113e-01
-5.892173945903778076e-02
4.853818118572235107e-01
4.803265929222106934e-01
-7.378792762756347656e-02
4.801253080368041992e-01
4.179466366767883301e-01
-7.978861778974533081e-02
4.704382419586181641e-01
7.046644091606140137e-01
-3.826459497213363647e-02
4.160668849945068359e-01
5.793742537498474121e-01
-5.474314466118812561e-02
3.911224603652954102e-01
5.024589300155639648e-01
-5.942272767424583435e-02
3.685318827629089355e-01
4.444036781787872314e-01
-6.104209646582603455e-02
4.353165924549102783e-01
7.376954555511474609e-01
-3.994501009583473206e-02
4.102819263935089111e-01
6.643640398979187012e-01
-5.023159459233283997e-02
4.318173825740814209e-01
6.752566099166870117e-01
-4.019948840141296387e-02
4.476298093795776367e-01
7.038451433181762695e-01
-2.903606370091438293e-02
4.106276631355285645e-01
7.772496938705444336e-01
-4.226977750658988953e-02
4.103646576404571533e-01
7.215176224708557129e-01
-4.270857572555541992e-02
4.306644201278686523e-01
7.329468727111816406e-01
-2.813462726771831512e-02
4.423827528953552246e-01
7.571631669998168945e-01
-1.436886005103588104e-02
