6.112012863159179688e-01
9.747124910354614258e-01
6.038861783963511698e-07
5.738775134086608887e-01
9.043853878974914551e-01
-1.525132823735475540e-02
5.569511651992797852e-01
8.074402213096618652e-01
-3.072260506451129913e-02
5.914548635482788086e-01
7.736130356788635254e-01
-5.213207006454467773e-02
6.432878375053405762e-01
7.736102938652038574e-01
-7.392513751983642578e-02
6.204271316528320312e-01
6.952534914016723633e-01
-2.298555895686149597e-02
5.968839526176452637e-01
5.890218019485473633e-01
-5.386034399271011353e-02
5.811668038368225098e-01
5.223219394683837891e-01
-7.124516367912292480e-02
5.707120299339294434e-01
4.679661095142364502e-01
-8.130205422639846802e-02
6.768708825111389160e-01
7.088145613670349121e-01
-3.968612849712371826e-02
7.198492288589477539e-01
5.812824368476867676e-01
-7.102990150451660156e-02
7.393938899040222168e-01
4.986379742622375488e-01
-8.957950025796890259e-02
7.594363689422607422e-01
4.311009645462036133e-01
-9.697436541318893433e-02
7.157087922096252441e-01
7.590895891189575195e-01
-5.871399864554405212e-02
6.831660866737365723e-01
7.051630020141601562e-01
-1.008638441562652588e-01
6.399652361869812012e-01
7.659438848495483398e-01
-1.072860807180404663e-01
6.279270052909851074e-01
8.127198815345764160e-01
-9.815879166126251221e-02
7.361618280410766602e-01
8.227676749229431152e-01
-7.898997515439987183e-02
6.752859950065612793e-01
7.938269376754760742e-01
-1.077911779284477234e-01
6.324627995491027832e-01
8.223806619644165039e-01
-1.050402894616127014e-01
6.189636588096618652e-01
8.494840860366821289e-01
-9.525103867053985596e-02
