6.059577465057373047e-01
8.522785902023315430e-01
5.301248506839328911e-07
5.734779238700866699e-01
7.878918647766113281e-01
-1.240979321300983429e-02
5.602450370788574219e-01
7.052257061004638672e-01
-2.598231472074985504e-02
5.786678791046142578e-01
6.664598584175109863e-01
-4.462088271975517273e-02
6.157985329627990723e-01
6.569820046424865723e-01
-6.281721591949462891e-02
6.156122684478759766e-01
6.087095737457275391e-01
-1.798619143664836884e-02
5.977901816368103027e-01
5.131813883781433105e-01
-4.289066419005393982e-02
5.849417448043823242e-01
4.554007053375244141e-01
-5.706923082470893860e-02
5.765911936759948730e-01
4.048390090465545654e-01
-6.600799411535263062e-02
6.627152562141418457e-01
6.226886510848999023e-01
-3.217394277453422546e-02
6.939256787300109863e-01
5.100184082984924316e-01
-5.860086902976036072e-02
7.106608152389526367e-01
4.413128495216369629e-01
-7.373251765966415405e-02
7.267812490463256836e-01
3.825346827507019043e-01
-8.003575354814529419e-02
6.950280070304870605e-01
6.639871597290039062e-01
-4.817014560103416443e-02
6.562841534614562988e-01
6.002968549728393555e-01
-8.569637686014175415e-02
6.153106093406677246e-01
6.513642072677612305e-01
-8.929906785488128662e-02
5.990129709243774414e-01
6.941682696342468262e-01
-8.044235408306121826e-02
7.111979126930236816e-01
7.156692743301391602e-01
-6.530419737100601196e-02
6.526329517364501953e-01
6.833749413490295410e-01
-9.331180900335311890e-02
6.133924126625061035e-01
7.098606228828430176e-01
-9.177138656377792358e-02
5.966521501541137695e-01
7.366333007812500000e-01
-8.364371210336685181e-02
