7.499397993087768555e-01
9.767541885375976562e-01
9.863347258942667395e-07
6.833572387695312500e-01
9.542738795280456543e-01
-3.005471639335155487e-02
6.335095763206481934e-01
8.865063786506652832e-01
-5.380309745669364929e-02
6.723109483718872070e-01
8.439702391624450684e-01
-8.090203255414962769e-02
7.335203289985656738e-01
8.126082420349121094e-01
-1.078017354011535645e-01
6.269153952598571777e-01
7.191492915153503418e-01
-4.128009080886840820e-02
5.628777146339416504e-01
6.257735490798950195e-01
-7.565214484930038452e-02
5.237321853637695312e-01
5.679160356521606445e-01
-9.624983370304107666e-02
4.912460446357727051e-01
5.116870403289794922e-01
-1.107325628399848938e-01
6.853656768798828125e-01
6.888785362243652344e-01
-5.461462959647178650e-02
6.834393143653869629e-01
5.388848781585693359e-01
-9.010747820138931274e-02
6.843250989913940430e-01
4.442839026451110840e-01
-1.117562875151634216e-01
6.871020197868347168e-01
3.599559664726257324e-01
-1.229985579848289490e-01
7.411999106407165527e-01
7.082682251930236816e-01
-7.089117914438247681e-02
7.248966097831726074e-01
6.667380332946777344e-01
-1.174837574362754822e-01
7.135871052742004395e-01
7.694655656814575195e-01
-1.214548721909523010e-01
7.141699194908142090e-01
8.330740928649902344e-01
-1.108949035406112671e-01
7.912349700927734375e-01
7.525980472564697266e-01
-8.989262580871582031e-02
7.643957138061523438e-01
7.561815381050109863e-01
-1.246985718607902527e-01
7.472943067550659180e-01
8.298028111457824707e-01
-1.206435933709144592e-01
7.444449663162231445e-01
8.753619194030761719e-01
-1.092536449432373047e-01
