8.390688896179199219e-01
9.238630533218383789e-01
9.642784561947337352e-07
7.720069289207458496e-01
8.802946805953979492e-01
-4.240533709526062012e-02
7.470117807388305664e-01
7.832927107810974121e-01
-6.781625747680664062e-02
8.169739842414855957e-01
7.332267761230468750e-01
-9.447965770959854126e-02
8.842501640319824219e-01
7.054861187934875488e-01
-1.186450868844985962e-01
7.462166547775268555e-01
6.080509424209594727e-01
-4.106802493333816528e-02
7.005973458290100098e-01
4.893821477890014648e-01
-8.171284943819046021e-02
6.707826256752014160e-01
4.179131984710693359e-01
-1.066385284066200256e-01
6.436302661895751953e-01
3.565616607666015625e-01
-1.230962276458740234e-01
8.114886283874511719e-01
5.861620306968688965e-01
-5.020716786384582520e-02
8.211711049079895020e-01
4.225810766220092773e-01
-9.313178062438964844e-02
8.254131078720092773e-01
3.226956129074096680e-01
-1.191597729921340942e-01
8.290623426437377930e-01
2.283981740474700928e-01
-1.321755498647689819e-01
8.664102554321289062e-01
6.181578040122985840e-01
-6.454809755086898804e-02
8.839379549026489258e-01
5.505018234252929688e-01
-1.194190606474876404e-01
8.608044981956481934e-01
6.601564884185791016e-01
-1.225894093513488770e-01
8.446722626686096191e-01
7.264382839202880859e-01
-1.087804809212684631e-01
9.139596223831176758e-01
6.759580373764038086e-01
-8.295699208974838257e-02
9.170342087745666504e-01
6.653586626052856445e-01
-1.224575564265251160e-01
8.883103132247924805e-01
7.367482185363769531e-01
-1.187742650508880615e-01
8.665070533752441406e-01
7.759075164794921875e-01
-1.066218838095664978e-01
