6.380691528320312500e-01
8.954623937606811523e-01
8.957114800978160929e-07
5.659611821174621582e-01
8.760591745376586914e-01
-3.226983919739723206e-02
4.912034571170806885e-01
8.102492690086364746e-01
-5.745971947908401489e-02
5.087804198265075684e-01
7.553687095642089844e-01
-8.625288307666778564e-02
5.685811042785644531e-01
7.189108729362487793e-01
-1.145309656858444214e-01
4.840544462203979492e-01
6.244825720787048340e-01
-4.371044412255287170e-02
4.170513451099395752e-01
5.235295295715332031e-01
-7.991504669189453125e-02
3.733215332031250000e-01
4.646418988704681396e-01
-1.000332310795783997e-01
3.394692540168762207e-01
4.106153249740600586e-01
-1.140529662370681763e-01
5.431261062622070312e-01
5.926142334938049316e-01
-5.924385786056518555e-02
5.139777660369873047e-01
4.371860921382904053e-01
-9.861994534730911255e-02
4.909028708934783936e-01
3.440868854522705078e-01
-1.216783076524734497e-01
4.755584299564361572e-01
2.614443898200988770e-01
-1.332195401191711426e-01
6.057354807853698730e-01
6.064614653587341309e-01
-7.824988663196563721e-02
5.678796768188476562e-01
5.612053871154785156e-01
-1.329291164875030518e-01
5.594869852066040039e-01
6.684139370918273926e-01
-1.394747942686080933e-01
5.650994181632995605e-01
7.361412644386291504e-01
-1.286942064762115479e-01
6.622437238693237305e-01
6.509224176406860352e-01
-9.975776821374893188e-02
6.096720695495605469e-01
6.645537614822387695e-01
-1.411820650100708008e-01
5.931642055511474609e-01
7.445366382598876953e-01
-1.396498531103134155e-01
5.959209203720092773e-01
7.938187122344970703e-01
-1.292766034603118896e-01
