6.303426027297973633e-01
8.085229396820068359e-01
7.140009188333351631e-07
5.686035156250000000e-01
7.831642627716064453e-01
-1.948316581547260284e-02
5.115042328834533691e-01
7.290599346160888672e-01
-3.731772676110267639e-02
5.068804621696472168e-01
6.838434934616088867e-01
-6.035209074616432190e-02
5.444604754447937012e-01
6.496854424476623535e-01
-8.282093703746795654e-02
5.087558627128601074e-01
5.678579807281494141e-01
-2.128425426781177521e-02
4.536510705947875977e-01
4.914801120758056641e-01
-4.780094698071479797e-02
4.210619926452636719e-01
4.425918459892272949e-01
-6.287236511707305908e-02
3.966588973999023438e-01
3.958991467952728271e-01
-7.362450659275054932e-02
5.591694712638854980e-01
5.449426174163818359e-01
-3.655126690864562988e-02
5.387179255485534668e-01
4.180036783218383789e-01
-6.663805991411209106e-02
5.242049098014831543e-01
3.438471853733062744e-01
-8.432528376579284668e-02
5.156955122947692871e-01
2.795898616313934326e-01
-9.266144782304763794e-02
6.118009090423583984e-01
5.597140192985534668e-01
-5.474741384387016296e-02
5.667474865913391113e-01
5.185340046882629395e-01
-9.955719858407974243e-02
5.500260591506958008e-01
6.072236299514770508e-01
-1.042776182293891907e-01
5.515334606170654297e-01
6.677244901657104492e-01
-9.432750940322875977e-02
6.574648618698120117e-01
5.989608168601989746e-01
-7.439906150102615356e-02
6.005880236625671387e-01
6.047632098197937012e-01
-1.072362065315246582e-01
5.767844915390014648e-01
6.632016897201538086e-01
-1.058770343661308289e-01
5.732582807540893555e-01
7.022871971130371094e-01
-9.703116863965988159e-02
