6.714097857475280762e-01
8.527911901473999023e-01
8.849523283060989343e-07
6.075479388236999512e-01
8.239380717277526855e-01
-2.846494130790233612e-02
5.497484803199768066e-01
7.514358162879943848e-01
-5.120902881026268005e-02
5.716384649276733398e-01
7.020592689514160156e-01
-7.832325994968414307e-02
6.245926618576049805e-01
6.686366200447082520e-01
-1.050337329506874084e-01
5.540440678596496582e-01
5.776677727699279785e-01
-3.758058696985244751e-02
4.928600192070007324e-01
4.825643301010131836e-01
-7.230607420206069946e-02
4.548540115356445312e-01
4.173737168312072754e-01
-9.194499999284744263e-02
4.290448427200317383e-01
3.541736900806427002e-01
-1.062733754515647888e-01
6.135219335556030273e-01
5.524295568466186523e-01
-5.306620895862579346e-02
6.034498810768127441e-01
4.032781124114990234e-01
-9.198832511901855469e-02
5.923212170600891113e-01
3.078504204750061035e-01
-1.158016026020050049e-01
5.901684761047363281e-01
2.264490723609924316e-01
-1.281042397022247314e-01
6.715419888496398926e-01
5.745270252227783203e-01
-7.164467126131057739e-02
6.476876735687255859e-01
5.256079435348510742e-01
-1.239841580390930176e-01
6.271484494209289551e-01
6.259891390800476074e-01
-1.292498707771301270e-01
6.246099472045898438e-01
6.939914822578430176e-01
-1.183490380644798279e-01
7.218618988990783691e-01
6.230495572090148926e-01
-9.247256070375442505e-02
6.767458915710449219e-01
6.322110891342163086e-01
-1.323784291744232178e-01
6.507269740104675293e-01
7.053540945053100586e-01
-1.312783807516098022e-01
6.453490853309631348e-01
7.531350851058959961e-01
-1.213192120194435120e-01
