3.049660027027130127e-01
7.127535343170166016e-01
-6.761156328138895333e-07
3.867951631546020508e-01
6.397898197174072266e-01
-4.522448405623435974e-02
4.205848574638366699e-01
4.934416413307189941e-01
-5.915749073028564453e-02
3.965409994125366211e-01
3.620651364326477051e-01
-7.151819765567779541e-02
3.847018778324127197e-01
2.547440230846405029e-01
-7.685289531946182251e-02
4.080615043640136719e-01
3.975593447685241699e-01
-1.374160032719373703e-02
4.372962713241577148e-01
3.009495735168457031e-01
-7.480790466070175171e-02
4.155715107917785645e-01
3.748686909675598145e-01
-1.076806262135505676e-01
3.912298083305358887e-01
4.613476097583770752e-01
-1.157153919339179993e-01
3.422187566757202148e-01
3.993287384510040283e-01
-8.827272802591323853e-03
3.489920794963836670e-01
3.265126943588256836e-01
-7.432865351438522339e-02
3.438258171081542969e-01
4.513262510299682617e-01
-8.891692757606506348e-02
3.477371037006378174e-01
5.452749133110046387e-01
-8.008395135402679443e-02
2.798520326614379883e-01
4.128677845001220703e-01
-1.544621214270591736e-02
2.847655415534973145e-01
3.570280969142913818e-01
-8.022247254848480225e-02
2.960231006145477295e-01
4.779219031333923340e-01
-7.061374932527542114e-02
3.079319298267364502e-01
5.619845390319824219e-01
-4.294596984982490540e-02
2.188586443662643433e-01
4.378674030303955078e-01
-2.579537034034729004e-02
2.265918999910354614e-01
3.681046962738037109e-01
-6.428998708724975586e-02
2.416732460260391235e-01
4.453523755073547363e-01
-5.187254771590232849e-02
2.524156272411346436e-01
5.010086894035339355e-01
-2.940528094768524170e-02
