4.359621107578277588e-01
7.056585550308227539e-01
-8.099632395897060633e-07
3.696834444999694824e-01
5.707510113716125488e-01
1.830242387950420380e-02
3.812182545661926270e-01
4.517807364463806152e-01
2.036807872354984283e-02
4.128211140632629395e-01
3.507990241050720215e-01
2.130803279578685760e-02
4.416643977165222168e-01
2.904962897300720215e-01
2.443181164562702179e-02
4.264838695526123047e-01
3.796156942844390869e-01
-1.609710976481437683e-02
4.076729416847229004e-01
2.741970419883728027e-01
-6.964575033634901047e-03
4.025569260120391846e-01
3.228867053985595703e-01
7.239650469273328781e-03
4.038152098655700684e-01
3.759447634220123291e-01
1.745158247649669647e-02
4.887359142303466797e-01
3.991067111492156982e-01
-2.468718588352203369e-02
4.688849449157714844e-01
3.411475121974945068e-01
-2.847245428711175919e-03
4.579169750213623047e-01
3.862171769142150879e-01
1.123309787362813950e-02
4.547958672046661377e-01
4.241246879100799561e-01
1.422714069485664368e-02
5.406979918479919434e-01
4.417342245578765869e-01
-2.715088613331317902e-02
5.107634067535400391e-01
3.999258875846862793e-01
-7.394593209028244019e-03
5.002486109733581543e-01
4.354600012302398682e-01
6.955472286790609360e-03
4.978688955307006836e-01
4.700711369514465332e-01
8.689652197062969208e-03
5.804219841957092285e-01
4.887499809265136719e-01
-2.718319185078144073e-02
5.535663366317749023e-01
4.339324831962585449e-01
-8.405073545873165131e-03
5.434697270393371582e-01
4.667934477329254150e-01
1.292369980365037918e-02
5.413864254951477051e-01
5.007559061050415039e-01
2.593242749571800232e-02
