7.773110866546630859e-01
9.343656301498413086e-01
-1.204087311634793878e-06
6.831284761428833008e-01
8.598976135253906250e-01
-4.122471809387207031e-02
6.353027224540710449e-01
6.571538448333740234e-01
-5.445737019181251526e-02
6.469593048095703125e-01
4.932729005813598633e-01
-6.753272563219070435e-02
6.477464437484741211e-01
3.529322445392608643e-01
-7.058235257863998413e-02
6.579610705375671387e-01
5.055652856826782227e-01
-7.832812145352363586e-03
5.953027606010437012e-01
4.352210164070129395e-01
-8.695132285356521606e-02
6.114262342453002930e-01
5.625124573707580566e-01
-1.248561143875122070e-01
6.362243294715881348e-01
6.688010692596435547e-01
-1.321117877960205078e-01
7.423864603042602539e-01
5.026561021804809570e-01
-1.195927057415246964e-02
6.900951862335205078e-01
4.481182098388671875e-01
-8.846973627805709839e-02
6.887953877449035645e-01
6.297490596771240234e-01
-9.406118094921112061e-02
7.113219499588012695e-01
7.126963138580322266e-01
-7.518875598907470703e-02
8.263953924179077148e-01
5.336589813232421875e-01
-3.077773377299308777e-02
7.853531837463378906e-01
4.818680882453918457e-01
-1.058175340294837952e-01
7.642663121223449707e-01
6.505881547927856445e-01
-7.532764226198196411e-02
7.764453291893005371e-01
7.164713740348815918e-01
-3.168414160609245300e-02
9.056117534637451172e-01
5.829597711563110352e-01
-5.393418297171592712e-02
8.665696382522583008e-01
5.379319787025451660e-01
-9.495222568511962891e-02
8.363825082778930664e-01
6.467860341072082520e-01
-6.893131136894226074e-02
8.433748483657836914e-01
6.877253651618957520e-01
-3.501876816153526306e-02
