7.935856580734252930e-01
7.348779439926147461e-01
-2.056539898376286146e-07
8.659889101982116699e-01
6.290674805641174316e-01
1.607544533908367157e-02
8.726364374160766602e-01
5.131126046180725098e-01
2.007888257503509521e-02
8.532137870788574219e-01
4.060681164264678955e-01
2.318334206938743591e-02
8.416683673858642578e-01
3.411756157875061035e-01
2.646034769713878632e-02
8.814647197723388672e-01
4.607908129692077637e-01
-4.452290944755077362e-03
8.589543104171752930e-01
3.803055882453918457e-01
3.877224226016551256e-04
8.468030095100402832e-01
4.182594418525695801e-01
4.684341140091419220e-03
8.475745916366577148e-01
4.537363946437835693e-01
6.616880651563405991e-03
8.145455718040466309e-01
4.641171395778656006e-01
-1.267150230705738068e-02
7.943168878555297852e-01
3.990901708602905273e-01
1.965581905096769333e-03
7.883568406105041504e-01
4.325360357761383057e-01
1.404181588441133499e-02
7.934683561325073242e-01
4.667648077011108398e-01
1.734749600291252136e-02
7.483543753623962402e-01
4.838992059230804443e-01
-1.720307767391204834e-02
7.402017712593078613e-01
4.313920140266418457e-01
-1.646138262003660202e-03
7.396755218505859375e-01
4.623267948627471924e-01
1.485239062458276749e-02
7.438120841979980469e-01
4.946549534797668457e-01
1.954252459108829498e-02
6.906641721725463867e-01
5.152361989021301270e-01
-1.993116736412048340e-02
6.987585425376892090e-01
4.703856706619262695e-01
-4.948304966092109680e-03
7.016373872756958008e-01
5.032798647880554199e-01
1.466660294681787491e-02
7.036341428756713867e-01
5.290977358818054199e-01
2.692007273435592651e-02
