3.710619211196899414e-01
7.696911096572875977e-01
-3.928620344595401548e-07
4.470933973789215088e-01
6.905905008316040039e-01
-3.428338840603828430e-02
4.774494171142578125e-01
5.266457796096801758e-01
-4.093393310904502869e-02
4.695760011672973633e-01
4.054399132728576660e-01
-4.762998595833778381e-02
4.743302762508392334e-01
3.068097829818725586e-01
-5.040595680475234985e-02
4.289888143539428711e-01
4.441776275634765625e-01
-1.892726751975715160e-03
4.674418270587921143e-01
3.811891674995422363e-01
-4.698147252202033997e-02
4.880121648311614990e-01
4.263702630996704102e-01
-7.084975391626358032e-02
4.974987506866455078e-01
4.719017148017883301e-01
-7.785772532224655151e-02
3.739219009876251221e-01
4.508117437362670898e-01
-3.855682443827390671e-04
4.256680607795715332e-01
3.982651233673095703e-01
-5.607559531927108765e-02
4.316099286079406738e-01
5.261376500129699707e-01
-6.470086425542831421e-02
4.230921268463134766e-01
6.111034750938415527e-01
-5.310102552175521851e-02
3.183028697967529297e-01
4.712499976158142090e-01
-8.329641073942184448e-03
3.621508479118347168e-01
4.257542788982391357e-01
-7.159174978733062744e-02
3.781220316886901855e-01
5.522645711898803711e-01
-6.063270568847656250e-02
3.776455223560333252e-01
6.315740346908569336e-01
-3.171515092253684998e-02
2.600351572036743164e-01
5.042590498924255371e-01
-1.822994649410247803e-02
2.940088510513305664e-01
4.400410056114196777e-01
-6.113720685243606567e-02
3.205640912055969238e-01
5.195304155349731445e-01
-4.913553968071937561e-02
3.264979422092437744e-01
5.780726671218872070e-01
-2.598376199603080750e-02
