3.146003484725952148e-01
6.763316392898559570e-01
-5.818756676490011159e-07
3.755038082599639893e-01
6.147779822349548340e-01
-3.481106832623481750e-02
3.924473524093627930e-01
4.924018681049346924e-01
-4.511364921927452087e-02
3.705621957778930664e-01
3.911991417407989502e-01
-5.384175479412078857e-02
3.621213138103485107e-01
3.079132437705993652e-01
-5.663680285215377808e-02
3.831394910812377930e-01
4.199033677577972412e-01
-1.377478707581758499e-02
4.054701030254364014e-01
3.405582010746002197e-01
-6.125486269593238831e-02
3.870163559913635254e-01
4.058077335357666016e-01
-8.582411706447601318e-02
3.670538663864135742e-01
4.774535596370697021e-01
-9.149976074695587158e-02
3.305347561836242676e-01
4.229258298873901367e-01
-9.516001679003238678e-03
3.347567319869995117e-01
3.685849010944366455e-01
-6.145795434713363647e-02
3.328160643577575684e-01
4.741716682910919189e-01
-7.106720656156539917e-02
3.367917537689208984e-01
5.495677590370178223e-01
-6.279584020376205444e-02
2.803972959518432617e-01
4.350480139255523682e-01
-1.399081479758024216e-02
2.793170511722564697e-01
3.898427486419677734e-01
-6.414099037647247314e-02
2.921050786972045898e-01
4.866825342178344727e-01
-5.500155314803123474e-02
3.042833209037780762e-01
5.524598956108093262e-01
-3.265781700611114502e-02
2.322956323623657227e-01
4.561092257499694824e-01
-2.122571691870689392e-02
2.356581091880798340e-01
3.989613950252532959e-01
-5.174766853451728821e-02
2.501919567584991455e-01
4.640704393386840820e-01
-4.130233824253082275e-02
2.599158585071563721e-01
5.108367204666137695e-01
-2.317663095891475677e-02
