3.050302565097808838e-01
8.235514163970947266e-01
-9.282992436965287197e-07
3.945606648921966553e-01
7.151544690132141113e-01
-5.563610792160034180e-02
4.137025773525238037e-01
5.315356254577636719e-01
-7.464142143726348877e-02
3.815661668777465820e-01
3.767850399017333984e-01
-9.170194715261459351e-02
3.633094727993011475e-01
2.495869398117065430e-01
-9.919084608554840088e-02
4.140451848506927490e-01
4.209616780281066895e-01
-2.268494851887226105e-02
4.360711574554443359e-01
2.912807464599609375e-01
-9.925626218318939209e-02
4.013993740081787109e-01
3.866750597953796387e-01
-1.407772898674011230e-01
3.702357709407806396e-01
4.972611069679260254e-01
-1.519221365451812744e-01
3.338625729084014893e-01
4.267283082008361816e-01
-1.574228517711162567e-02
3.180912137031555176e-01
3.508258461952209473e-01
-1.014884188771247864e-01
3.168359994888305664e-01
5.092226266860961914e-01
-1.200576871633529663e-01
3.328795731067657471e-01
6.207211017608642578e-01
-1.087363883852958679e-01
2.586985826492309570e-01
4.468513131141662598e-01
-2.266569063067436218e-02
2.410731911659240723e-01
3.849691152572631836e-01
-1.007060483098030090e-01
2.614035308361053467e-01
5.248324275016784668e-01
-8.889083564281463623e-02
2.862393856048583984e-01
6.183238625526428223e-01
-5.595749244093894958e-02
1.883026063442230225e-01
4.812068641185760498e-01
-3.447347879409790039e-02
1.737360060214996338e-01
4.024054110050201416e-01
-7.891754060983657837e-02
1.947950869798660278e-01
4.924951493740081787e-01
-6.407152116298675537e-02
2.178450226783752441e-01
5.542529225349426270e-01
-3.722124546766281128e-02
