3.770660758018493652e-01
7.154910564422607422e-01
-6.369261882355203852e-07
4.428010284900665283e-01
6.589057445526123047e-01
-3.783180564641952515e-02
4.679552912712097168e-01
5.292807221412658691e-01
-4.874885082244873047e-02
4.406163096427917480e-01
4.173095226287841797e-01
-5.701723322272300720e-02
4.279631674289703369e-01
3.258591890335083008e-01
-5.924022197723388672e-02
4.512407183647155762e-01
4.387699961662292480e-01
-1.568177714943885803e-02
4.732838571071624756e-01
3.742303848266601562e-01
-6.431715935468673706e-02
4.583751559257507324e-01
4.511265754699707031e-01
-8.888705819845199585e-02
4.407932758331298828e-01
5.273682475090026855e-01
-9.446398168802261353e-02
3.944285809993743896e-01
4.446295201778411865e-01
-1.092587225139141083e-02
4.015110135078430176e-01
3.882291615009307861e-01
-6.289183348417282104e-02
4.038875401020050049e-01
5.004591941833496094e-01
-7.171992212533950806e-02
4.087372422218322754e-01
5.798305273056030273e-01
-6.284405291080474854e-02
3.424344956874847412e-01
4.614731669425964355e-01
-1.512280758470296860e-02
3.444623649120330811e-01
4.160194098949432373e-01
-6.778397411108016968e-02
3.631479442119598389e-01
5.212413072586059570e-01
-5.715738609433174133e-02
3.770604431629180908e-01
5.915011763572692871e-01
-3.322150930762290955e-02
2.916786372661590576e-01
4.888623058795928955e-01
-2.205559797585010529e-02
2.995679080486297607e-01
4.316869378089904785e-01
-5.510654300451278687e-02
3.188476264476776123e-01
5.006852746009826660e-01
-4.395779594779014587e-02
3.294193744659423828e-01
5.474506020545959473e-01
-2.489121630787849426e-02
