4.926964342594146729e-01
5.725691318511962891e-01
-6.280386628532141913e-07
5.876219868659973145e-01
5.544285178184509277e-01
-3.330558538436889648e-02
6.674505472183227539e-01
4.580237269401550293e-01
-4.351253435015678406e-02
6.894271969795227051e-01
3.440400958061218262e-01
-5.431006103754043579e-02
7.174178361892700195e-01
2.522594928741455078e-01
-5.978186428546905518e-02
6.701065301895141602e-01
3.630810081958770752e-01
-7.256211247295141220e-03
7.317962646484375000e-01
3.117323815822601318e-01
-5.927459523081779480e-02
6.938011646270751953e-01
3.742480278015136719e-01
-8.669215440750122070e-02
6.463233232498168945e-01
4.349032044410705566e-01
-9.257806092500686646e-02
6.169363260269165039e-01
3.305739164352416992e-01
-6.583048030734062195e-03
6.645115613937377930e-01
2.869404554367065430e-01
-5.868234857916831970e-02
6.202068924903869629e-01
3.864563405513763428e-01
-6.870064884424209595e-02
5.833684802055358887e-01
4.553078413009643555e-01
-6.059359759092330933e-02
5.619464516639709473e-01
3.093814849853515625e-01
-1.553035899996757507e-02
6.043037772178649902e-01
2.718835771083831787e-01
-7.059502601623535156e-02
5.731028318405151367e-01
3.786597251892089844e-01
-5.963214486837387085e-02
5.452647209167480469e-01
4.496677219867706299e-01
-3.411982581019401550e-02
5.007681846618652344e-01
2.968380153179168701e-01
-2.692074328660964966e-02
5.488873124122619629e-01
2.445887327194213867e-01
-6.080882251262664795e-02
5.394824743270874023e-01
3.203013241291046143e-01
-4.645879194140434265e-02
5.214048624038696289e-01
3.727144002914428711e-01
-2.414306998252868652e-02
