3.912450075149536133e-01
7.059592604637145996e-01
-7.175674454629188403e-07
4.137081503868103027e-01
5.824142098426818848e-01
-3.958754241466522217e-02
3.577838540077209473e-01
4.455595314502716064e-01
-4.995556548237800598e-02
2.797176837921142578e-01
3.718785345554351807e-01
-6.004165485501289368e-02
2.240922152996063232e-01
3.014635443687438965e-01
-6.307477504014968872e-02
3.094325065612792969e-01
3.759001791477203369e-01
-6.571924779564142227e-03
2.861418128013610840e-01
2.848431468009948730e-01
-6.263870000839233398e-02
3.092646300792694092e-01
3.616731166839599609e-01
-9.296828508377075195e-02
3.344368934631347656e-01
4.492712318897247314e-01
-9.966321289539337158e-02
2.600749433040618896e-01
4.331237375736236572e-01
-3.794326446950435638e-03
2.312239110469818115e-01
3.742690682411193848e-01
-6.407858431339263916e-02
2.912577092647552490e-01
4.740943312644958496e-01
-7.630130648612976074e-02
3.394882380962371826e-01
5.405253171920776367e-01
-6.576910614967346191e-02
2.189519852399826050e-01
4.983821809291839600e-01
-1.200181711465120316e-02
1.977076828479766846e-01
4.513007402420043945e-01
-7.066154479980468750e-02
2.648110985755920410e-01
5.316329598426818848e-01
-6.060684472322463989e-02
3.110194504261016846e-01
5.831723213195800781e-01
-3.363975882530212402e-02
1.848415583372116089e-01
5.704919099807739258e-01
-2.358653768897056580e-02
1.527236104011535645e-01
5.038809180259704590e-01
-5.581576749682426453e-02
1.992331594228744507e-01
5.479748845100402832e-01
-4.047426953911781311e-02
2.331006377935409546e-01
5.819870233535766602e-01
-1.688400469720363617e-02
