1.498455703258514404e-01
6.822687983512878418e-01
-6.351856427500024438e-07
2.187567651271820068e-01
5.972301959991455078e-01
-4.089818894863128662e-02
2.323016822338104248e-01
4.668181836605072021e-01
-5.274342745542526245e-02
2.056002914905548096e-01
3.569643199443817139e-01
-6.362186372280120850e-02
1.906390637159347534e-01
2.666877806186676025e-01
-6.768468022346496582e-02
2.296871095895767212e-01
3.870705068111419678e-01
-8.550839498639106750e-03
2.365952432155609131e-01
2.904320955276489258e-01
-6.327950209379196167e-02
2.126272022724151611e-01
3.591232597827911377e-01
-9.416162967681884766e-02
1.943133771419525146e-01
4.411145746707916260e-01
-1.023726388812065125e-01
1.695902943611145020e-01
3.915430903434753418e-01
-2.475927816703915596e-03
1.484015583992004395e-01
3.340597748756408691e-01
-6.683902442455291748e-02
1.491739749908447266e-01
4.473131895065307617e-01
-8.443449437618255615e-02
1.641414612531661987e-01
5.293264389038085938e-01
-7.741790264844894409e-02
1.126070767641067505e-01
4.053432345390319824e-01
-6.802428513765335083e-03
9.156364202499389648e-02
3.654447197914123535e-01
-6.769209355115890503e-02
1.097873225808143616e-01
4.689600765705108643e-01
-6.452050060033798218e-02
1.329477578401565552e-01
5.410105586051940918e-01
-4.178755357861518860e-02
5.829272419214248657e-02
4.275549650192260742e-01
-1.448463276028633118e-02
4.374904185533523560e-02
3.733014762401580811e-01
-5.109556764364242554e-02
6.077248603105545044e-02
4.394836127758026123e-01
-4.411274939775466919e-02
8.105527609586715698e-02
4.877772331237792969e-01
-2.545128017663955688e-02
