4.196206629276275635e-01
7.365224361419677734e-01
-6.902160407662449870e-07
5.021914839744567871e-01
6.596881747245788574e-01
-4.391772672533988953e-02
5.404158830642700195e-01
4.948477149009704590e-01
-5.563727393746376038e-02
5.319887995719909668e-01
3.600511252880096436e-01
-6.638824194669723511e-02
5.298982858657836914e-01
2.455231398344039917e-01
-6.985086947679519653e-02
5.037683844566345215e-01
3.924437761306762695e-01
-6.495140492916107178e-03
5.579230785369873047e-01
3.175935149192810059e-01
-6.739630550146102905e-02
5.507672429084777832e-01
4.017888903617858887e-01
-9.835015982389450073e-02
5.307129621505737305e-01
4.860222637653350830e-01
-1.050170138478279114e-01
4.413156211376190186e-01
3.963827490806579590e-01
-2.349426038563251495e-03
4.869672060012817383e-01
3.406292796134948730e-01
-6.614221632480621338e-02
4.838480949401855469e-01
4.816722869873046875e-01
-7.531909644603729248e-02
4.740038514137268066e-01
5.738387107849121094e-01
-6.218038871884346008e-02
3.797526061534881592e-01
4.177373945713043213e-01
-1.089968532323837280e-02
4.197892248630523682e-01
3.796657323837280273e-01
-7.970266789197921753e-02
4.304999113082885742e-01
5.143951177597045898e-01
-6.668313592672348022e-02
4.299756288528442383e-01
5.922962427139282227e-01
-3.491479158401489258e-02
3.176327645778656006e-01
4.508979916572570801e-01
-2.244810201227664948e-02
3.562791049480438232e-01
3.953840136528015137e-01
-6.209423393011093140e-02
3.714479207992553711e-01
4.758082628250122070e-01
-4.668859019875526428e-02
3.654125034809112549e-01
5.201311111450195312e-01
-2.166659757494926453e-02
