4.117278456687927246e-01
7.260081171989440918e-01
-5.712495294574182481e-07
4.889703392982482910e-01
6.681678891181945801e-01
-3.510894626379013062e-02
5.325278639793395996e-01
5.326130986213684082e-01
-4.457006230950355530e-02
5.314890146255493164e-01
4.150781333446502686e-01
-5.403846874833106995e-02
5.385279059410095215e-01
3.166088163852691650e-01
-5.746100470423698425e-02
5.023401975631713867e-01
4.413783848285675049e-01
-4.093958530575037003e-03
5.518475770950317383e-01
3.797753453254699707e-01
-5.604545399546623230e-02
5.470617413520812988e-01
4.529637098312377930e-01
-8.310879021883010864e-02
5.283876657485961914e-01
5.262826681137084961e-01
-8.912407606840133667e-02
4.498520493507385254e-01
4.388481676578521729e-01
-2.012010663747787476e-03
4.948931932449340820e-01
3.945983052253723145e-01
-5.623418837785720825e-02
4.855321049690246582e-01
5.142726302146911621e-01
-6.495095789432525635e-02
4.695841372013092041e-01
5.939031243324279785e-01
-5.490128323435783386e-02
3.974626362323760986e-01
4.507154524326324463e-01
-1.050420198589563370e-02
4.394729733467102051e-01
4.167193770408630371e-01
-6.868932396173477173e-02
4.408369064331054688e-01
5.328026413917541504e-01
-5.838249623775482178e-02
4.327860474586486816e-01
6.015130877494812012e-01
-3.232606872916221619e-02
3.435592651367187500e-01
4.733109474182128906e-01
-2.145885117352008820e-02
3.857358992099761963e-01
4.280655980110168457e-01
-5.581820383667945862e-02
3.923700749874114990e-01
4.987507164478302002e-01
-4.378820583224296570e-02
3.808992505073547363e-01
5.379652976989746094e-01
-2.364157512784004211e-02
