4.038535952568054199e-01
6.214759945869445801e-01
-4.642777184926671907e-07
4.946769773960113525e-01
6.083807945251464844e-01
-3.675409406423568726e-02
5.823014378547668457e-01
5.175139307975769043e-01
-4.884327575564384460e-02
6.314860582351684570e-01
4.204641580581665039e-01
-6.156591698527336121e-02
6.789602041244506836e-01
3.402231335639953613e-01
-6.777998805046081543e-02
5.935303568840026855e-01
4.179385602474212646e-01
6.011605146341025829e-04
6.666276454925537109e-01
4.142665863037109375e-01
-5.403578281402587891e-02
6.377611756324768066e-01
4.721468985080718994e-01
-8.402296155691146851e-02
5.918363332748413086e-01
5.182228088378906250e-01
-9.186569601297378540e-02
5.527543425559997559e-01
3.779339194297790527e-01
1.928232959471642971e-03
6.141378879547119141e-01
3.742235600948333740e-01
-5.544675514101982117e-02
5.604619979858398438e-01
4.700858592987060547e-01
-6.599730998277664185e-02
5.137492418289184570e-01
5.276848673820495605e-01
-5.653952807188034058e-02
5.048934221267700195e-01
3.483782410621643066e-01
-8.125592954456806183e-03
5.627747774124145508e-01
3.490737676620483398e-01
-6.988324224948883057e-02
5.152256488800048828e-01
4.538423717021942139e-01
-5.845127999782562256e-02
4.751153886318206787e-01
5.108718872070312500e-01
-3.033431619405746460e-02
4.500040113925933838e-01
3.256525993347167969e-01
-2.116952091455459595e-02
5.100274682044982910e-01
3.191148042678833008e-01
-5.946580320596694946e-02
4.873000681400299072e-01
3.862888514995574951e-01
-4.698401317000389099e-02
4.570651948451995850e-01
4.112986624240875244e-01
-2.497669868171215057e-02
