4.005648791790008545e-01
7.511096000671386719e-01
-6.025550760568876285e-07
3.993405103683471680e-01
6.110140085220336914e-01
-3.546354174613952637e-02
3.180556893348693848e-01
4.863418340682983398e-01
-4.250862821936607361e-02
2.318679392337799072e-01
4.344876408576965332e-01
-5.072886496782302856e-02
1.643211394548416138e-01
3.819715380668640137e-01
-5.225097388029098511e-02
2.606450021266937256e-01
4.461430907249450684e-01
3.408625721931457520e-03
2.232887744903564453e-01
3.460978865623474121e-01
-5.094078928232192993e-02
2.536702454090118408e-01
4.020682871341705322e-01
-8.215308934450149536e-02
2.899686098098754883e-01
4.807287454605102539e-01
-9.001733362674713135e-02
2.210485339164733887e-01
5.124960541725158691e-01
4.154051654040813446e-03
1.830175817012786865e-01
4.501026868820190430e-01
-5.295019969344139099e-02
2.567218542098999023e-01
5.256662368774414062e-01
-6.565177440643310547e-02
3.144887685775756836e-01
5.809361338615417480e-01
-5.636910349130630493e-02
1.913129687309265137e-01
5.893616676330566406e-01
-6.294742226600646973e-03
1.667971611022949219e-01
5.349553823471069336e-01
-6.229481101036071777e-02
2.445837706327438354e-01
5.950249433517456055e-01
-5.148421227931976318e-02
2.949608266353607178e-01
6.382417082786560059e-01
-2.494595572352409363e-02
1.690025329589843750e-01
6.735514998435974121e-01
-2.000759914517402649e-02
1.386429071426391602e-01
6.063280105590820312e-01
-5.027615651488304138e-02
1.938682794570922852e-01
6.349758505821228027e-01
-3.331765532493591309e-02
2.291819453239440918e-01
6.625105142593383789e-01
-9.343223646283149719e-03
