3.506016433238983154e-01
6.530271768569946289e-01
-4.323597408983914647e-07
4.007511734962463379e-01
5.851121544837951660e-01
-2.884118631482124329e-02
4.156233072280883789e-01
4.675012230873107910e-01
-3.785866871476173401e-02
4.026207029819488525e-01
3.727119565010070801e-01
-4.717432335019111633e-02
3.930752575397491455e-01
2.906728982925415039e-01
-5.167442560195922852e-02
3.881559967994689941e-01
3.987293839454650879e-01
-3.970994148403406143e-03
4.190964102745056152e-01
3.309270739555358887e-01
-4.956638440489768982e-02
4.228587448596954346e-01
3.840470016002655029e-01
-7.373892515897750854e-02
4.147268831729888916e-01
4.494629800319671631e-01
-7.904447615146636963e-02
3.421697616577148438e-01
4.077116847038269043e-01
-3.088964382186532021e-03
3.648537099361419678e-01
3.559737801551818848e-01
-4.961842298507690430e-02
3.752441704273223877e-01
4.555512666702270508e-01
-5.701722577214241028e-02
3.758119344711303711e-01
5.251139402389526367e-01
-4.858534038066864014e-02
2.966507971286773682e-01
4.294739663600921631e-01
-1.106837112456560135e-02
3.185484111309051514e-01
3.879070281982421875e-01
-6.115424260497093201e-02
3.376269340515136719e-01
4.841872751712799072e-01
-5.132733285427093506e-02
3.428261578083038330e-01
5.459261536598205566e-01
-2.828649617731571198e-02
2.505933642387390137e-01
4.598480463027954102e-01
-2.107987739145755768e-02
2.723068892955780029e-01
4.071733951568603516e-01
-5.078085139393806458e-02
2.905849814414978027e-01
4.632819890975952148e-01
-3.904824331402778625e-02
2.900770902633666992e-01
5.013428330421447754e-01
-2.041862159967422485e-02
