3.320188224315643311e-01
6.536184549331665039e-01
-6.660961844318080693e-07
4.037584662437438965e-01
5.657417178153991699e-01
-4.378478229045867920e-02
4.304611682891845703e-01
3.949512243270874023e-01
-5.680095776915550232e-02
4.069537818431854248e-01
2.639909088611602783e-01
-6.830885261297225952e-02
3.984929919242858887e-01
1.493130475282669067e-01
-7.235717028379440308e-02
3.992213010787963867e-01
3.005958795547485352e-01
-1.594264060258865356e-02
4.449337720870971680e-01
2.003725916147232056e-01
-7.700872421264648438e-02
4.436377584934234619e-01
2.842783331871032715e-01
-1.069336235523223877e-01
4.243139624595642090e-01
3.783528208732604980e-01
-1.127030104398727417e-01
3.320904970169067383e-01
3.118465244770050049e-01
-1.309206243604421616e-02
3.611559867858886719e-01
2.371255159378051758e-01
-7.543412595987319946e-02
3.727913200855255127e-01
3.799667358398437500e-01
-8.352516591548919678e-02
3.708190321922302246e-01
4.737940430641174316e-01
-7.145404070615768433e-02
2.672481536865234375e-01
3.391407430171966553e-01
-2.196594141423702240e-02
2.922626137733459473e-01
2.750268280506134033e-01
-8.893692493438720703e-02
3.188651502132415771e-01
4.123404324054718018e-01
-7.317129522562026978e-02
3.246025145053863525e-01
4.957250952720642090e-01
-4.149876162409782410e-02
2.017527371644973755e-01
3.785998821258544922e-01
-3.376343101263046265e-02
2.291342467069625854e-01
2.992235720157623291e-01
-7.408003509044647217e-02
2.553413212299346924e-01
3.848266005516052246e-01
-5.623268336057662964e-02
2.555827796459197998e-01
4.387130439281463623e-01
-3.017752058804035187e-02
