3.667003512382507324e-01
7.891857028007507324e-01
-5.762616979154699948e-07
4.285102486610412598e-01
7.105939388275146484e-01
-3.460591658949851990e-02
4.504725635051727295e-01
5.687912702560424805e-01
-4.634611681103706360e-02
4.388993978500366211e-01
4.581995606422424316e-01
-5.839874967932701111e-02
4.270775616168975830e-01
3.612305521965026855e-01
-6.403096020221710205e-02
4.103438854217529297e-01
4.761347770690917969e-01
-6.315124686807394028e-03
4.567697644233703613e-01
4.089099764823913574e-01
-6.136026978492736816e-02
4.613102376461029053e-01
4.880744218826293945e-01
-9.126890450716018677e-02
4.520489275455474854e-01
5.738860964775085449e-01
-9.839680790901184082e-02
3.570729792118072510e-01
4.867603182792663574e-01
-5.308026447892189026e-03
3.991830945014953613e-01
4.443410038948059082e-01
-6.017830222845077515e-02
4.069299995899200439e-01
5.661025643348693848e-01
-6.849647313356399536e-02
4.042462110519409180e-01
6.478700041770935059e-01
-5.824203416705131531e-02
3.049343824386596680e-01
5.148079395294189453e-01
-1.499920058995485306e-02
3.448889553546905518e-01
4.844396710395812988e-01
-7.207672297954559326e-02
3.625463247299194336e-01
5.964791178703308105e-01
-6.038903445005416870e-02
3.657288849353790283e-01
6.640084981918334961e-01
-3.385752066969871521e-02
2.536222338676452637e-01
5.551352500915527344e-01
-2.730765938758850098e-02
2.913604974746704102e-01
5.063764452934265137e-01
-6.005375087261199951e-02
3.082067966461181641e-01
5.729223489761352539e-01
-4.593592137098312378e-02
3.018687665462493896e-01
6.133393049240112305e-01
-2.403310500085353851e-02
