5.608905553817749023e-01
8.534040451049804688e-01
-5.346491889213211834e-07
6.440430879592895508e-01
7.698078155517578125e-01
-2.392102405428886414e-02
6.760027408599853516e-01
6.275110840797424316e-01
-3.455213457345962524e-02
6.773549318313598633e-01
5.170465111732482910e-01
-4.801273718476295471e-02
6.761835813522338867e-01
4.144400060176849365e-01
-5.592606216669082642e-02
6.253925561904907227e-01
5.209458470344543457e-01
-5.901485681533813477e-03
7.097444534301757812e-01
4.674158692359924316e-01
-6.026120111346244812e-02
7.205740213394165039e-01
5.407389402389526367e-01
-9.004206955432891846e-02
7.077258825302124023e-01
6.183890104293823242e-01
-9.829042851924896240e-02
5.732823014259338379e-01
5.173699855804443359e-01
-1.085237879306077957e-02
6.590492725372314453e-01
5.078308582305908203e-01
-6.313774734735488892e-02
6.549301147460937500e-01
6.303186416625976562e-01
-6.988878548145294189e-02
6.354594230651855469e-01
7.095602154731750488e-01
-6.066475436091423035e-02
5.224028229713439941e-01
5.385434627532958984e-01
-2.518000267446041107e-02
6.089287400245666504e-01
5.362785458564758301e-01
-7.792629301548004150e-02
6.067169308662414551e-01
6.495628952980041504e-01
-6.610360741615295410e-02
5.878949761390686035e-01
7.104619741439819336e-01
-4.223202913999557495e-02
4.750526547431945801e-01
5.747763514518737793e-01
-4.158120974898338318e-02
5.484793186187744141e-01
5.525757074356079102e-01
-7.177578657865524292e-02
5.565603375434875488e-01
6.227630972862243652e-01
-5.805398896336555481e-02
5.374878644943237305e-01
6.588804125785827637e-01
-3.775586932897567749e-02
