2.215258479118347168e-01
8.421220779418945312e-01
-6.823662488386617042e-07
2.898903489112854004e-01
7.434167265892028809e-01
-4.253380373120307922e-02
2.986143529415130615e-01
5.773085951805114746e-01
-5.431046709418296814e-02
2.634210288524627686e-01
4.517917335033416748e-01
-6.468240171670913696e-02
2.506645321846008301e-01
3.431293666362762451e-01
-6.744221597909927368e-02
2.749224901199340820e-01
4.918281137943267822e-01
-1.087594684213399887e-02
3.010002374649047852e-01
3.869170248508453369e-01
-7.094562053680419922e-02
2.922639250755310059e-01
4.696009457111358643e-01
-1.011933684349060059e-01
2.772138714790344238e-01
5.645019412040710449e-01
-1.075877621769905090e-01
2.076403796672821045e-01
5.092936158180236816e-01
-6.667232140898704529e-03
2.129172533750534058e-01
4.379584491252899170e-01
-7.059779763221740723e-02
2.277483493089675903e-01
5.755721926689147949e-01
-8.038473874330520630e-02
2.399426847696304321e-01
6.675734519958496094e-01
-6.845206767320632935e-02
1.433849930763244629e-01
5.406232476234436035e-01
-1.422003563493490219e-02
1.442980170249938965e-01
4.814977645874023438e-01
-7.917021214962005615e-02
1.766653358936309814e-01
6.076131463050842285e-01
-6.506978720426559448e-02
1.976756900548934937e-01
6.847655773162841797e-01
-3.452481701970100403e-02
8.067682385444641113e-02
5.830541253089904785e-01
-2.488073520362377167e-02
8.532340079545974731e-02
5.165197849273681641e-01
-6.306243687868118286e-02
1.166476607322692871e-01
5.959739685058593750e-01
-4.779151454567909241e-02
1.322309970855712891e-01
6.433445811271667480e-01
-2.356123179197311401e-02
