2.230556309223175049e-01
6.895996928215026855e-01
-7.479594614778761752e-07
2.972998321056365967e-01
5.840549468994140625e-01
-4.408500343561172485e-02
3.099803924560546875e-01
4.008855819702148438e-01
-5.527388304471969604e-02
2.735067605972290039e-01
2.621094584465026855e-01
-6.560964137315750122e-02
2.633826732635498047e-01
1.430469155311584473e-01
-6.822986155748367310e-02
2.836501300334930420e-01
3.076061010360717773e-01
-6.717795506119728088e-03
3.148060739040374756e-01
1.920764744281768799e-01
-7.026199996471405029e-02
3.063971996307373047e-01
2.767852246761322021e-01
-1.031108573079109192e-01
2.885989844799041748e-01
3.810721337795257568e-01
-1.101787462830543518e-01
2.107716798782348633e-01
3.242103159427642822e-01
-3.440328175202012062e-03
2.161981016397476196e-01
2.340659499168395996e-01
-7.034196704626083374e-02
2.308920770883560181e-01
3.837841153144836426e-01
-8.113892376422882080e-02
2.431295812129974365e-01
4.882673621177673340e-01
-6.837254762649536133e-02
1.414798349142074585e-01
3.568612933158874512e-01
-1.270546391606330872e-02
1.444267332553863525e-01
2.806085944175720215e-01
-8.240306377410888672e-02
1.748225390911102295e-01
4.206663966178894043e-01
-6.641393899917602539e-02
1.929835081100463867e-01
5.087677240371704102e-01
-3.259827941656112671e-02
7.217695564031600952e-02
4.020260870456695557e-01
-2.517191693186759949e-02
8.148372173309326172e-02
3.135465085506439209e-01
-6.654167175292968750e-02
1.128845289349555969e-01
4.049502015113830566e-01
-4.761082679033279419e-02
1.262665092945098877e-01
4.651910066604614258e-01
-1.948530040681362152e-02
