4.806311726570129395e-01
7.788256406784057617e-01
-5.513807650459057186e-07
5.549298524856567383e-01
6.981660127639770508e-01
-3.495467081665992737e-02
5.855961441993713379e-01
5.419265031814575195e-01
-4.760456830263137817e-02
5.776925683021545410e-01
4.168302714824676514e-01
-6.171047687530517578e-02
5.744490623474121094e-01
3.067864179611206055e-01
-6.943436712026596069e-02
5.449294447898864746e-01
4.363767802715301514e-01
-3.680265741422772408e-03
6.127754449844360352e-01
3.723882138729095459e-01
-6.498756259679794312e-02
6.278703212738037109e-01
4.559462666511535645e-01
-9.927615523338317871e-02
6.236088871955871582e-01
5.408503413200378418e-01
-1.086778566241264343e-01
4.879867136478424072e-01
4.400626122951507568e-01
-5.166810471564531326e-03
5.523212552070617676e-01
3.968825340270996094e-01
-6.570325791835784912e-02
5.526117086410522461e-01
5.325635671615600586e-01
-7.517600059509277344e-02
5.402059555053710938e-01
6.210381984710693359e-01
-6.426057219505310059e-02
4.312260746955871582e-01
4.649927318096160889e-01
-1.824221387505531311e-02
4.934597313404083252e-01
4.321565926074981689e-01
-8.188121020793914795e-02
5.006269812583923340e-01
5.616626739501953125e-01
-6.827210634946823120e-02
4.921083152294158936e-01
6.349207758903503418e-01
-3.848651424050331116e-02
3.745056688785552979e-01
5.034507513046264648e-01
-3.400110080838203430e-02
4.330834448337554932e-01
4.533690214157104492e-01
-7.023519277572631836e-02
4.456072747707366943e-01
5.323534011840820312e-01
-5.364785715937614441e-02
4.307335913181304932e-01
5.758066773414611816e-01
-2.898708358407020569e-02
