2.900444567203521729e-01
7.491122484207153320e-01
-6.319053795778017957e-07
3.563078641891479492e-01
6.560605764389038086e-01
-3.855879604816436768e-02
3.723480999469757080e-01
4.937787353992462158e-01
-4.865675419569015503e-02
3.495623767375946045e-01
3.716367185115814209e-01
-5.830184742808341980e-02
3.403179943561553955e-01
2.660263478755950928e-01
-6.079207733273506165e-02
3.472816944122314453e-01
4.117095470428466797e-01
-7.043794263154268265e-03
3.813980519771575928e-01
3.116480708122253418e-01
-6.395863741636276245e-02
3.775917291641235352e-01
3.845641613006591797e-01
-9.245612472295761108e-02
3.619892597198486328e-01
4.727008938789367676e-01
-9.782312065362930298e-02
2.850929796695709229e-01
4.243834614753723145e-01
-4.820916336029767990e-03
3.025505542755126953e-01
3.466123044490814209e-01
-6.380709260702133179e-02
3.125388026237487793e-01
4.783676862716674805e-01
-7.182823121547698975e-02
3.161667287349700928e-01
5.685504674911499023e-01
-5.963403731584548950e-02
2.242170572280883789e-01
4.514850676059722900e-01
-1.399711985141038895e-02
2.397377192974090576e-01
3.887659013271331787e-01
-7.578182220458984375e-02
2.634641826152801514e-01
5.119668841361999512e-01
-6.163714081048965454e-02
2.733810245990753174e-01
5.880035758018493652e-01
-3.172135353088378906e-02
1.633721292018890381e-01
4.888743758201599121e-01
-2.600271068513393402e-02
1.816269606351852417e-01
4.136352837085723877e-01
-6.110114976763725281e-02
2.057128250598907471e-01
4.898070693016052246e-01
-4.408581182360649109e-02
2.102950662374496460e-01
5.391771197319030762e-01
-1.950126141309738159e-02
