4.431483745574951172e-01
7.595039606094360352e-01
-6.454263257182901725e-07
5.226095914840698242e-01
6.808103322982788086e-01
-3.143806010484695435e-02
5.573568344116210938e-01
5.176324844360351562e-01
-4.001641646027565002e-02
5.516059398651123047e-01
3.919619917869567871e-01
-5.036998912692070007e-02
5.535114407539367676e-01
2.880107760429382324e-01
-5.434164404869079590e-02
5.098792910575866699e-01
4.162909388542175293e-01
1.571243861690163612e-03
5.710783600807189941e-01
3.563668429851531982e-01
-5.552893877029418945e-02
5.807417631149291992e-01
4.428272843360900879e-01
-8.656713366508483887e-02
5.734548568725585938e-01
5.264931321144104004e-01
-9.421796351671218872e-02
4.549270868301391602e-01
4.192253649234771729e-01
1.482380757806822658e-04
5.189199447631835938e-01
3.841778039932250977e-01
-5.776994302868843079e-02
5.149668455123901367e-01
5.193677544593811035e-01
-6.562777608633041382e-02
5.001847147941589355e-01
6.057102680206298828e-01
-5.361169204115867615e-02
4.000098705291748047e-01
4.407985210418701172e-01
-1.272446196526288986e-02
4.622877240180969238e-01
4.149640500545501709e-01
-7.326757162809371948e-02
4.654910862445831299e-01
5.417869687080383301e-01
-5.982929468154907227e-02
4.557696282863616943e-01
6.128892898559570312e-01
-3.080604225397109985e-02
3.439414203166961670e-01
4.746643304824829102e-01
-2.810155227780342102e-02
4.020996689796447754e-01
4.299218058586120605e-01
-6.171283498406410217e-02
4.141862988471984863e-01
5.085519552230834961e-01
-4.586086794734001160e-02
4.021904766559600830e-01
5.506674051284790039e-01
-2.216681092977523804e-02
