2.477372288703918457e-01
7.395545840263366699e-01
-6.677950636913010385e-07
3.204768896102905273e-01
6.525272130966186523e-01
-3.745939582586288452e-02
3.437733948230743408e-01
4.959574341773986816e-01
-4.762754589319229126e-02
3.210761249065399170e-01
3.715686202049255371e-01
-5.736027657985687256e-02
3.161405920982360840e-01
2.654981613159179688e-01
-6.027910858392715454e-02
3.248890638351440430e-01
4.105745255947113037e-01
-9.038215503096580505e-03
3.603201508522033691e-01
3.081597685813903809e-01
-6.641726940870285034e-02
3.469562828540802002e-01
3.839786052703857422e-01
-9.501583129167556763e-02
3.249680399894714355e-01
4.731029570102691650e-01
-1.006360501050949097e-01
2.602407038211822510e-01
4.187639057636260986e-01
-6.964155472815036774e-03
2.747659981250762939e-01
3.421796560287475586e-01
-6.657144427299499512e-02
2.773113548755645752e-01
4.740409255027770996e-01
-7.484443485736846924e-02
2.800180912017822266e-01
5.638073682785034180e-01
-6.300164759159088135e-02
1.972793936729431152e-01
4.407411813735961914e-01
-1.581650972366333008e-02
2.092111110687255859e-01
3.763625025749206543e-01
-7.765489071607589722e-02
2.273550629615783691e-01
5.010377764701843262e-01
-6.289302557706832886e-02
2.371909320354461670e-01
5.776956677436828613e-01
-3.281121701002120972e-02
1.341188400983810425e-01
4.743703901767730713e-01
-2.731378935277462006e-02
1.524192243814468384e-01
3.989689052104949951e-01
-6.329984217882156372e-02
1.741295158863067627e-01
4.817985594272613525e-01
-4.612172394990921021e-02
1.802998483180999756e-01
5.343443155288696289e-01
-2.117032557725906372e-02
