3.737159967422485352e-01
6.719189882278442383e-01
-5.158976250640989747e-07
4.346890151500701904e-01
6.103316545486450195e-01
-2.623430639505386353e-02
4.596188366413116455e-01
4.904463887214660645e-01
-3.254050761461257935e-02
4.517273902893066406e-01
3.908548355102539062e-01
-3.998901695013046265e-02
4.451268613338470459e-01
3.076978921890258789e-01
-4.228686168789863586e-02
4.422061443328857422e-01
4.221897423267364502e-01
-2.656746190041303635e-03
4.762263298034667969e-01
3.437822461128234863e-01
-4.738213121891021729e-02
4.716271758079528809e-01
4.059566855430603027e-01
-6.977543979883193970e-02
4.556074142456054688e-01
4.736049771308898926e-01
-7.406524568796157837e-02
3.950057625770568848e-01
4.246501922607421875e-01
-3.592869266867637634e-03
4.171062707901000977e-01
3.595162034034729004e-01
-4.945961385965347290e-02
4.163805246353149414e-01
4.636085927486419678e-01
-5.619109794497489929e-02
4.118908047676086426e-01
5.330808162689208984e-01
-4.747082293033599854e-02
3.465363979339599609e-01
4.381819665431976318e-01
-1.322575751692056656e-02
3.697024583816528320e-01
3.856872022151947021e-01
-6.247566267848014832e-02
3.778996765613555908e-01
4.867919385433197021e-01
-5.156745761632919312e-02
3.761594593524932861e-01
5.481414794921875000e-01
-2.836953103542327881e-02
2.966713607311248779e-01
4.602106809616088867e-01
-2.474758960306644440e-02
3.234580159187316895e-01
4.004601240158081055e-01
-5.345237255096435547e-02
3.346697986125946045e-01
4.624894559383392334e-01
-4.023683071136474609e-02
3.296244144439697266e-01
5.031498074531555176e-01
-2.128086052834987640e-02
