2.839952111244201660e-01
6.526519060134887695e-01
-5.636983928525296506e-07
3.487726747989654541e-01
5.772949457168579102e-01
-3.235195204615592957e-02
3.704914152622222900e-01
4.420390129089355469e-01
-4.124201461672782898e-02
3.518264591693878174e-01
3.322884738445281982e-01
-5.025868862867355347e-02
3.462114632129669189e-01
2.373234331607818604e-01
-5.348854884505271912e-02
3.511745631694793701e-01
3.655018806457519531e-01
-6.480138283222913742e-03
3.833232522010803223e-01
2.764521241188049316e-01
-5.630331858992576599e-02
3.745883703231811523e-01
3.410393595695495605e-01
-8.145624399185180664e-02
3.557497859001159668e-01
4.192798733711242676e-01
-8.630712330341339111e-02
2.960892021656036377e-01
3.729833960533142090e-01
-5.361306015402078629e-03
3.124681413173675537e-01
3.030796051025390625e-01
-5.605563148856163025e-02
3.167111575603485107e-01
4.176312983036041260e-01
-6.372316181659698486e-02
3.177544772624969482e-01
4.970108866691589355e-01
-5.418778583407402039e-02
2.414772510528564453e-01
3.925389945507049561e-01
-1.380971446633338928e-02
2.574287354946136475e-01
3.352815806865692139e-01
-6.749123334884643555e-02
2.736073732376098633e-01
4.447158575057983398e-01
-5.535236746072769165e-02
2.793321013450622559e-01
5.127476453781127930e-01
-2.983218431472778320e-02
1.857624948024749756e-01
4.222715198993682861e-01
-2.451018057763576508e-02
2.063888311386108398e-01
3.532778322696685791e-01
-5.500674992799758911e-02
2.239297926425933838e-01
4.221796393394470215e-01
-3.952444717288017273e-02
2.249538302421569824e-01
4.674926400184631348e-01
-1.795509830117225647e-02
