7.563358545303344727e-01
7.812597751617431641e-01
-8.709762369107920676e-07
6.812624335289001465e-01
7.175337672233581543e-01
-5.039913952350616455e-02
6.570330262184143066e-01
5.592285394668579102e-01
-6.761372834444046021e-02
6.834021806716918945e-01
4.300618171691894531e-01
-7.937048375606536865e-02
7.164521813392639160e-01
3.266944885253906250e-01
-8.177722245454788208e-02
6.699812412261962891e-01
4.272098839282989502e-01
-2.779174968600273132e-02
6.522306203842163086e-01
4.175796508789062500e-01
-9.012420475482940674e-02
6.690009832382202148e-01
5.273826122283935547e-01
-1.205513924360275269e-01
6.772339344024658203e-01
6.133817434310913086e-01
-1.279490441083908081e-01
7.410129308700561523e-01
4.310617446899414062e-01
-2.105581760406494141e-02
7.361266016960144043e-01
4.267923235893249512e-01
-8.362830430269241333e-02
7.232301831245422363e-01
5.700471997261047363e-01
-9.248301386833190918e-02
7.086886763572692871e-01
6.418764591217041016e-01
-8.251281827688217163e-02
8.079070448875427246e-01
4.641761779785156250e-01
-2.564555779099464417e-02
8.104723691940307617e-01
4.568777084350585938e-01
-8.764667809009552002e-02
7.761729359626770020e-01
5.883528590202331543e-01
-6.965665519237518311e-02
7.499744892120361328e-01
6.523951292037963867e-01
-4.037753492593765259e-02
8.659542798995971680e-01
5.161430239677429199e-01
-3.462794795632362366e-02
8.742717504501342773e-01
4.959386289119720459e-01
-7.286110520362854004e-02
8.373164534568786621e-01
5.822048187255859375e-01
-5.721460282802581787e-02
8.061786293983459473e-01
6.210817098617553711e-01
-3.366523236036300659e-02
