7.307560443878173828e-01
9.825751185417175293e-01
-8.615529623057227582e-07
6.728619337081909180e-01
9.205748438835144043e-01
-2.642371132969856262e-02
6.544743776321411133e-01
7.840173244476318359e-01
-3.471051529049873352e-02
6.764903664588928223e-01
6.802967786788940430e-01
-4.435186460614204407e-02
6.974356770515441895e-01
5.915173292160034180e-01
-4.836869612336158752e-02
6.655426621437072754e-01
6.862569451332092285e-01
2.964875660836696625e-03
6.432669162750244141e-01
6.273311376571655273e-01
-4.295905306935310364e-02
6.483923196792602539e-01
7.075746059417724609e-01
-6.972073018550872803e-02
6.547335386276245117e-01
7.811309695243835449e-01
-7.730745524168014526e-02
7.250551581382751465e-01
6.902616620063781738e-01
1.570520806126296520e-03
7.102498412132263184e-01
6.650538444519042969e-01
-4.420322924852371216e-02
7.002310752868652344e-01
7.755587100982666016e-01
-5.450507253408432007e-02
6.955696940422058105e-01
8.376848697662353516e-01
-4.807358235120773315e-02
7.807446718215942383e-01
7.161014080047607422e-01
-8.839095942676067352e-03
7.699308991432189941e-01
6.955438256263732910e-01
-5.326801910996437073e-02
7.429975271224975586e-01
8.023076653480529785e-01
-4.147817194461822510e-02
7.270541787147521973e-01
8.561513423919677734e-01
-1.921546831727027893e-02
8.310037255287170410e-01
7.538285255432128906e-01
-2.195751294493675232e-02
8.235880136489868164e-01
7.200673818588256836e-01
-4.360160604119300842e-02
7.980126738548278809e-01
7.844921946525573730e-01
-2.856046520173549652e-02
7.844984531402587891e-01
8.137862086296081543e-01
-8.724119514226913452e-03
