7.941513657569885254e-01
1.007892847061157227e+00
-9.331991464023303706e-07
7.251293659210205078e-01
9.231604337692260742e-01
-3.709315136075019836e-02
7.100336551666259766e-01
7.561531066894531250e-01
-5.034067854285240173e-02
7.461656928062438965e-01
6.259098052978515625e-01
-6.444272398948669434e-02
7.776362299919128418e-01
5.198711156845092773e-01
-7.046143710613250732e-02
7.087283134460449219e-01
6.494500041007995605e-01
-3.712141420692205429e-03
7.013887763023376465e-01
5.556843876838684082e-01
-6.379514187574386597e-02
7.225829362869262695e-01
6.429554820060729980e-01
-9.811688214540481567e-02
7.341428995132446289e-01
7.375124692916870117e-01
-1.077353730797767639e-01
7.821910381317138672e-01
6.547164320945739746e-01
-3.596575465053319931e-03
7.926049828529357910e-01
6.051517128944396973e-01
-6.565479189157485962e-02
7.838523387908935547e-01
7.393068075180053711e-01
-8.169730752706527710e-02
7.674345970153808594e-01
8.158881068229675293e-01
-7.551955431699752808e-02
8.516747355461120605e-01
6.843940019607543945e-01
-1.449120696634054184e-02
8.718197941780090332e-01
6.385250687599182129e-01
-7.508070021867752075e-02
8.387045264244079590e-01
7.677941322326660156e-01
-6.339345127344131470e-02
8.070536255836486816e-01
8.355168700218200684e-01
-3.709456324577331543e-02
9.146211147308349609e-01
7.288600802421569824e-01
-2.882416546344757080e-02
9.338248968124389648e-01
6.792892217636108398e-01
-6.281529366970062256e-02
9.023761749267578125e-01
7.576829195022583008e-01
-4.832652583718299866e-02
8.737027049064636230e-01
7.958759665489196777e-01
-2.566876634955406189e-02
