9.420396089553833008e-01
9.275639057159423828e-01
-7.926900593702157494e-07
8.652690649032592773e-01
8.329257965087890625e-01
-3.169485181570053101e-02
8.599058389663696289e-01
6.633545160293579102e-01
-4.243930056691169739e-02
9.083842039108276367e-01
5.316528081893920898e-01
-5.510031804442405701e-02
9.479148387908935547e-01
4.338902831077575684e-01
-6.045548245310783386e-02
8.536527156829833984e-01
5.787867903709411621e-01
9.903163649141788483e-03
8.706482648849487305e-01
4.657189846038818359e-01
-4.130976274609565735e-02
8.950945734977722168e-01
5.455720424652099609e-01
-7.285954058170318604e-02
9.071949720382690430e-01
6.361211538314819336e-01
-8.165387064218521118e-02
9.284586310386657715e-01
5.921875834465026855e-01
8.412117138504981995e-03
9.527245163917541504e-01
5.006842613220214844e-01
-4.887436702847480774e-02
9.475851058959960938e-01
6.281338334083557129e-01
-6.476768851280212402e-02
9.336159825325012207e-01
7.316498160362243652e-01
-5.609040334820747375e-02
9.968945980072021484e-01
6.216603517532348633e-01
-3.458890598267316818e-03
1.008468627929687500e+00
5.478482842445373535e-01
-5.253733322024345398e-02
9.855574369430541992e-01
6.643819808959960938e-01
-4.092878848314285278e-02
9.676908850669860840e-01
7.482178211212158203e-01
-1.502620521932840347e-02
1.060001015663146973e+00
6.634842753410339355e-01
-1.868196763098239899e-02
1.056286334991455078e+00
5.982351303100585938e-01
-3.840988129377365112e-02
1.032759308815002441e+00
6.740317940711975098e-01
-2.009926177561283112e-02
1.021733760833740234e+00
7.268658280372619629e-01
3.149698022753000259e-03
