5.381855368614196777e-01
9.113448262214660645e-01
-1.036364096762554254e-06
4.739930927753448486e-01
8.511014580726623535e-01
-1.720182225108146667e-02
4.502143859863281250e-01
7.082971334457397461e-01
-2.252010628581047058e-02
4.715084433555603027e-01
6.033186316490173340e-01
-3.066278807818889618e-02
4.936186075210571289e-01
5.152673721313476562e-01
-3.445425257086753845e-02
4.805595278739929199e-01
6.073839068412780762e-01
5.185937974601984024e-03
4.316212832927703857e-01
5.594167113304138184e-01
-3.711217269301414490e-02
4.288873374462127686e-01
6.389844417572021484e-01
-6.221061199903488159e-02
4.374781250953674316e-01
7.135790586471557617e-01
-6.986042857170104980e-02
5.382282137870788574e-01
6.112740039825439453e-01
-9.807774331420660019e-04
4.892169833183288574e-01
6.051451563835144043e-01
-4.509625956416130066e-02
4.817603528499603271e-01
7.174327373504638672e-01
-5.388358980417251587e-02
4.877493679523468018e-01
7.831060886383056641e-01
-4.718103259801864624e-02
5.932028889656066895e-01
6.390542984008789062e-01
-1.469279825687408447e-02
5.463595986366271973e-01
6.249668002128601074e-01
-5.598922073841094971e-02
5.295357704162597656e-01
7.348468303680419922e-01
-4.068421572446823120e-02
5.303659439086914062e-01
7.927346825599670410e-01
-1.724982261657714844e-02
6.433027982711791992e-01
6.797086596488952637e-01
-3.060570172965526581e-02
6.023869514465332031e-01
6.505572199821472168e-01
-5.095848813652992249e-02
5.822552442550659180e-01
7.198501229286193848e-01
-3.413068875670433044e-02
5.855607986450195312e-01
7.532672882080078125e-01
-1.343009341508150101e-02
