5.581504702568054199e-01
9.054350256919860840e-01
-1.162465537163370755e-06
4.856909811496734619e-01
8.379768729209899902e-01
-2.322207391262054443e-02
4.591879844665527344e-01
6.761873960494995117e-01
-2.968372777104377747e-02
4.815066158771514893e-01
5.580970048904418945e-01
-3.906116634607315063e-02
4.972436726093292236e-01
4.541772603988647461e-01
-4.319544881582260132e-02
4.898124337196350098e-01
5.545010566711425781e-01
8.386552333831787109e-03
4.419869184494018555e-01
5.065817236900329590e-01
-4.116549342870712280e-02
4.396646320819854736e-01
6.038749217987060547e-01
-7.202429324388504028e-02
4.469498991966247559e-01
6.915084123611450195e-01
-8.199227601289749146e-02
5.542299747467041016e-01
5.586889386177062988e-01
2.588708419352769852e-03
5.066938996315002441e-01
5.468814373016357422e-01
-4.714674502611160278e-02
4.971895217895507812e-01
6.757639050483703613e-01
-5.916713550686836243e-02
5.014421343803405762e-01
7.501374483108520508e-01
-5.268823727965354919e-02
6.158101558685302734e-01
5.893772840499877930e-01
-1.256847847253084183e-02
5.724529027938842773e-01
5.751332640647888184e-01
-6.040725111961364746e-02
5.510625243186950684e-01
7.001769542694091797e-01
-4.511608183383941650e-02
5.484806299209594727e-01
7.653127312660217285e-01
-1.934315636754035950e-02
6.720629334449768066e-01
6.348877549171447754e-01
-3.057030402123928070e-02
6.351206898689270020e-01
6.054943799972534180e-01
-5.396316945552825928e-02
6.113857030868530273e-01
6.846691966056823730e-01
-3.524101525545120239e-02
6.110756993293762207e-01
7.220202088356018066e-01
-1.162714045494794846e-02
