4.073011577129364014e-01
9.073966741561889648e-01
-1.253866571460093837e-06
3.259592056274414062e-01
8.411780595779418945e-01
-1.721873506903648376e-02
2.851707041263580322e-01
6.966595649719238281e-01
-2.455657720565795898e-02
2.850803732872009277e-01
5.863050818443298340e-01
-3.464707732200622559e-02
2.925634980201721191e-01
4.941596388816833496e-01
-3.770572319626808167e-02
3.413428664207458496e-01
5.593063235282897949e-01
-4.237140063196420670e-03
2.551611661911010742e-01
5.306540727615356445e-01
-5.000219866633415222e-02
2.485032677650451660e-01
6.230622529983520508e-01
-7.095852494239807129e-02
2.643864750862121582e-01
6.989738941192626953e-01
-7.581632584333419800e-02
3.981110751628875732e-01
5.597674250602722168e-01
-1.369755808264017105e-02
3.067991137504577637e-01
5.907787680625915527e-01
-6.213891133666038513e-02
3.161125779151916504e-01
7.130774259567260742e-01
-6.682537496089935303e-02
3.433741927146911621e-01
7.674619555473327637e-01
-5.803604423999786377e-02
4.516614675521850586e-01
5.902479887008666992e-01
-3.064150176942348480e-02
3.639836907386779785e-01
6.130799651145935059e-01
-7.701456546783447266e-02
3.679064214229583740e-01
7.286776900291442871e-01
-5.808616429567337036e-02
3.937567472457885742e-01
7.748950719833374023e-01
-3.290004655718803406e-02
4.998957514762878418e-01
6.380345821380615234e-01
-5.022806674242019653e-02
4.283795356750488281e-01
6.317737102508544922e-01
-7.546155154705047607e-02
4.155611693859100342e-01
7.024258971214294434e-01
-5.981424450874328613e-02
4.324032366275787354e-01
7.308070659637451172e-01
-3.949814662337303162e-02
