5.719505548477172852e-01
8.809831142425537109e-01
-1.128424287344387267e-06
5.005658864974975586e-01
8.103396296501159668e-01
-2.461171336472034454e-02
4.739085137844085693e-01
6.468569040298461914e-01
-3.214276209473609924e-02
4.982515573501586914e-01
5.256053209304809570e-01
-4.282462596893310547e-02
5.185124278068542480e-01
4.213192462921142578e-01
-4.809890687465667725e-02
5.022898912429809570e-01
5.298160314559936523e-01
9.175993502140045166e-03
4.561498165130615234e-01
4.623837769031524658e-01
-4.276636242866516113e-02
4.534531235694885254e-01
5.514503717422485352e-01
-7.464475929737091064e-02
4.615227878093719482e-01
6.399564743041992188e-01
-8.498331904411315918e-02
5.690609216690063477e-01
5.339918732643127441e-01
3.431108314543962479e-03
5.273403525352478027e-01
5.090818405151367188e-01
-5.191466957330703735e-02
5.159675478935241699e-01
6.420634984970092773e-01
-6.553589552640914917e-02
5.185385942459106445e-01
7.203704714775085449e-01
-5.852448567748069763e-02
6.329172849655151367e-01
5.643390417098999023e-01
-1.215693075209856033e-02
5.937741994857788086e-01
5.414761304855346680e-01
-6.470226496458053589e-02
5.700887441635131836e-01
6.709496974945068359e-01
-4.952629655599594116e-02
5.651060938835144043e-01
7.382311224937438965e-01
-2.226229012012481689e-02
6.908433437347412109e-01
6.090195178985595703e-01
-3.061383590102195740e-02
6.563751101493835449e-01
5.741665363311767578e-01
-5.661919713020324707e-02
6.317244768142700195e-01
6.540732979774475098e-01
-3.813539445400238037e-02
6.299803256988525391e-01
6.907919645309448242e-01
-1.397804170846939087e-02
