5.290375351905822754e-01
9.006264209747314453e-01
-1.078260538633912802e-06
4.541584849357604980e-01
8.391698598861694336e-01
-2.464897558093070984e-02
4.226963520050048828e-01
6.907914280891418457e-01
-3.450955078005790710e-02
4.400016963481903076e-01
5.791450738906860352e-01
-4.484240338206291199e-02
4.653406143188476562e-01
4.862079024314880371e-01
-4.933881014585494995e-02
4.697328507900238037e-01
5.703615546226501465e-01
-8.638373576104640961e-03
4.063091278076171875e-01
5.421112775802612305e-01
-5.456786602735519409e-02
4.023783802986145020e-01
6.239116787910461426e-01
-8.004007488489151001e-02
4.118312001228332520e-01
7.002808451652526855e-01
-8.799929171800613403e-02
5.300701856613159180e-01
5.738184452056884766e-01
-1.281874906271696091e-02
4.643714129924774170e-01
6.005859375000000000e-01
-5.912978574633598328e-02
4.596873819828033447e-01
7.181487083435058594e-01
-6.561592966318130493e-02
4.716219902038574219e-01
7.798452973365783691e-01
-5.836045369505882263e-02
5.859392285346984863e-01
6.086527705192565918e-01
-2.498484961688518524e-02
5.260272622108459473e-01
6.216337084770202637e-01
-6.878437846899032593e-02
5.117123723030090332e-01
7.307685613632202148e-01
-5.088720843195915222e-02
5.195453763008117676e-01
7.822490930557250977e-01
-2.660940028727054596e-02
6.352996826171875000e-01
6.585993766784667969e-01
-4.024999216198921204e-02
5.877951979637145996e-01
6.487877368927001953e-01
-6.398668885231018066e-02
5.679128170013427734e-01
7.180938720703125000e-01
-4.787364974617958069e-02
5.745609998703002930e-01
7.472153902053833008e-01
-2.744951844215393066e-02
