5.864083766937255859e-01
6.212546825408935547e-01
-8.225156307162251323e-07
5.262650251388549805e-01
5.761420130729675293e-01
-2.274774946272373199e-02
4.978219568729400635e-01
4.567199945449829102e-01
-2.998887561261653900e-02
5.070828199386596680e-01
3.619396984577178955e-01
-3.776530548930168152e-02
5.134449005126953125e-01
2.804600000381469727e-01
-4.103025421500205994e-02
5.037310123443603516e-01
3.616660237312316895e-01
-4.633084870874881744e-03
4.733082056045532227e-01
3.362095654010772705e-01
-4.588693752884864807e-02
4.821346104145050049e-01
4.140781760215759277e-01
-6.801797449588775635e-02
4.919529557228088379e-01
4.789187610149383545e-01
-7.351647317409515381e-02
5.571871399879455566e-01
3.589053153991699219e-01
-6.597397383302450180e-03
5.292494893074035645e-01
3.479972779750823975e-01
-4.890845343470573425e-02
5.313820242881774902e-01
4.493603408336639404e-01
-5.716440081596374512e-02
5.347030758857727051e-01
5.129068493843078613e-01
-5.055633187294006348e-02
6.094630360603332520e-01
3.754632174968719482e-01
-1.569638960063457489e-02
5.801187753677368164e-01
3.704245090484619141e-01
-5.775312706828117371e-02
5.732917785644531250e-01
4.751071333885192871e-01
-4.627198725938796997e-02
5.717176795005798340e-01
5.354304313659667969e-01
-2.497914992272853851e-02
6.578674912452697754e-01
4.041785597801208496e-01
-2.673901990056037903e-02
6.285289525985717773e-01
3.826758563518524170e-01
-4.934490844607353210e-02
6.158933043479919434e-01
4.495899081230163574e-01
-3.578674420714378357e-02
6.144657135009765625e-01
4.860557913780212402e-01
-1.723768748342990875e-02
