6.779211759567260742e-01
6.705362200736999512e-01
-1.715729069928784156e-07
7.395327687263488770e-01
5.497542619705200195e-01
1.595636829733848572e-02
7.337080836296081543e-01
4.384259879589080811e-01
1.875239238142967224e-02
7.000440955162048340e-01
3.426068127155303955e-01
2.184342592954635620e-02
6.862742304801940918e-01
2.819168567657470703e-01
2.615010179579257965e-02
7.264120578765869141e-01
3.819077014923095703e-01
-1.134675834327936172e-02
7.127495408058166504e-01
3.076530694961547852e-01
-4.287170246243476868e-03
7.084775567054748535e-01
3.516454994678497314e-01
3.358191344887018204e-03
7.096345424652099609e-01
3.911087810993194580e-01
7.665503770112991333e-03
6.634005904197692871e-01
3.940348625183105469e-01
-1.762579940259456635e-02
6.537662148475646973e-01
3.314041197299957275e-01
2.677332377061247826e-03
6.556838154792785645e-01
3.683138489723205566e-01
1.806204579770565033e-02
6.617070436477661133e-01
4.058866500854492188e-01
2.252173051238059998e-02
6.061741113662719727e-01
4.230690002441406250e-01
-1.930955797433853149e-02
6.074711680412292480e-01
3.761732578277587891e-01
2.964625367894768715e-03
6.138789057731628418e-01
4.057917594909667969e-01
2.014915831387042999e-02
6.184026002883911133e-01
4.402457475662231445e-01
2.352453395724296570e-02
5.586013197898864746e-01
4.604335129261016846e-01
-1.922461204230785370e-02
5.719840526580810547e-01
4.219756722450256348e-01
1.261409051949158311e-04
5.820181369781494141e-01
4.512101113796234131e-01
1.943561621010303497e-02
5.853925943374633789e-01
4.777668416500091553e-01
3.068232908844947815e-02
