5.320318341255187988e-01
7.661163806915283203e-01
-8.564209110772935674e-07
6.219679713249206543e-01
6.929509639739990234e-01
7.145158946514129639e-02
6.499575972557067871e-01
5.841681361198425293e-01
1.044157445430755615e-01
6.317424178123474121e-01
4.826971292495727539e-01
1.249532997608184814e-01
5.928267836570739746e-01
4.304685294628143311e-01
1.422607749700546265e-01
6.899396777153015137e-01
5.157473087310791016e-01
6.806113570928573608e-02
6.319518685340881348e-01
4.276792109012603760e-01
1.063240319490432739e-01
5.932175517082214355e-01
4.702060520648956299e-01
1.309522837400436401e-01
5.833665728569030762e-01
5.200386047363281250e-01
1.434016972780227661e-01
6.562569141387939453e-01
4.642214477062225342e-01
3.974848613142967224e-02
5.964841842651367188e-01
3.936750292778015137e-01
8.732531964778900146e-02
5.575729012489318848e-01
4.377433359622955322e-01
1.080727204680442810e-01
5.537253618240356445e-01
4.897083044052124023e-01
1.121979877352714539e-01
6.050261259078979492e-01
4.318488240242004395e-01
1.971307955682277679e-02
5.581424832344055176e-01
3.566273450851440430e-01
5.950254946947097778e-02
5.265465974807739258e-01
4.085761308670043945e-01
7.686944305896759033e-02
5.283071994781494141e-01
4.592429697513580322e-01
7.554251700639724731e-02
5.438791513442993164e-01
4.097428619861602783e-01
6.030073855072259903e-03
5.075594782829284668e-01
3.127288520336151123e-01
2.943861111998558044e-02
4.889914393424987793e-01
3.679647445678710938e-01
5.081453546881675720e-02
4.943694174289703369e-01
4.304237663745880127e-01
6.232975795865058899e-02
