7.425331473350524902e-01
7.493442296981811523e-01
-2.403432972641894594e-07
8.176625967025756836e-01
6.127029657363891602e-01
2.100971899926662445e-02
8.126261234283447266e-01
4.965762197971343994e-01
2.525951899588108063e-02
7.772881388664245605e-01
3.837065696716308594e-01
2.696222998201847076e-02
7.600535154342651367e-01
3.132802248001098633e-01
2.976522408425807953e-02
8.104968667030334473e-01
4.221425652503967285e-01
1.568449311889708042e-03
7.938072681427001953e-01
3.267210125923156738e-01
2.239032881334424019e-03
7.841114401817321777e-01
3.769875466823577881e-01
3.836637362837791443e-03
7.833042740821838379e-01
4.303314387798309326e-01
5.917227361351251602e-03
7.400994300842285156e-01
4.294834136962890625e-01
-8.927685208618640900e-03
7.215161919593811035e-01
3.590891957283020020e-01
8.877332322299480438e-03
7.201139330863952637e-01
4.034621119499206543e-01
2.163856104016304016e-02
7.283498644828796387e-01
4.471081793308258057e-01
2.531676553189754486e-02
6.735447049140930176e-01
4.609158337116241455e-01
-1.589907519519329071e-02
6.681349277496337891e-01
4.185130596160888672e-01
4.398961551487445831e-03
6.720573306083679199e-01
4.535484015941619873e-01
2.142836526036262512e-02
6.787336468696594238e-01
4.921525716781616211e-01
2.574096433818340302e-02
6.163524985313415527e-01
5.044327974319458008e-01
-2.123231254518032074e-02
6.253952980041503906e-01
4.729906022548675537e-01
-2.091137925162911415e-03
6.337344646453857422e-01
5.095888972282409668e-01
1.847912184894084930e-02
6.398979425430297852e-01
5.412557125091552734e-01
3.172612935304641724e-02
