7.934650778770446777e-01
7.709212303161621094e-01
-1.020643139781896025e-06
7.081820368766784668e-01
7.004437446594238281e-01
-3.686046227812767029e-02
6.780480146408081055e-01
5.153648853302001953e-01
-4.669854789972305298e-02
7.037226557731628418e-01
3.644363284111022949e-01
-5.764986202120780945e-02
7.099548578262329102e-01
2.427920699119567871e-01
-5.874120816588401794e-02
6.820585727691650391e-01
4.076699912548065186e-01
2.317789243534207344e-03
6.571516990661621094e-01
2.881549596786499023e-01
-6.383732706308364868e-02
6.733914017677307129e-01
3.925605416297912598e-01
-9.688763320446014404e-02
6.950743198394775391e-01
4.892210960388183594e-01
-1.035777777433395386e-01
7.564870119094848633e-01
4.076098203659057617e-01
-8.473056950606405735e-04
7.506756782531738281e-01
3.042180538177490234e-01
-6.656803935766220093e-02
7.401882410049438477e-01
4.566812515258789062e-01
-7.445555925369262695e-02
7.411234378814697266e-01
5.377644300460815430e-01
-5.866421759128570557e-02
8.263665437698364258e-01
4.355337619781494141e-01
-1.728067733347415924e-02
8.245090246200561523e-01
3.494072556495666504e-01
-7.863032817840576172e-02
7.936775684356689453e-01
4.949333369731903076e-01
-5.419648811221122742e-02
7.844594120979309082e-01
5.611791610717773438e-01
-1.730111055076122284e-02
8.935289382934570312e-01
4.761137962341308594e-01
-3.817761316895484924e-02
8.841055631637573242e-01
4.054428339004516602e-01
-6.867124885320663452e-02
8.543341159820556641e-01
4.926286935806274414e-01
-4.578608274459838867e-02
8.442903757095336914e-01
5.314979553222656250e-01
-1.720734126865863800e-02
