3.090831935405731201e-01
9.251239895820617676e-01
-1.690227691142354161e-07
3.967667520046234131e-01
8.414435982704162598e-01
1.516684330999851227e-02
4.421097040176391602e-01
7.389403581619262695e-01
3.408596385270357132e-03
4.818107485771179199e-01
6.886665821075439453e-01
-2.069864049553871155e-02
5.032573342323303223e-01
6.697483062744140625e-01
-4.338629171252250671e-02
3.604139089584350586e-01
5.699911117553710938e-01
-5.219997256062924862e-04
3.995815217494964600e-01
4.589071869850158691e-01
-3.166291117668151855e-02
4.470479786396026611e-01
4.521441161632537842e-01
-5.109963193535804749e-02
4.820227921009063721e-01
4.869273900985717773e-01
-6.175057217478752136e-02
3.283106684684753418e-01
5.916661620140075684e-01
-3.113741800189018250e-02
4.561308026313781738e-01
5.886736512184143066e-01
-6.579283624887466431e-02
4.655885696411132812e-01
6.661374568939208984e-01
-7.198690623044967651e-02
4.434008002281188965e-01
6.953303813934326172e-01
-7.233533263206481934e-02
3.109740614891052246e-01
6.381123661994934082e-01
-6.271642446517944336e-02
4.389894008636474609e-01
6.440955996513366699e-01
-9.239061921834945679e-02
4.367970824241638184e-01
7.150620818138122559e-01
-7.799080759286880493e-02
4.107378721237182617e-01
7.355747222900390625e-01
-6.495470553636550903e-02
3.056325912475585938e-01
6.945728659629821777e-01
-9.487360715866088867e-02
4.046012163162231445e-01
6.879852414131164551e-01
-1.095282882452011108e-01
4.086459279060363770e-01
7.298932075500488281e-01
-9.146935492753982544e-02
3.888173103332519531e-01
7.424213886260986328e-01
-7.561445236206054688e-02
