6.059110164642333984e-01
8.661260604858398438e-01
-6.113684207775804680e-07
5.171565413475036621e-01
7.868034243583679199e-01
1.344839017838239670e-02
4.726511240005493164e-01
7.078623175621032715e-01
-6.005075993016362190e-04
4.379745125770568848e-01
6.536762714385986328e-01
-2.384313195943832397e-02
4.155270457267761230e-01
6.154442429542541504e-01
-4.453283920884132385e-02
5.419752597808837891e-01
5.545600056648254395e-01
-8.908946067094802856e-03
5.048476457595825195e-01
4.468719661235809326e-01
-4.039335250854492188e-02
4.548032581806182861e-01
4.510351419448852539e-01
-4.999444633722305298e-02
4.304088950157165527e-01
4.947801232337951660e-01
-5.089909210801124573e-02
5.604836940765380859e-01
5.743371844291687012e-01
-3.186260163784027100e-02
4.334300160408020020e-01
5.694084763526916504e-01
-6.028626486659049988e-02
4.199503660202026367e-01
6.310386061668395996e-01
-5.421104654669761658e-02
4.446574747562408447e-01
6.505238413810729980e-01
-4.713777825236320496e-02
5.668987035751342773e-01
6.164879202842712402e-01
-5.665424466133117676e-02
4.386289417743682861e-01
6.395182013511657715e-01
-7.794972509145736694e-02
4.417721927165985107e-01
6.880822181701660156e-01
-5.806296318769454956e-02
4.698572158813476562e-01
6.950225830078125000e-01
-4.409969970583915710e-02
5.624072551727294922e-01
6.679928302764892578e-01
-8.185563236474990845e-02
4.625977277755737305e-01
6.897060871124267578e-01
-9.229633212089538574e-02
4.654328823089599609e-01
7.286478877067565918e-01
-7.736608386039733887e-02
4.916342496871948242e-01
7.383358478546142578e-01
-6.435778737068176270e-02
