3.089736700057983398e-01
8.913339376449584961e-01
-1.273325977990680258e-07
4.005503654479980469e-01
8.119916915893554688e-01
2.483917027711868286e-02
4.494439661502838135e-01
7.180307507514953613e-01
1.221616845577955246e-02
4.948362112045288086e-01
6.728429794311523438e-01
-1.312432903796434402e-02
5.277457237243652344e-01
6.734434962272644043e-01
-3.701022267341613770e-02
3.792008161544799805e-01
5.627655982971191406e-01
-9.747658856213092804e-03
4.254490435123443604e-01
4.568176269531250000e-01
-3.561621904373168945e-02
4.776000976562500000e-01
4.665997624397277832e-01
-4.662847891449928284e-02
5.092930793762207031e-01
5.126503109931945801e-01
-5.184530839323997498e-02
3.548206686973571777e-01
5.875696539878845215e-01
-4.406475648283958435e-02
4.876662194728851318e-01
5.795329213142395020e-01
-7.208921015262603760e-02
4.919692873954772949e-01
6.537309288978576660e-01
-6.943818181753158569e-02
4.626399874687194824e-01
6.795201301574707031e-01
-6.549563258886337280e-02
3.447974324226379395e-01
6.355862021446228027e-01
-7.721114158630371094e-02
4.757888913154602051e-01
6.432873010635375977e-01
-9.644898772239685059e-02
4.699972867965698242e-01
7.070764303207397461e-01
-7.532224804162979126e-02
4.405018985271453857e-01
7.241693139076232910e-01
-6.123157590627670288e-02
3.455992937088012695e-01
6.943859457969665527e-01
-1.100732907652854919e-01
4.455983936786651611e-01
6.899137496948242188e-01
-1.142009869217872620e-01
4.470238089561462402e-01
7.297328114509582520e-01
-9.150226414203643799e-02
4.243732988834381104e-01
7.421892881393432617e-01
-7.549889385700225830e-02
