2.384237349033355713e-01
1.017493844032287598e+00
-1.068120702996111504e-08
3.203742504119873047e-01
9.268645644187927246e-01
8.593454957008361816e-03
3.655374646186828613e-01
8.376535177230834961e-01
-2.178528159856796265e-02
4.014592766761779785e-01
7.995076775550842285e-01
-6.466528773307800293e-02
3.858453035354614258e-01
8.268858790397644043e-01
-1.068873926997184753e-01
2.745035290718078613e-01
6.929283142089843750e-01
-4.188997298479080200e-02
2.788151800632476807e-01
5.665836930274963379e-01
-9.252931922674179077e-02
3.252216577529907227e-01
5.478031635284423828e-01
-1.171292588114738464e-01
3.710270822048187256e-01
5.799571871757507324e-01
-1.280669271945953369e-01
2.333513498306274414e-01
7.304380536079406738e-01
-7.610391825437545776e-02
3.589581847190856934e-01
7.295712232589721680e-01
-1.233435943722724915e-01
3.634987175464630127e-01
8.081232905387878418e-01
-1.235468834638595581e-01
3.317221999168395996e-01
8.207434415817260742e-01
-1.188264563679695129e-01
2.103114724159240723e-01
7.912616729736328125e-01
-1.111855506896972656e-01
3.412564992904663086e-01
7.990187406539916992e-01
-1.482613533735275269e-01
3.393414020538330078e-01
8.600050806999206543e-01
-1.278915256261825562e-01
3.046482801437377930e-01
8.649128675460815430e-01
-1.113188937306404114e-01
2.024100422859191895e-01
8.602255582809448242e-01
-1.474847644567489624e-01
3.057897686958312988e-01
8.583259582519531250e-01
-1.638603657484054565e-01
3.101206123828887939e-01
8.983566164970397949e-01
-1.421118080615997314e-01
2.810105979442596436e-01
9.091148972511291504e-01
-1.239678189158439636e-01
