2.886208593845367432e-01
9.445490837097167969e-01
-1.068464996478724061e-07
3.722266852855682373e-01
8.712664842605590820e-01
1.753477193415164948e-02
4.193578362464904785e-01
7.819012403488159180e-01
5.115647800266742706e-03
4.528027772903442383e-01
7.411665916442871094e-01
-1.865447871387004852e-02
4.552797079086303711e-01
7.461722493171691895e-01
-4.091581702232360840e-02
3.507641255855560303e-01
6.395775079727172852e-01
-1.292642764747142792e-02
3.669994771480560303e-01
5.219441652297973633e-01
-4.346141591668128967e-02
4.144622981548309326e-01
5.130237340927124023e-01
-5.833945050835609436e-02
4.524149894714355469e-01
5.502696037292480469e-01
-6.501015275716781616e-02
3.178046941757202148e-01
6.598691344261169434e-01
-4.274260997772216797e-02
4.301871955394744873e-01
6.652577519416809082e-01
-7.416299730539321899e-02
4.377731084823608398e-01
7.329469323158264160e-01
-7.532377541065216064e-02
4.159419536590576172e-01
7.512105703353881836e-01
-7.278941571712493896e-02
2.993018627166748047e-01
7.041477560997009277e-01
-7.226359099149703979e-02
4.141658842563629150e-01
7.261377573013305664e-01
-9.627410769462585449e-02
4.134017825126647949e-01
7.828575372695922852e-01
-8.000540733337402344e-02
3.892569839954376221e-01
7.933850884437561035e-01
-6.706542521715164185e-02
2.927210628986358643e-01
7.579247355461120605e-01
-1.021139845252037048e-01
3.830158114433288574e-01
7.689586877822875977e-01
-1.114495471119880676e-01
3.883675932884216309e-01
8.032436966896057129e-01
-9.356724470853805542e-02
3.707434535026550293e-01
8.108348250389099121e-01
-7.865107804536819458e-02
