3.359389305114746094e-01
1.020799756050109863e+00
-2.597281856253630394e-08
4.095819890499114990e-01
9.373934864997863770e-01
6.037693470716476440e-03
4.545925855636596680e-01
8.517050743103027344e-01
-1.901273056864738464e-02
4.944840669631958008e-01
8.129898309707641602e-01
-5.412504076957702637e-02
5.111756920814514160e-01
8.321318030357360840e-01
-8.751326054334640503e-02
3.843992948532104492e-01
7.054634094238281250e-01
-2.723529748618602753e-02
4.125033318996429443e-01
5.968386530876159668e-01
-6.495741754770278931e-02
4.618675112724304199e-01
5.893577337265014648e-01
-8.348027616739273071e-02
5.030395984649658203e-01
6.308840513229370117e-01
-9.170103073120117188e-02
3.540207147598266602e-01
7.354109883308410645e-01
-5.485105887055397034e-02
4.886331260204315186e-01
7.472676038742065430e-01
-9.161060303449630737e-02
4.856240749359130859e-01
8.188228607177734375e-01
-9.240835160017013550e-02
4.547144472599029541e-01
8.312326073646545410e-01
-8.909265697002410889e-02
3.399666249752044678e-01
7.909731268882751465e-01
-8.314797282218933105e-02
4.762503504753112793e-01
8.133456707000732422e-01
-1.112609133124351501e-01
4.615132212638854980e-01
8.677079677581787109e-01
-9.535989165306091309e-02
4.268747568130493164e-01
8.715303540229797363e-01
-8.271096646785736084e-02
3.379832208156585693e-01
8.572667837142944336e-01
-1.127197220921516418e-01
4.402976036071777344e-01
8.679346442222595215e-01
-1.235386803746223450e-01
4.374953508377075195e-01
9.008361101150512695e-01
-1.050167605280876160e-01
4.135031402111053467e-01
9.063655734062194824e-01
-8.963294327259063721e-02
