2.785414755344390869e-01
9.994683861732482910e-01
-8.065756063047047064e-09
3.544228076934814453e-01
9.205186963081359863e-01
-1.201613456942141056e-03
3.985300362110137939e-01
8.409050703048706055e-01
-2.914578281342983246e-02
4.303689002990722656e-01
8.008838295936584473e-01
-6.639455258846282959e-02
4.177574515342712402e-01
8.172430992126464844e-01
-1.017422750592231750e-01
3.168433904647827148e-01
6.922529935836791992e-01
-3.477186337113380432e-02
3.457751870155334473e-01
5.838564634323120117e-01
-8.240865170955657959e-02
3.961427509784698486e-01
5.826519727706909180e-01
-1.097790747880935669e-01
4.376937150955200195e-01
6.205182075500488281e-01
-1.233572512865066528e-01
2.780965566635131836e-01
7.249103188514709473e-01
-6.084726750850677490e-02
3.948976099491119385e-01
7.339307665824890137e-01
-1.042169108986854553e-01
3.967921435832977295e-01
8.041447997093200684e-01
-1.094350516796112061e-01
3.697571158409118652e-01
8.194196820259094238e-01
-1.097198650240898132e-01
2.566805481910705566e-01
7.813275456428527832e-01
-8.913146704435348511e-02
3.770530521869659424e-01
7.985700368881225586e-01
-1.212206110358238220e-01
3.699123859405517578e-01
8.509057164192199707e-01
-1.060672327876091003e-01
3.392101526260375977e-01
8.562978506088256836e-01
-9.416954964399337769e-02
2.499718070030212402e-01
8.468707799911499023e-01
-1.198524534702301025e-01
3.433803319931030273e-01
8.523730039596557617e-01
-1.341440528631210327e-01
3.420383036136627197e-01
8.828382492065429688e-01
-1.174985766410827637e-01
3.151106834411621094e-01
8.869023323059082031e-01
-1.037983521819114685e-01
