4.167786836624145508e-01
7.762795686721801758e-01
-2.920922170801532047e-08
5.074945688247680664e-01
6.911313533782958984e-01
2.032431587576866150e-02
5.493885278701782227e-01
5.981543660163879395e-01
1.000144425779581070e-02
5.797053575515747070e-01
5.416483879089355469e-01
-1.202310435473918915e-02
5.961638092994689941e-01
5.155330896377563477e-01
-3.126342594623565674e-02
4.590460956096649170e-01
4.614686369895935059e-01
4.400523175718262792e-05
4.833016395568847656e-01
3.509993553161621094e-01
-2.651730552315711975e-02
5.399059057235717773e-01
3.399624228477478027e-01
-3.743901476263999939e-02
5.827105045318603516e-01
3.772954940795898438e-01
-4.103075340390205383e-02
4.356362521648406982e-01
4.723501801490783691e-01
-2.952080778777599335e-02
5.580986142158508301e-01
4.416819810867309570e-01
-6.163293868303298950e-02
5.804936289787292480e-01
5.130926966667175293e-01
-6.174309179186820984e-02
5.640580058097839355e-01
5.513672828674316406e-01
-5.643924698233604431e-02
4.288779497146606445e-01
5.031459927558898926e-01
-5.921402201056480408e-02
5.529056787490844727e-01
4.907199442386627197e-01
-8.252755552530288696e-02
5.613507032394409180e-01
5.590412020683288574e-01
-6.416693329811096191e-02
5.414866209030151367e-01
5.878542065620422363e-01
-4.887829720973968506e-02
4.359315633773803711e-01
5.459401011466979980e-01
-8.902923762798309326e-02
5.344759225845336914e-01
5.375038981437683105e-01
-9.557824581861495972e-02
5.389524102210998535e-01
5.823026299476623535e-01
-7.647679001092910767e-02
5.178543925285339355e-01
5.986503362655639648e-01
-6.112057715654373169e-02
