3.605561852455139160e-01
9.837602376937866211e-01
1.479502316215075552e-07
4.356437027454376221e-01
8.750579953193664551e-01
1.202125754207372665e-02
4.950385689735412598e-01
7.863179445266723633e-01
-1.114362571388483047e-02
5.425029397010803223e-01
7.518575191497802734e-01
-4.375011101365089417e-02
5.811060667037963867e-01
7.544756531715393066e-01
-7.463777065277099609e-02
4.272162020206451416e-01
6.394841670989990234e-01
-4.308319091796875000e-02
4.751729369163513184e-01
5.115380883216857910e-01
-9.166329354047775269e-02
5.428047180175781250e-01
5.095242261886596680e-01
-1.179030612111091614e-01
5.931421518325805664e-01
5.579813718795776367e-01
-1.290568858385086060e-01
3.980687856674194336e-01
6.908174753189086914e-01
-7.376565039157867432e-02
5.615429282188415527e-01
7.020554542541503906e-01
-1.162631288170814514e-01
5.705757737159729004e-01
7.682311534881591797e-01
-1.179307028651237488e-01
5.440342426300048828e-01
7.835636138916015625e-01
-1.153470054268836975e-01
3.855000436305999756e-01
7.644037008285522461e-01
-1.038127392530441284e-01
5.464339852333068848e-01
7.895904183387756348e-01
-1.343369930982589722e-01
5.347672700881958008e-01
8.330297470092773438e-01
-1.147141307592391968e-01
5.018256306648254395e-01
8.269729614257812500e-01
-9.920333325862884521e-02
3.831942081451416016e-01
8.466223478317260742e-01
-1.341760754585266113e-01
5.073574781417846680e-01
8.624452352523803711e-01
-1.430583298206329346e-01
4.979127049446105957e-01
8.906995058059692383e-01
-1.174827739596366882e-01
4.634308218955993652e-01
8.861110210418701172e-01
-9.649046510457992554e-02
