2.865262627601623535e-01
1.055066585540771484e+00
2.620382417717337376e-07
3.758698105812072754e-01
9.131498336791992188e-01
-7.742902962490916252e-04
4.572379887104034424e-01
7.940059304237365723e-01
-4.806477203965187073e-02
5.324426293373107910e-01
7.729197740554809570e-01
-1.101042032241821289e-01
5.520545840263366699e-01
8.465308547019958496e-01
-1.724536120891571045e-01
3.529812991619110107e-01
6.314753890037536621e-01
-6.684482097625732422e-02
4.267977774143218994e-01
4.743893444538116455e-01
-1.500814408063888550e-01
5.127062201499938965e-01
4.859073162078857422e-01
-2.015027552843093872e-01
5.800387859344482422e-01
5.514162778854370117e-01
-2.266629487276077271e-01
3.027756810188293457e-01
7.036472558975219727e-01
-1.081685051321983337e-01
5.074844956398010254e-01
7.061186432838439941e-01
-1.794237047433853149e-01
5.022080540657043457e-01
8.038911819458007812e-01
-1.887971907854080200e-01
4.545572698116302490e-01
8.233839273452758789e-01
-1.892798990011215210e-01
2.787706851959228516e-01
8.048512339591979980e-01
-1.522746533155441284e-01
4.862463474273681641e-01
8.310004472732543945e-01
-2.059003263711929321e-01
4.560938179492950439e-01
8.959476351737976074e-01
-1.845331639051437378e-01
4.011234939098358154e-01
8.925700187683105469e-01
-1.651002466678619385e-01
2.745161652565002441e-01
9.118142127990722656e-01
-1.991473734378814697e-01
4.416010081768035889e-01
9.192787408828735352e-01
-2.194838970899581909e-01
4.253731071949005127e-01
9.582944512367248535e-01
-1.897497028112411499e-01
3.771685659885406494e-01
9.652150869369506836e-01
-1.648371517658233643e-01
