1.968553662300109863e-01
9.327220320701599121e-01
-1.934152571436698054e-08
2.897010743618011475e-01
8.171423673629760742e-01
-2.268892945721745491e-03
3.424108326435089111e-01
7.154167294502258301e-01
-4.459245502948760986e-02
3.851849436759948730e-01
6.759564280509948730e-01
-9.977582097053527832e-02
3.794380724430084229e-01
7.158803939819335938e-01
-1.533198207616806030e-01
2.392418682575225830e-01
5.498781204223632812e-01
-6.044916063547134399e-02
2.852290272712707520e-01
4.055199623107910156e-01
-1.365952640771865845e-01
3.567764163017272949e-01
4.252423942089080811e-01
-1.805912703275680542e-01
4.094597697257995605e-01
4.893531501293182373e-01
-2.009814083576202393e-01
1.859846562147140503e-01
5.972946286201477051e-01
-9.666746109724044800e-02
3.346075117588043213e-01
6.025183200836181641e-01
-1.633478999137878418e-01
3.464581668376922607e-01
6.992062330245971680e-01
-1.725006699562072754e-01
3.105336427688598633e-01
7.230115532875061035e-01
-1.733602285385131836e-01
1.553599536418914795e-01
6.749824881553649902e-01
-1.360890269279479980e-01
3.112168014049530029e-01
6.861241459846496582e-01
-1.858146488666534424e-01
3.103604316711425781e-01
7.594426870346069336e-01
-1.658741384744644165e-01
2.691205739974975586e-01
7.722495794296264648e-01
-1.483454555273056030e-01
1.430816203355789185e-01
7.621285915374755859e-01
-1.783766299486160278e-01
2.677741050720214844e-01
7.581654191017150879e-01
-1.998193562030792236e-01
2.761341333389282227e-01
8.033581376075744629e-01
-1.754963397979736328e-01
2.434994876384735107e-01
8.164586424827575684e-01
-1.547532975673675537e-01
