6.170568466186523438e-01
1.104403972625732422e+00
-6.343487939375336282e-07
5.592741966247558594e-01
9.796524643898010254e-01
5.117481108754873276e-03
4.802957773208618164e-01
8.807157278060913086e-01
-1.774162799119949341e-02
4.021124541759490967e-01
8.633638620376586914e-01
-4.793520644307136536e-02
3.616888821125030518e-01
8.785225749015808105e-01
-7.683450728654861450e-02
5.092959403991699219e-01
7.402011156082153320e-01
-4.288946837186813354e-02
4.293321669101715088e-01
6.085799336433410645e-01
-8.341705054044723511e-02
3.556884527206420898e-01
6.256344318389892578e-01
-8.999218791723251343e-02
3.226907849311828613e-01
6.888687610626220703e-01
-8.793143928050994873e-02
5.330737233161926270e-01
8.017113804817199707e-01
-6.876539438962936401e-02
3.519661128520965576e-01
8.086464405059814453e-01
-1.068902611732482910e-01
3.534750640392303467e-01
8.906044363975524902e-01
-9.243626892566680908e-02
4.022726118564605713e-01
9.102684855461120605e-01
-7.819443941116333008e-02
5.466167926788330078e-01
8.903039097785949707e-01
-9.575971961021423340e-02
3.710938990116119385e-01
9.198621511459350586e-01
-1.298363506793975830e-01
3.871263265609741211e-01
9.755902886390686035e-01
-1.005347371101379395e-01
4.356480836868286133e-01
9.772039651870727539e-01
-7.711922377347946167e-02
5.491452217102050781e-01
9.867222905158996582e-01
-1.225041449069976807e-01
4.164961278438568115e-01
1.010082602500915527e+00
-1.472028791904449463e-01
4.289159178733825684e-01
1.047460794448852539e+00
-1.261770427227020264e-01
4.739722311496734619e-01
1.055773973464965820e+00
-1.055225804448127747e-01
