9.083285331726074219e-01
1.044837117195129395e+00
-7.495174259020132013e-07
8.268609046936035156e-01
9.281697869300842285e-01
-4.144235700368881226e-02
7.676374316215515137e-01
8.206443786621093750e-01
-9.051640331745147705e-02
7.399309873580932617e-01
7.685096263885498047e-01
-1.459234654903411865e-01
7.843567132949829102e-01
7.971254587173461914e-01
-1.935570836067199707e-01
8.983932733535766602e-01
6.193876862525939941e-01
-5.492354929447174072e-02
8.800938725471496582e-01
4.508207440376281738e-01
-1.300917416810989380e-01
8.093347549438476562e-01
4.498530030250549316e-01
-1.620683819055557251e-01
7.608968019485473633e-01
5.241159200668334961e-01
-1.715719699859619141e-01
9.642661809921264648e-01
6.716307401657104492e-01
-6.725827604532241821e-02
8.454226255416870117e-01
6.618360280990600586e-01
-1.367823332548141479e-01
8.099837303161621094e-01
7.680688500404357910e-01
-1.350304335355758667e-01
8.404451608657836914e-01
8.148589134216308594e-01
-1.181567460298538208e-01
1.006194949150085449e+00
7.634986639022827148e-01
-9.049129486083984375e-02
8.693920969963073730e-01
7.874724864959716797e-01
-1.489421725273132324e-01
8.479751348495483398e-01
8.687705993652343750e-01
-1.233787164092063904e-01
8.798233270645141602e-01
8.934817314147949219e-01
-9.202360361814498901e-02
1.025805115699768066e+00
8.662966489791870117e-01
-1.196920648217201233e-01
9.145440459251403809e-01
8.873651027679443359e-01
-1.499056220054626465e-01
8.873084187507629395e-01
9.328246712684631348e-01
-1.281003206968307495e-01
9.074607491493225098e-01
9.541152715682983398e-01
-1.007447913289070129e-01
