6.976379156112670898e-01
1.039081454277038574e+00
-8.809934115561190993e-07
5.862627625465393066e-01
9.029781818389892578e-01
-1.282594818621873856e-02
5.169178247451782227e-01
7.890331745147705078e-01
-5.446778982877731323e-02
4.595144391059875488e-01
7.348244190216064453e-01
-1.045614406466484070e-01
4.340209364891052246e-01
7.221885323524475098e-01
-1.491642594337463379e-01
6.402226686477661133e-01
5.731800794601440430e-01
-5.629124119877815247e-02
5.923196077346801758e-01
4.046207070350646973e-01
-1.242639496922492981e-01
5.021096467971801758e-01
4.158924221992492676e-01
-1.481016725301742554e-01
4.481439888477325439e-01
4.868156909942626953e-01
-1.545673459768295288e-01
6.822187304496765137e-01
6.357402205467224121e-01
-8.452031761407852173e-02
4.943305552005767822e-01
6.088039278984069824e-01
-1.496185213327407837e-01
4.724513590335845947e-01
7.162953019142150879e-01
-1.419202834367752075e-01
5.167660713195800781e-01
7.554264664649963379e-01
-1.272964328527450562e-01
7.008615136146545410e-01
7.267487049102783203e-01
-1.187058389186859131e-01
5.022879242897033691e-01
7.407814264297485352e-01
-1.707220077514648438e-01
5.038719773292541504e-01
8.254514932632446289e-01
-1.345676779747009277e-01
5.505090951919555664e-01
8.413339853286743164e-01
-1.034723222255706787e-01
6.994693279266357422e-01
8.256174921989440918e-01
-1.561660170555114746e-01
5.443096160888671875e-01
8.406341671943664551e-01
-1.861349642276763916e-01
5.409979224205017090e-01
8.931317329406738281e-01
-1.600292623043060303e-01
5.809242129325866699e-01
9.068998694419860840e-01
-1.341501474380493164e-01
