6.453125476837158203e-01
1.002699971199035645e+00
-6.935702572263835464e-07
5.429584980010986328e-01
8.758475780487060547e-01
9.046531282365322113e-03
4.739816486835479736e-01
7.671486735343933105e-01
-1.821059733629226685e-02
4.094054102897644043e-01
7.275591492652893066e-01
-5.600303784012794495e-02
3.757879734039306641e-01
7.268273830413818359e-01
-9.123862534761428833e-02
5.578987002372741699e-01
5.973256230354309082e-01
-2.886269427835941315e-02
5.152905583381652832e-01
4.485872983932495117e-01
-8.119735866785049438e-02
4.359527826309204102e-01
4.512780308723449707e-01
-9.965305030345916748e-02
3.883598148822784424e-01
5.088250041007995605e-01
-1.043759286403656006e-01
5.844560861587524414e-01
6.543769836425781250e-01
-6.124949082732200623e-02
4.122925996780395508e-01
6.471552848815917969e-01
-1.084838807582855225e-01
4.084574580192565918e-01
7.354334592819213867e-01
-9.854438900947570801e-02
4.554229378700256348e-01
7.567117214202880859e-01
-8.550012111663818359e-02
5.962500572204589844e-01
7.379570007324218750e-01
-9.682556986808776855e-02
4.180498421192169189e-01
7.644220590591430664e-01
-1.341769248247146606e-01
4.349481761455535889e-01
8.254971504211425781e-01
-1.021912470459938049e-01
4.841765463352203369e-01
8.218865394592285156e-01
-7.694370299577713013e-02
5.934982299804687500e-01
8.304443359375000000e-01
-1.331197619438171387e-01
4.506331384181976318e-01
8.513001203536987305e-01
-1.555614471435546875e-01
4.621503651142120361e-01
8.939794898033142090e-01
-1.309326738119125366e-01
5.086637139320373535e-01
8.975062966346740723e-01
-1.081570833921432495e-01
