2.438461631536483765e-01
8.080499768257141113e-01
1.496297308278826677e-08
3.341266512870788574e-01
7.335900664329528809e-01
3.187177702784538269e-03
3.898775875568389893e-01
6.576894521713256836e-01
-2.858382649719715118e-02
4.302423894405364990e-01
6.260848045349121094e-01
-7.144100219011306763e-02
4.449691176414489746e-01
6.250409483909606934e-01
-1.127860173583030701e-01
3.225830793380737305e-01
4.768119454383850098e-01
-4.313299059867858887e-02
3.851097524166107178e-01
3.726673722267150879e-01
-1.011791452765464783e-01
4.462307095527648926e-01
3.998719453811645508e-01
-1.344033777713775635e-01
4.842949509620666504e-01
4.595664739608764648e-01
-1.498684138059616089e-01
2.730345726013183594e-01
5.056504607200622559e-01
-7.488125562667846680e-02
4.140976667404174805e-01
5.464256405830383301e-01
-1.275261342525482178e-01
4.114970862865447998e-01
6.320635080337524414e-01
-1.347548812627792358e-01
3.762082755565643311e-01
6.427342891693115234e-01
-1.351639181375503540e-01
2.394151091575622559e-01
5.661233067512512207e-01
-1.084750890731811523e-01
3.809198737144470215e-01
6.103655099868774414e-01
-1.502172648906707764e-01
3.746154010295867920e-01
6.742142438888549805e-01
-1.326133161783218384e-01
3.372016549110412598e-01
6.742452383041381836e-01
-1.169988960027694702e-01
2.192067056894302368e-01
6.402381658554077148e-01
-1.435402184724807739e-01
3.307989239692687988e-01
6.585499644279479980e-01
-1.629087924957275391e-01
3.373648226261138916e-01
6.996729969978332520e-01
-1.404430121183395386e-01
3.088868558406829834e-01
7.040532231330871582e-01
-1.209760010242462158e-01
