3.847468197345733643e-01
8.881983757019042969e-01
-5.241000522460126376e-08
4.550102353096008301e-01
7.687954306602478027e-01
1.175453700125217438e-02
4.759471714496612549e-01
6.571681499481201172e-01
-8.896907791495323181e-03
4.981810152530670166e-01
5.849484801292419434e-01
-4.176972433924674988e-02
4.884637892246246338e-01
5.885995626449584961e-01
-7.328009605407714844e-02
3.436057269573211670e-01
5.448033213615417480e-01
-1.954331435263156891e-02
3.165884017944335938e-01
4.248719811439514160e-01
-5.622727796435356140e-02
3.565605282783508301e-01
3.811636865139007568e-01
-7.548511028289794922e-02
4.032569825649261475e-01
3.900496661663055420e-01
-8.532118052244186401e-02
3.188955187797546387e-01
5.877226591110229492e-01
-5.232881009578704834e-02
4.340352416038513184e-01
5.150537490844726562e-01
-9.328994899988174438e-02
4.654948115348815918e-01
5.856805443763732910e-01
-9.771145880222320557e-02
4.442718327045440674e-01
6.207976341247558594e-01
-9.575310349464416504e-02
3.172512650489807129e-01
6.413314342498779297e-01
-8.558676391839981079e-02
4.389316439628601074e-01
5.828498601913452148e-01
-1.169196888804435730e-01
4.590643048286437988e-01
6.446963548660278320e-01
-9.931918233633041382e-02
4.340106546878814697e-01
6.738548874855041504e-01
-8.503569662570953369e-02
3.316949009895324707e-01
6.984097361564636230e-01
-1.200395300984382629e-01
4.266105592250823975e-01
6.471604108810424805e-01
-1.336553990840911865e-01
4.458441734313964844e-01
6.845343708992004395e-01
-1.138234212994575500e-01
4.290872514247894287e-01
7.115117311477661133e-01
-9.750254452228546143e-02
