2.278021574020385742e-01
9.251961708068847656e-01
2.677712451770730695e-08
2.843568027019500732e-01
8.202588558197021484e-01
-2.719851396977901459e-02
3.185614347457885742e-01
7.264801263809204102e-01
-7.600305229425430298e-02
3.340571820735931396e-01
6.619930863380432129e-01
-1.332370191812515259e-01
3.062936961650848389e-01
7.023495435714721680e-01
-1.862588673830032349e-01
1.851625889539718628e-01
5.832735896110534668e-01
-5.417285114526748657e-02
1.790353506803512573e-01
4.574813842773437500e-01
-1.272393465042114258e-01
2.330536991357803345e-01
4.424412846565246582e-01
-1.698454767465591431e-01
2.869994342327117920e-01
4.835661053657531738e-01
-1.870404630899429321e-01
1.341342329978942871e-01
6.336921453475952148e-01
-7.389676570892333984e-02
2.518482804298400879e-01
6.095517873764038086e-01
-1.368838399648666382e-01
2.864883244037628174e-01
6.838750839233398438e-01
-1.462814211845397949e-01
2.665275037288665771e-01
7.120833992958068848e-01
-1.433705836534500122e-01
1.114391535520553589e-01
7.019865512847900391e-01
-1.005452349781990051e-01
2.386774122714996338e-01
6.870537400245666504e-01
-1.489259302616119385e-01
2.589188516139984131e-01
7.433183193206787109e-01
-1.339671164751052856e-01
2.330726683139801025e-01
7.679495811462402344e-01
-1.164107024669647217e-01
1.083252057433128357e-01
7.733549475669860840e-01
-1.325039863586425781e-01
2.099072784185409546e-01
7.545657157897949219e-01
-1.546044796705245972e-01
2.289316356182098389e-01
7.884045839309692383e-01
-1.377104520797729492e-01
2.091721296310424805e-01
8.108402490615844727e-01
-1.193872839212417603e-01
