7.585499286651611328e-01
8.603627681732177734e-01
-6.116085842222673818e-07
6.442944407463073730e-01
7.600740194320678711e-01
2.148023340851068497e-03
5.883417129516601562e-01
6.563761830329895020e-01
-2.533163130283355713e-02
5.465029478073120117e-01
5.918271541595458984e-01
-6.322009116411209106e-02
5.232784152030944824e-01
5.500095486640930176e-01
-9.753531962633132935e-02
6.866270303726196289e-01
4.564993381500244141e-01
-2.575511112809181213e-02
6.654431819915771484e-01
3.082581162452697754e-01
-7.900553196668624878e-02
5.955833196640014648e-01
2.910687923431396484e-01
-1.002654209733009338e-01
5.477793216705322266e-01
3.328020870685577393e-01
-1.058018878102302551e-01
7.154930233955383301e-01
4.986533224582672119e-01
-5.325817689299583435e-02
5.550049543380737305e-01
4.962511956691741943e-01
-1.021044328808784485e-01
5.448016524314880371e-01
5.739468336105346680e-01
-9.593604505062103271e-02
5.817852616310119629e-01
5.923339128494262695e-01
-8.437931537628173828e-02
7.248553037643432617e-01
5.691956877708435059e-01
-8.528391271829605103e-02
5.600069165229797363e-01
5.963126420974731445e-01
-1.241471618413925171e-01
5.702416896820068359e-01
6.546062231063842773e-01
-9.487045556306838989e-02
6.119526624679565430e-01
6.557422876358032227e-01
-7.023412734270095825e-02
7.178524136543273926e-01
6.469938755035400391e-01
-1.195106953382492065e-01
5.949507355690002441e-01
6.641779541969299316e-01
-1.421064287424087524e-01
5.986608266830444336e-01
7.069939970970153809e-01
-1.209795996546745300e-01
6.333239078521728516e-01
7.166742086410522461e-01
-9.944640845060348511e-02
