6.534267663955688477e-01
8.540067076683044434e-01
-7.107936426109517924e-07
5.849653482437133789e-01
7.479053735733032227e-01
3.374269232153892517e-02
5.184354782104492188e-01
6.479062438011169434e-01
2.376655302941799164e-02
4.547823369503021240e-01
6.038827896118164062e-01
2.142715500667691231e-03
4.087180495262145996e-01
5.926699042320251465e-01
-1.893322914838790894e-02
5.197684764862060547e-01
5.057513713836669922e-01
-1.103353034704923630e-02
4.653675258159637451e-01
3.676239550113677979e-01
-5.432065576314926147e-02
3.976000547409057617e-01
3.756973147392272949e-01
-7.167455554008483887e-02
3.625480532646179199e-01
4.353424012660980225e-01
-7.633647322654724121e-02
5.283454060554504395e-01
5.473522543907165527e-01
-4.606505855917930603e-02
3.608396649360656738e-01
5.748276114463806152e-01
-7.938834279775619507e-02
3.833481967449188232e-01
6.478275656700134277e-01
-6.350981444120407104e-02
4.348015189170837402e-01
6.563336253166198730e-01
-4.958860203623771667e-02
5.306417346000671387e-01
6.160371303558349609e-01
-8.148225396871566772e-02
3.750924468040466309e-01
6.609973907470703125e-01
-1.053091362118721008e-01
4.094004631042480469e-01
7.108231186866760254e-01
-7.072581350803375244e-02
4.559618532657623291e-01
6.993320584297180176e-01
-4.804327338933944702e-02
5.292873978614807129e-01
6.899805665016174316e-01
-1.153434067964553833e-01
4.127774238586425781e-01
7.326885461807250977e-01
-1.315893232822418213e-01
4.410135149955749512e-01
7.695966958999633789e-01
-1.089306771755218506e-01
4.842327237129211426e-01
7.630889415740966797e-01
-8.974612504243850708e-02
