6.303431391716003418e-01
8.837685585021972656e-01
-7.418178711304790340e-07
5.816946029663085938e-01
7.646737098693847656e-01
2.721047960221767426e-02
5.266366004943847656e-01
6.558481454849243164e-01
1.797408610582351685e-02
4.707948565483093262e-01
6.011385321617126465e-01
-1.740470295771956444e-03
4.311630427837371826e-01
5.807400941848754883e-01
-2.066401951014995575e-02
5.346714854240417480e-01
5.310692191123962402e-01
-1.269326359033584595e-02
4.783836603164672852e-01
3.996253609657287598e-01
-5.089411512017250061e-02
4.168783724308013916e-01
4.065571427345275879e-01
-6.331591308116912842e-02
3.875374794006347656e-01
4.623840153217315674e-01
-6.449355930089950562e-02
5.396731495857238770e-01
5.768330097198486328e-01
-4.207686707377433777e-02
3.782658576965332031e-01
5.735658407211303711e-01
-7.131578773260116577e-02
3.903051018714904785e-01
6.448259949684143066e-01
-5.696888267993927002e-02
4.374913275241851807e-01
6.593932509422302246e-01
-4.443028196692466736e-02
5.388312935829162598e-01
6.430651545524597168e-01
-7.178731262683868408e-02
3.891903162002563477e-01
6.573445200920104980e-01
-9.340901672840118408e-02
4.162745475769042969e-01
7.060484290122985840e-01
-6.507387757301330566e-02
4.623973667621612549e-01
7.037954330444335938e-01
-4.602880030870437622e-02
5.334231853485107422e-01
7.146453261375427246e-01
-1.001277267932891846e-01
4.177673459053039551e-01
7.258181571960449219e-01
-1.146230772137641907e-01
4.382374882698059082e-01
7.621405124664306641e-01
-9.519173949956893921e-02
4.790225625038146973e-01
7.661977410316467285e-01
-7.812270522117614746e-02
