7.356239557266235352e-01
8.816324472427368164e-01
-6.208298941601242404e-07
6.533726453781127930e-01
7.765314579010009766e-01
-2.817732514813542366e-03
6.034474968910217285e-01
6.826359629631042480e-01
-2.706867456436157227e-02
5.637449622154235840e-01
6.288937926292419434e-01
-5.948157235980033875e-02
5.443320274353027344e-01
6.113705635070800781e-01
-8.705158531665802002e-02
6.973989009857177734e-01
5.340802669525146484e-01
-2.523460425436496735e-02
6.794548034667968750e-01
4.038533270359039307e-01
-7.396164536476135254e-02
6.195967793464660645e-01
4.063761830329895020e-01
-9.201785176992416382e-02
5.826214551925659180e-01
4.520202279090881348e-01
-9.578993916511535645e-02
7.194269299507141113e-01
5.786846876144409180e-01
-4.656010493636131287e-02
5.872055888175964355e-01
5.623966455459594727e-01
-9.214895963668823242e-02
5.734085440635681152e-01
6.239932775497436523e-01
-8.869498968124389648e-02
6.012749671936035156e-01
6.414056420326232910e-01
-7.932680845260620117e-02
7.257865071296691895e-01
6.432023644447326660e-01
-7.262889295816421509e-02
5.913835763931274414e-01
6.554263830184936523e-01
-1.074242815375328064e-01
5.982667207717895508e-01
6.967108249664306641e-01
-8.641336858272552490e-02
6.303993463516235352e-01
6.960678100585937500e-01
-6.728771328926086426e-02
7.190424799919128418e-01
7.107617855072021484e-01
-1.009150445461273193e-01
6.186410188674926758e-01
7.143856287002563477e-01
-1.185517758131027222e-01
6.144638061523437500e-01
7.414591312408447266e-01
-1.030421108007431030e-01
6.352597475051879883e-01
7.475107908248901367e-01
-8.681304007768630981e-02
