3.405762016773223877e-01
7.216794490814208984e-01
1.945844729789314442e-08
3.889971673488616943e-01
6.668595075607299805e-01
-2.126590535044670105e-02
4.233816862106323242e-01
5.497178435325622559e-01
-4.130520671606063843e-02
4.063013792037963867e-01
4.486923217773437500e-01
-6.553667783737182617e-02
3.443149328231811523e-01
4.113616347312927246e-01
-8.930727839469909668e-02
3.796796202659606934e-01
4.302236735820770264e-01
-7.496711798012256622e-03
3.749164640903472900e-01
3.314514756202697754e-01
-4.006781801581382751e-02
3.912321329116821289e-01
2.817847728729248047e-01
-5.525477230548858643e-02
4.079618453979492188e-01
2.741502225399017334e-01
-6.111492216587066650e-02
3.289198279380798340e-01
4.458847343921661377e-01
-1.611392572522163391e-02
3.545963168144226074e-01
3.798363804817199707e-01
-5.637758597731590271e-02
3.713471293449401855e-01
4.810354411602020264e-01
-5.869842320680618286e-02
3.592817485332489014e-01
5.154300928115844727e-01
-4.855741560459136963e-02
2.892662286758422852e-01
4.758912324905395508e-01
-2.936975285410881042e-02
3.092840909957885742e-01
4.243046641349792480e-01
-7.709718495607376099e-02
3.329293131828308105e-01
5.144748091697692871e-01
-5.911042541265487671e-02
3.191032409667968750e-01
5.482485890388488770e-01
-3.489787876605987549e-02
2.448051422834396362e-01
5.177094340324401855e-01
-4.379994422197341919e-02
2.690621614456176758e-01
4.627752900123596191e-01
-7.473142445087432861e-02
2.945791184902191162e-01
5.234040021896362305e-01
-5.501867085695266724e-02
2.861703932285308838e-01
5.556285381317138672e-01
-3.276212140917778015e-02
