6.024051904678344727e-01
8.108329176902770996e-01
-7.199157039394776803e-07
5.601195693016052246e-01
6.982533931732177734e-01
2.431353181600570679e-02
5.081326961517333984e-01
5.962402820587158203e-01
1.740473322570323944e-02
4.541816413402557373e-01
5.464602112770080566e-01
1.234344905242323875e-03
4.085941314697265625e-01
5.306792855262756348e-01
-1.373831555247306824e-02
5.027385950088500977e-01
4.829403758049011230e-01
-1.073740795254707336e-02
4.327883422374725342e-01
3.705912530422210693e-01
-4.349295794963836670e-02
3.792689442634582520e-01
3.846953809261322021e-01
-5.236401781439781189e-02
3.623383045196533203e-01
4.416900873184204102e-01
-5.208685621619224548e-02
5.058154463768005371e-01
5.251489281654357910e-01
-3.690871596336364746e-02
3.553005754947662354e-01
5.452910065650939941e-01
-6.399165838956832886e-02
3.732182085514068604e-01
6.093832254409790039e-01
-5.141062289476394653e-02
4.203867912292480469e-01
6.183298826217651367e-01
-4.063706099987030029e-02
5.036417245864868164e-01
5.895470976829528809e-01
-6.338015943765640259e-02
3.664066493511199951e-01
6.222038865089416504e-01
-8.340699225664138794e-02
3.942234814167022705e-01
6.652953624725341797e-01
-5.783906951546669006e-02
4.372079372406005859e-01
6.568760275840759277e-01
-4.110406339168548584e-02
4.989799559116363525e-01
6.591137647628784180e-01
-8.871761709451675415e-02
3.943739831447601318e-01
6.829164624214172363e-01
-1.027259603142738342e-01
4.139071106910705566e-01
7.169711589813232422e-01
-8.566693961620330811e-02
4.503054618835449219e-01
7.172205448150634766e-01
-7.075973600149154663e-02
