6.210834980010986328e-01
7.978020906448364258e-01
-7.789834057803091127e-07
5.678585767745971680e-01
6.867703795433044434e-01
2.505988441407680511e-02
5.227514505386352539e-01
5.849438905715942383e-01
1.624115742743015289e-02
4.772447049617767334e-01
5.286070704460144043e-01
-2.409520326182246208e-03
4.473469853401184082e-01
5.034690499305725098e-01
-1.940600574016571045e-02
5.454168915748596191e-01
4.677264094352722168e-01
-1.676922477781772614e-02
4.852216839790344238e-01
3.461785316467285156e-01
-5.377338081598281860e-02
4.282015860080718994e-01
3.610673546791076660e-01
-6.281957775354385376e-02
4.096892774105072021e-01
4.195472002029418945e-01
-6.193497404456138611e-02
5.509662628173828125e-01
5.070824027061462402e-01
-4.466379061341285706e-02
4.067491888999938965e-01
5.121921300888061523e-01
-7.706779241561889648e-02
4.153888225555419922e-01
5.799321532249450684e-01
-6.345333158969879150e-02
4.603939950466156006e-01
5.924457907676696777e-01
-5.048239231109619141e-02
5.488242506980895996e-01
5.666803717613220215e-01
-7.291585206985473633e-02
4.128436446189880371e-01
5.888302922248840332e-01
-9.578866511583328247e-02
4.355339109897613525e-01
6.364538669586181641e-01
-6.789743900299072266e-02
4.793919622898101807e-01
6.333919763565063477e-01
-4.873076826333999634e-02
5.408887863159179688e-01
6.320149302482604980e-01
-1.002119928598403931e-01
4.344511032104492188e-01
6.517029404640197754e-01
-1.171826347708702087e-01
4.501836597919464111e-01
6.862915158271789551e-01
-1.012243852019309998e-01
4.874570369720458984e-01
6.869869232177734375e-01
-8.625540882349014282e-02
