7.283834218978881836e-01
8.140170574188232422e-01
-7.255667355821060482e-07
6.274172067642211914e-01
7.058178186416625977e-01
4.110750742256641388e-03
5.759093761444091797e-01
6.026192903518676758e-01
-2.021659910678863525e-02
5.365661978721618652e-01
5.407416820526123047e-01
-5.485718697309494019e-02
5.240504741668701172e-01
5.046867132186889648e-01
-8.509554713964462280e-02
6.665585041046142578e-01
4.299141168594360352e-01
-2.403558976948261261e-02
6.350929737091064453e-01
2.952977120876312256e-01
-7.329707592725753784e-02
5.702459812164306641e-01
3.049981892108917236e-01
-8.839152008295059204e-02
5.342044234275817871e-01
3.658739924430847168e-01
-8.997302502393722534e-02
6.925939321517944336e-01
4.715169966220855713e-01
-5.044107139110565186e-02
5.417953133583068848e-01
4.667709767818450928e-01
-9.647912532091140747e-02
5.320593118667602539e-01
5.427779555320739746e-01
-8.844190835952758789e-02
5.675917267799377441e-01
5.603282451629638672e-01
-7.603623718023300171e-02
7.029642462730407715e-01
5.370473265647888184e-01
-8.097401261329650879e-02
5.473639965057373047e-01
5.601944327354431152e-01
-1.164571866393089294e-01
5.583965778350830078e-01
6.151502132415771484e-01
-8.806866407394409180e-02
5.979082584381103516e-01
6.153928637504577637e-01
-6.524379551410675049e-02
6.986325383186340332e-01
6.100181341171264648e-01
-1.133831441402435303e-01
5.821098685264587402e-01
6.287746429443359375e-01
-1.339309215545654297e-01
5.861735343933105469e-01
6.691028475761413574e-01
-1.143748685717582703e-01
6.193833351135253906e-01
6.768781542778015137e-01
-9.505967795848846436e-02
