6.699171662330627441e-01
7.645025849342346191e-01
-7.124483545339899138e-07
5.708577036857604980e-01
6.783189773559570312e-01
1.604705117642879486e-02
5.312072038650512695e-01
5.827493667602539062e-01
2.091906499117612839e-03
5.049524307250976562e-01
5.128929615020751953e-01
-2.136360481381416321e-02
4.932497441768646240e-01
4.593487381935119629e-01
-4.256884008646011353e-02
6.054381132125854492e-01
4.276800453662872314e-01
-1.191945187747478485e-02
5.643463134765625000e-01
3.141058087348937988e-01
-4.640611261129379272e-02
5.098359584808349609e-01
3.168664276599884033e-01
-5.620189383625984192e-02
4.878608584403991699e-01
3.682613670825958252e-01
-5.678092315793037415e-02
6.227776408195495605e-01
4.586593508720397949e-01
-3.742765635251998901e-02
4.834007024765014648e-01
4.512155652046203613e-01
-6.846088916063308716e-02
4.730802774429321289e-01
5.169434547424316406e-01
-5.888469517230987549e-02
5.070551037788391113e-01
5.352655053138732910e-01
-4.926608130335807800e-02
6.274313926696777344e-01
5.121307373046875000e-01
-6.476993113756179810e-02
4.853468239307403564e-01
5.253618359565734863e-01
-8.858498185873031616e-02
4.922657012939453125e-01
5.773825645446777344e-01
-6.353696435689926147e-02
5.292977690696716309e-01
5.828829407691955566e-01
-4.659967869520187378e-02
6.211555004119873047e-01
5.744475722312927246e-01
-9.230765700340270996e-02
5.102080702781677246e-01
5.939349532127380371e-01
-1.086143627762794495e-01
5.189321637153625488e-01
6.336987614631652832e-01
-9.307488799095153809e-02
5.547870397567749023e-01
6.392613649368286133e-01
-7.880084216594696045e-02
