6.651908159255981445e-01
8.090099096298217773e-01
-6.668218475169851445e-07
5.874982476234436035e-01
7.027686238288879395e-01
2.033665589988231659e-02
5.452670454978942871e-01
5.924205183982849121e-01
1.472301408648490906e-02
5.081699490547180176e-01
5.370266437530517578e-01
-1.367718214169144630e-03
4.812037944793701172e-01
5.061355829238891602e-01
-1.677742972970008850e-02
5.905026793479919434e-01
4.558891654014587402e-01
-5.228809546679258347e-03
5.484957695007324219e-01
3.285982012748718262e-01
-3.867287933826446533e-02
4.846240878105163574e-01
3.282483816146850586e-01
-5.293501913547515869e-02
4.535221457481384277e-01
3.748268485069274902e-01
-5.793644115328788757e-02
6.027688384056091309e-01
4.933401644229888916e-01
-3.221745416522026062e-02
4.540323615074157715e-01
4.953899681568145752e-01
-6.481347233057022095e-02
4.465794563293457031e-01
5.554037094116210938e-01
-6.390389055013656616e-02
4.848182201385498047e-01
5.781648159027099609e-01
-6.145757436752319336e-02
6.034959554672241211e-01
5.593808889389038086e-01
-6.030484288930892944e-02
4.574685692787170410e-01
5.721721649169921875e-01
-8.547457307577133179e-02
4.691175222396850586e-01
6.186454296112060547e-01
-6.923809647560119629e-02
5.106089115142822266e-01
6.228544712066650391e-01
-5.781960487365722656e-02
5.960362553596496582e-01
6.329728364944458008e-01
-8.779712766408920288e-02
4.854130744934082031e-01
6.388741731643676758e-01
-1.049169972538948059e-01
4.936220347881317139e-01
6.717758178710937500e-01
-9.223847091197967529e-02
5.299397110939025879e-01
6.794505119323730469e-01
-7.980205863714218140e-02
