7.562301158905029297e-01
9.057269096374511719e-01
-6.939564514141238760e-07
6.658992171287536621e-01
7.947380542755126953e-01
-4.165562335401773453e-03
6.154245138168334961e-01
6.879260540008544922e-01
-2.917963080108165741e-02
5.762468576431274414e-01
6.266634464263916016e-01
-6.335781514644622803e-02
5.470416545867919922e-01
6.023509502410888672e-01
-9.279038012027740479e-02
7.207692861557006836e-01
5.160144567489624023e-01
-2.364192157983779907e-02
7.089780569076538086e-01
3.715736865997314453e-01
-7.722643762826919556e-02
6.491137146949768066e-01
3.592547178268432617e-01
-1.000896766781806946e-01
6.056423783302307129e-01
3.959431052207946777e-01
-1.069968119263648987e-01
7.491174936294555664e-01
5.574734210968017578e-01
-4.813567176461219788e-02
6.078242659568786621e-01
5.444899201393127441e-01
-9.967217594385147095e-02
5.880696773529052734e-01
6.157696247100830078e-01
-9.963357448577880859e-02
6.125168800354003906e-01
6.379158496856689453e-01
-9.182630479335784912e-02
7.571032643318176270e-01
6.264843940734863281e-01
-7.816117256879806519e-02
6.103478074073791504e-01
6.461983323097229004e-01
-1.195276826620101929e-01
6.138355731964111328e-01
7.069661617279052734e-01
-9.668953716754913330e-02
6.475201845169067383e-01
7.138103246688842773e-01
-7.496401667594909668e-02
7.499418258666992188e-01
7.009219527244567871e-01
-1.110540404915809631e-01
6.382813453674316406e-01
7.109571695327758789e-01
-1.339885443449020386e-01
6.299329400062561035e-01
7.521356344223022461e-01
-1.168940216302871704e-01
6.511785387992858887e-01
7.657135725021362305e-01
-9.794233739376068115e-02
