6.400809288024902344e-01
8.712247014045715332e-01
-6.384103699019760825e-07
5.729365944862365723e-01
7.573496699333190918e-01
2.489154040813446045e-02
5.220116972923278809e-01
6.511368751525878906e-01
8.890725672245025635e-03
4.710339903831481934e-01
5.935100913047790527e-01
-1.757005974650382996e-02
4.408535957336425781e-01
5.776999592781066895e-01
-4.350228235125541687e-02
5.675601959228515625e-01
5.168557167053222656e-01
-2.120214700698852539e-02
5.267214179039001465e-01
3.832364678382873535e-01
-6.371334195137023926e-02
4.588529467582702637e-01
3.735153079032897949e-01
-7.941705733537673950e-02
4.173173308372497559e-01
4.157680273056030273e-01
-8.346627652645111084e-02
5.777551531791687012e-01
5.630630254745483398e-01
-5.343261361122131348e-02
4.167697429656982422e-01
5.510333180427551270e-01
-8.704607188701629639e-02
4.188862144947052002e-01
6.227969527244567871e-01
-7.309233397245407104e-02
4.609914422035217285e-01
6.402547359466552734e-01
-6.093592941761016846e-02
5.748983621597290039e-01
6.295489668846130371e-01
-8.622895181179046631e-02
4.212763607501983643e-01
6.342895627021789551e-01
-1.115475744009017944e-01
4.406355619430541992e-01
6.854525804519653320e-01
-8.000203967094421387e-02
4.852045476436614990e-01
6.857491135597229004e-01
-5.851928517222404480e-02
5.641559362411499023e-01
6.997364759445190430e-01
-1.181296408176422119e-01
4.463906288146972656e-01
7.036092877388000488e-01
-1.341613382101058960e-01
4.603357315063476562e-01
7.406694293022155762e-01
-1.124416664242744446e-01
4.994334876537322998e-01
7.469440698623657227e-01
-9.393586963415145874e-02
