6.185560226440429688e-01
7.944578528404235840e-01
-4.871276360063347965e-07
5.455670356750488281e-01
7.096164226531982422e-01
1.196457631886005402e-02
5.096127986907958984e-01
6.189836263656616211e-01
-4.751661981572397053e-05
4.818859696388244629e-01
5.628486871719360352e-01
-1.911857351660728455e-02
4.644221067428588867e-01
5.343821048736572266e-01
-3.685558587312698364e-02
5.646057724952697754e-01
4.966213703155517578e-01
-1.274385582655668259e-02
5.389596819877624512e-01
3.857598900794982910e-01
-4.834562912583351135e-02
4.845452308654785156e-01
3.688355088233947754e-01
-6.451448798179626465e-02
4.494281709194183350e-01
3.972458243370056152e-01
-7.010331004858016968e-02
5.728460550308227539e-01
5.295009016990661621e-01
-3.398435562849044800e-02
4.398487806320190430e-01
5.150643587112426758e-01
-6.334450095891952515e-02
4.400797188282012939e-01
5.740994811058044434e-01
-5.618619173765182495e-02
4.750737845897674561e-01
5.904480814933776855e-01
-4.817018657922744751e-02
5.702903866767883301e-01
5.794945955276489258e-01
-5.710348859429359436e-02
4.425072073936462402e-01
5.821771621704101562e-01
-8.082267642021179199e-02
4.554635584354400635e-01
6.266774535179138184e-01
-5.863324925303459167e-02
4.906793832778930664e-01
6.279703378677368164e-01
-4.201098531484603882e-02
5.607311725616455078e-01
6.350457668304443359e-01
-8.040891587734222412e-02
4.646228849887847900e-01
6.391241550445556641e-01
-9.484076499938964844e-02
4.742911756038665771e-01
6.740860939025878906e-01
-7.862877845764160156e-02
5.046404004096984863e-01
6.808753609657287598e-01
-6.365157663822174072e-02
