2.767497301101684570e-01
6.719554662704467773e-01
-5.081275844531774055e-09
3.626152575016021729e-01
6.285799741744995117e-01
1.438980177044868469e-02
4.138194918632507324e-01
5.658773183822631836e-01
2.217517932876944542e-03
4.503929615020751953e-01
5.312090516090393066e-01
-1.943825930356979370e-02
4.736347198486328125e-01
5.146645307540893555e-01
-3.875143453478813171e-02
3.761263489723205566e-01
4.115211963653564453e-01
-3.562965430319309235e-03
3.937128782272338867e-01
3.191041350364685059e-01
-2.914294227957725525e-02
4.333951771259307861e-01
3.076325356960296631e-01
-4.286986961960792542e-02
4.620318412780761719e-01
3.369541764259338379e-01
-4.905517771840095520e-02
3.595820069313049316e-01
4.247583448886871338e-01
-2.868523076176643372e-02
4.663621783256530762e-01
4.620085060596466064e-01
-5.728390812873840332e-02
4.610551297664642334e-01
5.186957716941833496e-01
-5.911568552255630493e-02
4.398284554481506348e-01
5.287932753562927246e-01
-5.592114478349685669e-02
3.513537645339965820e-01
4.620879590511322021e-01
-5.423822999000549316e-02
4.556355178356170654e-01
5.110565423965454102e-01
-7.596160471439361572e-02
4.412848949432373047e-01
5.529490113258361816e-01
-6.290875375270843506e-02
4.185819327831268311e-01
5.527761578559875488e-01
-5.203864723443984985e-02
3.509109914302825928e-01
5.105171203613281250e-01
-7.996439933776855469e-02
4.319409132003784180e-01
5.472860336303710938e-01
-8.614750951528549194e-02
4.218847453594207764e-01
5.797653794288635254e-01
-6.992816925048828125e-02
4.015136063098907471e-01
5.788449048995971680e-01
-5.694791674613952637e-02
