7.587253451347351074e-01
6.572622060775756836e-01
-7.768675232000532560e-07
6.530673503875732422e-01
5.992361307144165039e-01
2.949801972135901451e-03
5.954002141952514648e-01
5.296939015388488770e-01
-1.567446812987327576e-02
5.559703111648559570e-01
4.870306253433227539e-01
-4.592962190508842468e-02
5.257986783981323242e-01
4.533179104328155518e-01
-7.223477959632873535e-02
6.529498100280761719e-01
3.203596472740173340e-01
-8.895603008568286896e-03
6.107786297798156738e-01
1.934737265110015869e-01
-5.154332518577575684e-02
5.568490028381347656e-01
2.134358882904052734e-01
-6.963367015123367310e-02
5.328740477561950684e-01
2.733636200428009033e-01
-7.510524988174438477e-02
6.875994205474853516e-01
3.273233175277709961e-01
-3.352394327521324158e-02
5.623225569725036621e-01
3.648052513599395752e-01
-7.673510164022445679e-02
5.539038181304931641e-01
4.460900127887725830e-01
-7.908166199922561646e-02
5.807480216026306152e-01
4.658804535865783691e-01
-7.421358674764633179e-02
7.105327248573303223e-01
3.645883500576019287e-01
-6.249126419425010681e-02
5.849956870079040527e-01
4.279751479625701904e-01
-9.592193365097045898e-02
5.962407588958740234e-01
4.946053624153137207e-01
-7.507447898387908936e-02
6.279671788215637207e-01
5.057572722434997559e-01
-5.638193339109420776e-02
7.206916213035583496e-01
4.154360592365264893e-01
-9.398908913135528564e-02
6.253191828727722168e-01
4.546891152858734131e-01
-1.116364449262619019e-01
6.260033249855041504e-01
4.979836940765380859e-01
-9.395224601030349731e-02
6.490774154663085938e-01
5.101305842399597168e-01
-7.539244741201400757e-02
