6.950449943542480469e-01
6.559876799583435059e-01
-6.702934456370712724e-07
6.024574637413024902e-01
5.946586132049560547e-01
9.012747905217111111e-04
5.528433918952941895e-01
5.239629149436950684e-01
-1.803183555603027344e-02
5.140297412872314453e-01
4.772672653198242188e-01
-4.777722433209419250e-02
4.800569117069244385e-01
4.414581358432769775e-01
-7.367519289255142212e-02
6.168574690818786621e-01
3.357389867305755615e-01
1.388875301927328110e-03
5.853854417800903320e-01
2.266492694616317749e-01
-3.941872343420982361e-02
5.415501594543457031e-01
2.399794161319732666e-01
-6.016620248556137085e-02
5.177506804466247559e-01
2.880705296993255615e-01
-6.723678112030029297e-02
6.433122754096984863e-01
3.392513990402221680e-01
-2.014273405075073242e-02
5.302627682685852051e-01
3.651583790779113770e-01
-6.121763214468955994e-02
5.177857279777526855e-01
4.389684200286865234e-01
-6.677774339914321899e-02
5.341187119483947754e-01
4.608848094940185547e-01
-6.274255365133285522e-02
6.575247645378112793e-01
3.673105239868164062e-01
-4.668742045760154724e-02
5.396080613136291504e-01
4.204373657703399658e-01
-7.946833968162536621e-02
5.497704744338989258e-01
4.879917204380035400e-01
-6.522409617900848389e-02
5.768322348594665527e-01
5.025886893272399902e-01
-4.916371405124664307e-02
6.585028171539306641e-01
4.062593579292297363e-01
-7.557033002376556396e-02
5.668035745620727539e-01
4.432002305984497070e-01
-9.180986136198043823e-02
5.722361803054809570e-01
4.877731502056121826e-01
-7.853599637746810913e-02
5.958985090255737305e-01
4.980434179306030273e-01
-6.256225705146789551e-02
