6.846907734870910645e-01
6.725161671638488770e-01
-5.107200422571622767e-07
6.093530058860778809e-01
6.184935569763183594e-01
2.668140223249793053e-03
5.693595409393310547e-01
5.572519898414611816e-01
-1.130913011729717255e-02
5.401376485824584961e-01
5.136780142784118652e-01
-3.329862654209136963e-02
5.106548070907592773e-01
4.858410656452178955e-01
-5.309795215725898743e-02
6.198169589042663574e-01
4.086645245552062988e-01
-4.333414603024721146e-03
6.047326326370239258e-01
3.151490688323974609e-01
-3.506778553128242493e-02
5.639718174934387207e-01
3.039193749427795410e-01
-5.065356194972991943e-02
5.333736538887023926e-01
3.286430835723876953e-01
-5.706713348627090454e-02
6.435558795928955078e-01
4.163448512554168701e-01
-2.268442697823047638e-02
5.499559640884399414e-01
4.495847821235656738e-01
-5.332468822598457336e-02
5.522908568382263184e-01
5.086604952812194824e-01
-5.468969419598579407e-02
5.743322372436523438e-01
5.250985622406005859e-01
-5.121558532118797302e-02
6.558177471160888672e-01
4.480812251567840576e-01
-4.413121193647384644e-02
5.583301782608032227e-01
4.967968165874481201e-01
-6.897209584712982178e-02
5.731344223022460938e-01
5.468901991844177246e-01
-5.366425216197967529e-02
5.974273681640625000e-01
5.556674003601074219e-01
-4.016587883234024048e-02
6.575781702995300293e-01
4.886742234230041504e-01
-6.737573444843292236e-02
5.785645246505737305e-01
5.221801996231079102e-01
-8.282542228698730469e-02
5.839029550552368164e-01
5.604366660118103027e-01
-7.111638039350509644e-02
6.029501557350158691e-01
5.716632604598999023e-01
-5.817001312971115112e-02
