2.644905447959899902e-01
9.891189336776733398e-01
1.029362351800955366e-06
3.352488875389099121e-01
9.520385265350341797e-01
-5.303776264190673828e-02
3.755540251731872559e-01
8.603496551513671875e-01
-8.002115786075592041e-02
3.258740305900573730e-01
7.847883701324462891e-01
-1.068812459707260132e-01
2.652527093887329102e-01
7.272590994834899902e-01
-1.319407671689987183e-01
3.572693467140197754e-01
6.615481376647949219e-01
-4.544924572110176086e-02
3.720303475856781006e-01
5.175892114639282227e-01
-8.942465484142303467e-02
3.730739355087280273e-01
4.235495328903198242e-01
-1.165278851985931396e-01
3.693718016147613525e-01
3.378429114818572998e-01
-1.328684687614440918e-01
2.936378419399261475e-01
6.499190330505371094e-01
-5.307685583829879761e-02
3.138506710529327393e-01
4.833625555038452148e-01
-1.023612543940544128e-01
3.226762413978576660e-01
3.766422569751739502e-01
-1.290823370218276978e-01
3.274267315864562988e-01
2.828893661499023438e-01
-1.400553733110427856e-01
2.343011200428009033e-01
6.835840940475463867e-01
-6.680987030267715454e-02
2.246043533086776733e-01
5.766125321388244629e-01
-1.417951434850692749e-01
2.366722375154495239e-01
6.937508583068847656e-01
-1.446012705564498901e-01
2.472610622644424438e-01
7.834094762802124023e-01
-1.235968619585037231e-01
1.796521544456481934e-01
7.517690658569335938e-01
-8.420801907777786255e-02
1.691628694534301758e-01
6.874031424522399902e-01
-1.467521786689758301e-01
1.928770244121551514e-01
7.657200098037719727e-01
-1.417406797409057617e-01
2.124105393886566162e-01
8.337668776512145996e-01
-1.213966906070709229e-01
