3.272112607955932617e-01
9.463482499122619629e-01
7.075005896695074625e-07
4.099856019020080566e-01
8.747274875640869141e-01
-7.577143609523773193e-03
4.543885588645935059e-01
8.006385564804077148e-01
-2.118510939180850983e-02
4.697211980819702148e-01
7.249636054039001465e-01
-4.270320013165473938e-02
4.370191991329193115e-01
6.705150008201599121e-01
-6.039808690547943115e-02
4.316565990447998047e-01
6.404879093170166016e-01
-1.724090799689292908e-02
4.562634229660034180e-01
4.952706098556518555e-01
-5.078401416540145874e-02
4.647901952266693115e-01
4.163892269134521484e-01
-7.197074592113494873e-02
4.653662145137786865e-01
3.428713381290435791e-01
-8.819945156574249268e-02
3.871533572673797607e-01
6.362951993942260742e-01
-4.065105691552162170e-02
4.117403626441955566e-01
4.770656228065490723e-01
-1.026043444871902466e-01
4.249150753021240234e-01
3.798837363719940186e-01
-1.453788876533508301e-01
4.319677948951721191e-01
2.967665493488311768e-01
-1.707693338394165039e-01
3.437794744968414307e-01
6.685809493064880371e-01
-6.223795562982559204e-02
3.714354038238525391e-01
5.514888167381286621e-01
-1.195006743073463440e-01
3.996671438217163086e-01
6.536360979080200195e-01
-1.146522909402847290e-01
4.154393672943115234e-01
7.235038876533508301e-01
-9.706627577543258667e-02
3.053628206253051758e-01
7.331609725952148438e-01
-8.459971845149993896e-02
3.446274995803833008e-01
6.582788228988647461e-01
-1.214084327220916748e-01
3.756257295608520508e-01
7.205553054809570312e-01
-1.103284731507301331e-01
3.842069208621978760e-01
7.673649787902832031e-01
-9.363120794296264648e-02
