3.421854376792907715e-01
8.917738199234008789e-01
4.450924393495370168e-07
3.087333142757415771e-01
7.702007889747619629e-01
1.058751135133206844e-03
3.358708322048187256e-01
6.693071722984313965e-01
-5.363401491194963455e-03
3.955315649509429932e-01
6.322112083435058594e-01
-1.421340554952621460e-02
4.421120882034301758e-01
6.325270533561706543e-01
-2.341587282717227936e-02
3.547831773757934570e-01
6.306332945823669434e-01
-3.294232487678527832e-02
3.860738873481750488e-01
4.853710532188415527e-01
-5.211628973484039307e-02
4.079122543334960938e-01
4.081847667694091797e-01
-6.021136045455932617e-02
4.296427965164184570e-01
3.489661216735839844e-01
-6.263253092765808105e-02
4.076815247535705566e-01
6.520374417304992676e-01
-4.289435595273971558e-02
4.349242150783538818e-01
4.962144494056701660e-01
-5.761333927512168884e-02
4.539631605148315430e-01
4.048038125038146973e-01
-6.264103204011917114e-02
4.761950969696044922e-01
3.370844721794128418e-01
-6.465819478034973145e-02
4.543259441852569580e-01
6.878536939620971680e-01
-4.984232783317565918e-02
4.816056191921234131e-01
5.663682222366333008e-01
-6.344096362590789795e-02
4.559064805507659912e-01
5.867235660552978516e-01
-5.384108424186706543e-02
4.345869123935699463e-01
6.254631876945495605e-01
-4.072567448019981384e-02
4.895977675914764404e-01
7.294200658798217773e-01
-5.691898614168167114e-02
5.047174692153930664e-01
6.306938529014587402e-01
-6.003307551145553589e-02
4.807894527912139893e-01
6.357784867286682129e-01
-4.350908100605010986e-02
4.640426635742187500e-01
6.656594276428222656e-01
-2.674550749361515045e-02
