3.459704518318176270e-01
9.951220154762268066e-01
3.407863005122635514e-07
2.910495400428771973e-01
8.860260844230651855e-01
9.215411730110645294e-03
2.996622920036315918e-01
7.708129286766052246e-01
2.701617544516921043e-03
3.475734591484069824e-01
6.965379118919372559e-01
-6.542345043271780014e-03
3.887851834297180176e-01
6.565004587173461914e-01
-1.460823789238929749e-02
3.000435531139373779e-01
7.235369086265563965e-01
-3.980389609932899475e-02
3.011656403541564941e-01
5.548504590988159180e-01
-6.085969135165214539e-02
3.053104281425476074e-01
4.695427119731903076e-01
-6.750992685556411743e-02
3.107308447360992432e-01
4.025698602199554443e-01
-6.868967413902282715e-02
3.598409593105316162e-01
7.298209667205810547e-01
-5.299922823905944824e-02
3.450843691825866699e-01
5.476806759834289551e-01
-7.150922715663909912e-02
3.424690961837768555e-01
4.479563236236572266e-01
-7.576971501111984253e-02
3.485371172428131104e-01
3.702827692031860352e-01
-7.695507258176803589e-02
4.184826314449310303e-01
7.499504089355468750e-01
-6.121433898806571960e-02
4.186999797821044922e-01
5.981124639511108398e-01
-7.490181922912597656e-02
4.036364257335662842e-01
6.349928379058837891e-01
-5.591363087296485901e-02
3.917481005191802979e-01
6.840085387229919434e-01
-3.585835546255111694e-02
4.707858562469482422e-01
7.792890071868896484e-01
-6.905580312013626099e-02
4.705618917942047119e-01
6.628512144088745117e-01
-7.135774940252304077e-02
4.522300660610198975e-01
6.552264094352722168e-01
-5.123340338468551636e-02
4.394932389259338379e-01
6.645150780677795410e-01
-3.108021244406700134e-02
