4.038564562797546387e-01
1.056227922439575195e+00
8.581928341300226748e-07
4.657119214534759521e-01
9.967765808105468750e-01
-3.831944987177848816e-02
4.943327009677886963e-01
9.093830585479736328e-01
-6.003406643867492676e-02
4.589883089065551758e-01
8.530367016792297363e-01
-8.355198800563812256e-02
3.990487158298492432e-01
8.273025155067443848e-01
-1.072679385542869568e-01
4.404601454734802246e-01
7.462112307548522949e-01
-4.067345336079597473e-02
4.422533810138702393e-01
6.100111007690429688e-01
-7.701576501131057739e-02
4.358868896961212158e-01
5.261576175689697266e-01
-9.875767678022384644e-02
4.229174256324768066e-01
4.506034851074218750e-01
-1.119914799928665161e-01
3.876361548900604248e-01
7.471370697021484375e-01
-4.991699010133743286e-02
3.914768695831298828e-01
5.949327945709228516e-01
-8.949432522058486938e-02
3.895213901996612549e-01
5.022288560867309570e-01
-1.107940748333930969e-01
3.817383646965026855e-01
4.235890209674835205e-01
-1.212910190224647522e-01
3.395809233188629150e-01
7.846538424491882324e-01
-6.320112198591232300e-02
3.277322947978973389e-01
6.736249327659606934e-01
-1.216917857527732849e-01
3.583640456199645996e-01
7.643454670906066895e-01
-1.224877908825874329e-01
3.794812560081481934e-01
8.405824899673461914e-01
-1.056296229362487793e-01
2.971585094928741455e-01
8.538028001785278320e-01
-7.922300696372985840e-02
2.801063358783721924e-01
7.754049301147460938e-01
-1.255534291267395020e-01
3.169277906417846680e-01
8.212344050407409668e-01
-1.198253929615020752e-01
3.481081128120422363e-01
8.755776286125183105e-01
-1.036219224333763123e-01
