3.724720180034637451e-01
9.497615694999694824e-01
6.517778956549591385e-07
4.211481213569641113e-01
9.009972810745239258e-01
-3.037947230041027069e-02
4.440149664878845215e-01
8.251129388809204102e-01
-4.683900251984596252e-02
4.145419895648956299e-01
7.783492207527160645e-01
-6.446793675422668457e-02
3.727967739105224609e-01
7.490441799163818359e-01
-8.140478283166885376e-02
4.038589894771575928e-01
6.854691505432128906e-01
-2.992794662714004517e-02
4.037606120109558105e-01
5.757405757904052734e-01
-5.826453119516372681e-02
3.988647758960723877e-01
5.065665841102600098e-01
-7.573135942220687866e-02
3.897774517536163330e-01
4.452748596668243408e-01
-8.573129773139953613e-02
3.598228991031646729e-01
6.891325712203979492e-01
-3.681279718875885010e-02
3.571859300136566162e-01
5.613083243370056152e-01
-6.632433831691741943e-02
3.574702441692352295e-01
4.850385785102844238e-01
-8.188467472791671753e-02
3.536357581615447998e-01
4.225837588310241699e-01
-8.896148949861526489e-02
3.194828033447265625e-01
7.217320799827575684e-01
-4.698887467384338379e-02
3.102771937847137451e-01
6.314182281494140625e-01
-9.195902198553085327e-02
3.388171494007110596e-01
7.003380060195922852e-01
-9.232985973358154297e-02
3.563502430915832520e-01
7.615839242935180664e-01
-7.875844836235046387e-02
2.844715118408203125e-01
7.767322659492492676e-01
-5.934093520045280457e-02
2.795735597610473633e-01
7.103726863861083984e-01
-9.491804242134094238e-02
3.099261820316314697e-01
7.512685060501098633e-01
-8.854664862155914307e-02
3.299863934516906738e-01
7.982714772224426270e-01
-7.411574572324752808e-02
