2.789128720760345459e-01
1.038489580154418945e+00
8.582306918469839729e-07
3.489363789558410645e-01
9.692504405975341797e-01
-4.103476926684379578e-02
3.795284330844879150e-01
8.730397820472717285e-01
-6.117907539010047913e-02
3.295942842960357666e-01
8.151586055755615234e-01
-8.311287313699722290e-02
2.576965987682342529e-01
8.013790845870971680e-01
-1.044942736625671387e-01
3.231218457221984863e-01
6.983237266540527344e-01
-3.183921799063682556e-02
3.125718533992767334e-01
5.590606331825256348e-01
-6.455694139003753662e-02
3.019132316112518311e-01
4.719179570674896240e-01
-8.634717017412185669e-02
2.862366437911987305e-01
3.912939429283142090e-01
-1.012961715459823608e-01
2.634240090847015381e-01
6.971950531005859375e-01
-4.060937836766242981e-02
2.553737163543701172e-01
5.406602621078491211e-01
-7.959109544754028320e-02
2.503141760826110840e-01
4.409032166004180908e-01
-1.042984798550605774e-01
2.419148534536361694e-01
3.567138314247131348e-01
-1.181207895278930664e-01
2.121038138866424561e-01
7.357839941978454590e-01
-5.379682406783103943e-02
1.990029066801071167e-01
6.243183612823486328e-01
-1.110659241676330566e-01
2.327218949794769287e-01
7.230163812637329102e-01
-1.112603321671485901e-01
2.521183192729949951e-01
8.034219741821289062e-01
-9.400337189435958862e-02
1.674501299858093262e-01
8.067522048950195312e-01
-7.035864889621734619e-02
1.548396199941635132e-01
7.178760766983032227e-01
-1.140023991465568542e-01
1.919645369052886963e-01
7.730784416198730469e-01
-1.051175594329833984e-01
2.172870188951492310e-01
8.346319794654846191e-01
-8.719673752784729004e-02
