4.322646558284759521e-01
9.852325916290283203e-01
9.007427479446050711e-07
4.957627058029174805e-01
9.368201494216918945e-01
-3.333343192934989929e-02
5.415759086608886719e-01
8.552268147468566895e-01
-5.388972535729408264e-02
5.263443589210510254e-01
7.950067520141601562e-01
-7.706113904714584351e-02
4.763494431972503662e-01
7.676908373832702637e-01
-9.836558997631072998e-02
5.011621117591857910e-01
6.827485561370849609e-01
-2.825745381414890289e-02
5.288343429565429688e-01
5.636972784996032715e-01
-6.279052793979644775e-02
5.363589525222778320e-01
4.850645065307617188e-01
-8.418654650449752808e-02
5.388017296791076660e-01
4.141447246074676514e-01
-9.649354219436645508e-02
4.524144232273101807e-01
6.793024539947509766e-01
-4.022853448987007141e-02
4.767597019672393799e-01
5.365761518478393555e-01
-8.185493201017379761e-02
4.920413494110107422e-01
4.409297406673431396e-01
-1.064701080322265625e-01
5.001949071884155273e-01
3.579739332199096680e-01
-1.171255111694335938e-01
4.047092497348785400e-01
7.091304659843444824e-01
-5.611678212881088257e-02
4.476010203361511230e-01
6.434638500213623047e-01
-1.154586449265480042e-01
4.710573554039001465e-01
7.380784749984741211e-01
-1.187480986118316650e-01
4.762343764305114746e-01
8.055968880653381348e-01
-1.018487811088562012e-01
3.637420535087585449e-01
7.624208927154541016e-01
-7.443901151418685913e-02
4.096092283725738525e-01
7.166820764541625977e-01
-1.144144535064697266e-01
4.375618994235992432e-01
7.746130824089050293e-01
-1.060722768306732178e-01
4.467613399028778076e-01
8.237788677215576172e-01
-8.843898028135299683e-02
