2.280921489000320435e-01
1.049617052078247070e+00
1.041839254867227282e-06
2.827746868133544922e-01
1.011851787567138672e+00
-6.602597981691360474e-02
2.897944450378417969e-01
9.249922633171081543e-01
-9.615010768175125122e-02
2.059696167707443237e-01
8.796773552894592285e-01
-1.214170083403587341e-01
1.330071538686752319e-01
8.444880843162536621e-01
-1.439137309789657593e-01
2.783891260623931885e-01
7.365112900733947754e-01
-5.424706637859344482e-02
2.740630805492401123e-01
6.000459194183349609e-01
-9.575270861387252808e-02
2.648131549358367920e-01
5.071341395378112793e-01
-1.238245666027069092e-01
2.540773153305053711e-01
4.253850877285003662e-01
-1.416505128145217896e-01
2.211841046810150146e-01
7.298648953437805176e-01
-5.101446434855461121e-02
2.221260964870452881e-01
5.761956572532653809e-01
-9.572485089302062988e-02
2.185356020927429199e-01
4.721831381320953369e-01
-1.264009922742843628e-01
2.135460674762725830e-01
3.779979944229125977e-01
-1.419610828161239624e-01
1.690497845411300659e-01
7.616115808486938477e-01
-5.504242330789566040e-02
1.448431313037872314e-01
6.846994757652282715e-01
-1.222683191299438477e-01
1.645838916301727295e-01
7.819002866744995117e-01
-1.368187665939331055e-01
1.785585731267929077e-01
8.529542088508605957e-01
-1.263679414987564087e-01
1.257094740867614746e-01
8.184909224510192871e-01
-6.349542737007141113e-02
1.084435656666755676e-01
7.665123343467712402e-01
-1.146505102515220642e-01
1.330815255641937256e-01
8.293166160583496094e-01
-1.156663149595260620e-01
1.503392457962036133e-01
8.809609413146972656e-01
-1.035023108124732971e-01
