2.744678258895874023e-01
8.871430158615112305e-01
7.801932611073425505e-07
3.292939960956573486e-01
8.528748750686645508e-01
-4.006894677877426147e-02
3.562677502632141113e-01
7.848860621452331543e-01
-6.217200309038162231e-02
3.170154690742492676e-01
7.335805892944335938e-01
-8.419679105281829834e-02
2.691407799720764160e-01
6.950571537017822266e-01
-1.053345352411270142e-01
3.364896774291992188e-01
6.352947950363159180e-01
-3.888467326760292053e-02
3.437102437019348145e-01
5.263535976409912109e-01
-7.428850233554840088e-02
3.444063961505889893e-01
4.547278881072998047e-01
-9.620247036218643188e-02
3.417047858238220215e-01
3.892650306224822998e-01
-1.092017665505409241e-01
2.881997525691986084e-01
6.301795840263366699e-01
-4.454356431961059570e-02
3.008854091167449951e-01
5.072495341300964355e-01
-8.284487575292587280e-02
3.041552603244781494e-01
4.263794124126434326e-01
-1.030480712652206421e-01
3.055394291877746582e-01
3.540950417518615723e-01
-1.116917952895164490e-01
2.438838034868240356e-01
6.577205061912536621e-01
-5.473591014742851257e-02
2.344607859849929810e-01
5.809771418571472168e-01
-1.101988404989242554e-01
2.462396025657653809e-01
6.675902605056762695e-01
-1.122262701392173767e-01
2.575262188911437988e-01
7.331667542457580566e-01
-9.703983366489410400e-02
2.034324109554290771e-01
7.107753157615661621e-01
-6.777906417846679688e-02
1.924325823783874512e-01
6.644860506057739258e-01
-1.124119609594345093e-01
2.126977741718292236e-01
7.201417088508605957e-01
-1.081180498003959656e-01
2.313370108604431152e-01
7.681441903114318848e-01
-9.324221312999725342e-02
