6.111196875572204590e-01
1.028049230575561523e+00
1.380469029754749499e-06
5.396871566772460938e-01
9.998487234115600586e-01
-7.139414548873901367e-02
5.011898279190063477e-01
9.197819232940673828e-01
-1.190963536500930786e-01
5.715391635894775391e-01
8.680926561355590820e-01
-1.628608852624893188e-01
6.551306843757629395e-01
8.294628262519836426e-01
-2.031471580266952515e-01
5.061599016189575195e-01
7.071567773818969727e-01
-9.073381125926971436e-02
5.071994066238403320e-01
5.360138416290283203e-01
-1.512402147054672241e-01
5.149204134941101074e-01
4.298866391181945801e-01
-1.858609914779663086e-01
5.207182765007019043e-01
3.337367177009582520e-01
-2.057699710130691528e-01
5.750330686569213867e-01
6.861913800239562988e-01
-9.332746267318725586e-02
5.650138258934020996e-01
4.889591336250305176e-01
-1.521600931882858276e-01
5.657681822776794434e-01
3.703218102455139160e-01
-1.780046522617340088e-01
5.641372203826904297e-01
2.578705847263336182e-01
-1.873441040515899658e-01
6.414808034896850586e-01
7.147784829139709473e-01
-1.029810085892677307e-01
6.454572081565856934e-01
6.589468121528625488e-01
-1.781588643789291382e-01
6.327402591705322266e-01
7.904161214828491211e-01
-1.799183487892150879e-01
6.198624372482299805e-01
8.715181350708007812e-01
-1.581891477108001709e-01
7.014926075935363770e-01
7.733734250068664551e-01
-1.187120079994201660e-01
6.983186602592468262e-01
7.592760324478149414e-01
-1.725193709135055542e-01
6.739114522933959961e-01
8.462866544723510742e-01
-1.672608107328414917e-01
6.526927351951599121e-01
8.994488716125488281e-01
-1.496297568082809448e-01
