6.349380016326904297e-01
8.278263807296752930e-01
6.080551884224405512e-07
5.582267642021179199e-01
7.253700494766235352e-01
1.886659185402095318e-03
5.463922619819641113e-01
6.293496489524841309e-01
-1.406808197498321533e-02
5.451129674911499023e-01
5.667751431465148926e-01
-3.588506579399108887e-02
5.414783358573913574e-01
5.221172571182250977e-01
-5.893731117248535156e-02
6.371858716011047363e-01
5.358728766441345215e-01
-3.594741970300674438e-02
6.316011548042297363e-01
4.105159342288970947e-01
-7.415580004453659058e-02
6.397895812988281250e-01
3.269745111465454102e-01
-1.038061082363128662e-01
6.507190465927124023e-01
2.536925375461578369e-01
-1.243374049663543701e-01
6.511170864105224609e-01
5.625151395797729492e-01
-5.496854707598686218e-02
6.132571101188659668e-01
4.293115437030792236e-01
-8.713030815124511719e-02
6.060250997543334961e-01
3.784751296043395996e-01
-1.007460355758666992e-01
6.114134788513183594e-01
3.268654048442840576e-01
-1.112669557332992554e-01
6.443545818328857422e-01
6.042602062225341797e-01
-7.291875779628753662e-02
5.543215870857238770e-01
5.028061866760253906e-01
-1.013018488883972168e-01
5.343363285064697266e-01
5.603840947151184082e-01
-8.200884610414505005e-02
5.482205748558044434e-01
6.068130135536193848e-01
-6.374965608119964600e-02
6.223374605178833008e-01
6.554952859878540039e-01
-9.200806170701980591e-02
5.462571382522583008e-01
5.735879540443420410e-01
-1.125275418162345886e-01
5.283333063125610352e-01
6.112817525863647461e-01
-9.596094489097595215e-02
5.378223657608032227e-01
6.529302597045898438e-01
-7.927574962377548218e-02
