7.297957539558410645e-01
9.657920598983764648e-01
9.116560590882727411e-07
7.680734992027282715e-01
8.357602357864379883e-01
2.638325467705726624e-02
7.540788650512695312e-01
7.185370922088623047e-01
1.731700450181961060e-02
7.077809572219848633e-01
6.714375019073486328e-01
1.994117192225530744e-04
6.592561602592468262e-01
6.567853093147277832e-01
-2.060303650796413422e-02
7.684861421585083008e-01
6.637415289878845215e-01
-3.660420328378677368e-02
7.487218379974365234e-01
5.061751008033752441e-01
-6.663708388805389404e-02
7.452482581138610840e-01
4.161126315593719482e-01
-8.220545202493667603e-02
7.414159178733825684e-01
3.420961797237396240e-01
-8.908452838659286499e-02
7.207797765731811523e-01
6.842421293258666992e-01
-6.374907493591308594e-02
7.056266665458679199e-01
5.000081658363342285e-01
-8.806424587965011597e-02
7.009166479110717773e-01
3.901016712188720703e-01
-9.685128927230834961e-02
6.951364278793334961e-01
3.029787540435791016e-01
-1.029206663370132446e-01
6.654670238494873047e-01
7.178157567977905273e-01
-8.402068167924880981e-02
6.301511526107788086e-01
5.699645280838012695e-01
-9.461475908756256104e-02
6.405618190765380859e-01
6.126560568809509277e-01
-7.049805670976638794e-02
6.508745551109313965e-01
6.561741828918457031e-01
-5.016587302088737488e-02
6.162663698196411133e-01
7.614458799362182617e-01
-1.026696935296058655e-01
5.976178050041198730e-01
6.462747454643249512e-01
-9.821160137653350830e-02
6.135701537132263184e-01
6.783837676048278809e-01
-6.676872074604034424e-02
6.237335205078125000e-01
7.164368033409118652e-01
-4.132571443915367126e-02
