6.821867823600769043e-01
8.376516103744506836e-01
7.170792741817422211e-07
7.197829484939575195e-01
7.363087534904479980e-01
2.457153983414173126e-02
7.186979651451110840e-01
6.489611268043518066e-01
1.628218404948711395e-02
6.883645057678222656e-01
6.076023578643798828e-01
9.821915300562977791e-04
6.516868472099304199e-01
5.909035205841064453e-01
-1.779699511826038361e-02
7.386987805366516113e-01
6.144735813140869141e-01
-3.202888742089271545e-02
7.306944727897644043e-01
4.819109439849853516e-01
-5.743857845664024353e-02
7.332648038864135742e-01
4.093524217605590820e-01
-7.005518674850463867e-02
7.352663278579711914e-01
3.502327501773834229e-01
-7.526168227195739746e-02
7.001090049743652344e-01
6.225488185882568359e-01
-5.553588271141052246e-02
6.994937062263488770e-01
4.678272604942321777e-01
-7.620497047901153564e-02
7.040519714355468750e-01
3.804811835289001465e-01
-8.313175290822982788e-02
7.064577341079711914e-01
3.134051263332366943e-01
-8.711447566747665405e-02
6.534205675125122070e-01
6.397180557250976562e-01
-7.275649905204772949e-02
6.252216100692749023e-01
5.176413059234619141e-01
-8.124174177646636963e-02
6.268222332000732422e-01
5.483855605125427246e-01
-6.216230988502502441e-02
6.325687170028686523e-01
5.824552178382873535e-01
-4.575982317328453064e-02
6.085070371627807617e-01
6.657655835151672363e-01
-8.828601986169815063e-02
5.926634669303894043e-01
5.734323263168334961e-01
-8.433041721582412720e-02
5.989481210708618164e-01
5.980755686759948730e-01
-5.894378945231437683e-02
6.042422056198120117e-01
6.286075115203857422e-01
-3.812386468052864075e-02
