5.848447084426879883e-01
9.243332147598266602e-01
8.824483188618614804e-07
6.227828264236450195e-01
8.106113672256469727e-01
5.297244992107152939e-03
6.072864532470703125e-01
7.091862559318542480e-01
-2.615107921883463860e-03
5.638481378555297852e-01
6.557545065879821777e-01
-1.132868509739637375e-02
5.210385322570800781e-01
6.356608867645263672e-01
-2.175096981227397919e-02
5.918232202529907227e-01
6.727457642555236816e-01
-4.147602245211601257e-02
5.725829005241394043e-01
5.244988203048706055e-01
-5.934476479887962341e-02
5.629008412361145020e-01
4.486890435218811035e-01
-6.538859754800796509e-02
5.504528880119323730e-01
3.864247202873229980e-01
-6.511100381612777710e-02
5.400833487510681152e-01
6.869707703590393066e-01
-4.932862147688865662e-02
5.267397165298461914e-01
5.259160399436950684e-01
-5.822405591607093811e-02
5.217123031616210938e-01
4.305984973907470703e-01
-5.627570301294326782e-02
5.124246478080749512e-01
3.602390885353088379e-01
-5.446132645010948181e-02
4.923937618732452393e-01
7.125951051712036133e-01
-5.277334526181221008e-02
4.856274127960205078e-01
5.898640751838684082e-01
-5.316968262195587158e-02
5.081047415733337402e-01
6.116883754730224609e-01
-3.782158717513084412e-02
5.194561481475830078e-01
6.523111462593078613e-01
-2.527633681893348694e-02
4.576846063137054443e-01
7.423074841499328613e-01
-5.601719021797180176e-02
4.652252197265625000e-01
6.545489430427551270e-01
-4.629706218838691711e-02
4.860249757766723633e-01
6.682684421539306641e-01
-2.476890198886394501e-02
4.943769276142120361e-01
6.986746788024902344e-01
-7.526202592998743057e-03
