4.818817377090454102e-01
9.253700375556945801e-01
8.281778605123690795e-07
5.116094946861267090e-01
8.286752700805664062e-01
-2.820690628141164780e-03
4.978311359882354736e-01
7.353416681289672852e-01
-6.958587560802698135e-03
4.493309855461120605e-01
6.925879716873168945e-01
-9.301468729972839355e-03
4.074169993400573730e-01
6.939173936843872070e-01
-1.145665813237428665e-02
4.495865106582641602e-01
7.009934186935424805e-01
-3.182277828454971313e-02
4.167716205120086670e-01
5.709148049354553223e-01
-4.173991829156875610e-02
3.971787989139556885e-01
5.072304606437683105e-01
-4.160168766975402832e-02
3.780183494091033936e-01
4.610464572906494141e-01
-3.673510998487472534e-02
4.012010097503662109e-01
7.228195667266845703e-01
-3.220437467098236084e-02
3.770646750926971436e-01
5.820499658584594727e-01
-3.764246031641960144e-02
3.625671565532684326e-01
4.971851706504821777e-01
-3.549729287624359131e-02
3.493214845657348633e-01
4.422705471515655518e-01
-3.092257864773273468e-02
3.651839494705200195e-01
7.532970309257507324e-01
-2.946261875331401825e-02
3.703146874904632568e-01
6.624723076820373535e-01
-2.895188704133033752e-02
3.930161297321319580e-01
6.686093211174011230e-01
-2.109182439744472504e-02
4.088667333126068115e-01
6.981082558631896973e-01
-1.194401830434799194e-02
3.433021008968353271e-01
7.830001711845397949e-01
-2.682148106396198273e-02
3.615523874759674072e-01
7.168796658515930176e-01
-1.604808680713176727e-02
3.818956017494201660e-01
7.224686741828918457e-01
7.339228614000603557e-05
3.930067121982574463e-01
7.468638420104980469e-01
1.439537666738033295e-02
