7.437080144882202148e-01
9.688382744789123535e-01
7.577230576316651423e-07
7.752013802528381348e-01
8.571482300758361816e-01
2.816188521683216095e-02
7.676646113395690918e-01
7.593474388122558594e-01
1.996761374175548553e-02
7.292375564575195312e-01
7.109618186950683594e-01
4.510403610765933990e-03
6.893898248672485352e-01
6.913348436355590820e-01
-1.341200433671474457e-02
7.843567728996276855e-01
7.101939916610717773e-01
-3.579135611653327942e-02
7.655599117279052734e-01
5.718540549278259277e-01
-6.564188003540039062e-02
7.614869475364685059e-01
4.906004071235656738e-01
-8.221101015806198120e-02
7.583995461463928223e-01
4.262675046920776367e-01
-9.015641361474990845e-02
7.431951165199279785e-01
7.325405478477478027e-01
-6.131815910339355469e-02
7.290192246437072754e-01
5.680866241455078125e-01
-8.839615434408187866e-02
7.250709533691406250e-01
4.703776538372039795e-01
-9.953425824642181396e-02
7.210270166397094727e-01
3.959209322929382324e-01
-1.067885458469390869e-01
6.943848729133605957e-01
7.613090276718139648e-01
-7.936329394578933716e-02
6.608024835586547852e-01
6.235010623931884766e-01
-8.827541023492813110e-02
6.658400893211364746e-01
6.607319116592407227e-01
-6.214272975921630859e-02
6.743950247764587402e-01
6.982229948043823242e-01
-4.088316112756729126e-02
6.504244804382324219e-01
7.963316440582275391e-01
-9.578803181648254395e-02
6.295224428176879883e-01
6.895052194595336914e-01
-8.881102502346038818e-02
6.400255560874938965e-01
7.162622809410095215e-01
-5.738553032279014587e-02
6.487178802490234375e-01
7.487757802009582520e-01
-3.217042610049247742e-02
