5.634322762489318848e-01
9.714339971542358398e-01
8.185303386198938824e-07
5.938495397567749023e-01
8.618761301040649414e-01
2.026172587648034096e-03
5.730866193771362305e-01
7.669304013252258301e-01
-4.197967704385519028e-03
5.310283303260803223e-01
7.129659056663513184e-01
-9.788134135305881500e-03
4.962607622146606445e-01
6.958827376365661621e-01
-1.620914228260517120e-02
5.467870235443115234e-01
7.397403717041015625e-01
-4.361401870846748352e-02
5.089214444160461426e-01
5.980266928672790527e-01
-5.877908319234848022e-02
4.878555834293365479e-01
5.278418660163879395e-01
-6.252881884574890137e-02
4.648127257823944092e-01
4.752229750156402588e-01
-6.114963814616203308e-02
4.971608519554138184e-01
7.651984095573425293e-01
-4.868104681372642517e-02
4.661709666252136230e-01
6.138792037963867188e-01
-5.681610107421875000e-02
4.476558268070220947e-01
5.232831239700317383e-01
-5.425160005688667297e-02
4.275164902210235596e-01
4.606131017208099365e-01
-5.171643942594528198e-02
4.561620652675628662e-01
7.987453937530517578e-01
-4.958255961537361145e-02
4.416950345039367676e-01
6.838950514793395996e-01
-4.878792166709899902e-02
4.636097848415374756e-01
6.814162731170654297e-01
-3.670812770724296570e-02
4.792298376560211182e-01
7.064973115921020508e-01
-2.695802599191665649e-02
4.278054833412170410e-01
8.328349590301513672e-01
-5.041501671075820923e-02
4.298991560935974121e-01
7.402719259262084961e-01
-4.120519757270812988e-02
4.488957226276397705e-01
7.368149757385253906e-01
-2.324832417070865631e-02
4.606023728847503662e-01
7.572425603866577148e-01
-8.859488181769847870e-03
