6.896427273750305176e-01
8.871024250984191895e-01
6.873246434224711265e-07
7.180304527282714844e-01
7.768169641494750977e-01
2.955650724470615387e-02
7.072427272796630859e-01
6.907530426979064941e-01
2.642420306801795959e-02
6.740377545356750488e-01
6.512531638145446777e-01
1.502658054232597351e-02
6.385892629623413086e-01
6.388010978698730469e-01
7.925570826046168804e-04
7.151327133178710938e-01
6.377356052398681641e-01
-1.598003506660461426e-02
6.926000118255615234e-01
5.121484994888305664e-01
-3.661156073212623596e-02
6.852998137474060059e-01
4.391158223152160645e-01
-4.780421406030654907e-02
6.784507036209106445e-01
3.822480738162994385e-01
-5.239495262503623962e-02
6.759002804756164551e-01
6.489130854606628418e-01
-3.946198523044586182e-02
6.578434109687805176e-01
5.051547288894653320e-01
-5.589329451322555542e-02
6.513684391975402832e-01
4.189306199550628662e-01
-6.157442182302474976e-02
6.449533104896545410e-01
3.554443120956420898e-01
-6.465984880924224854e-02
6.314678192138671875e-01
6.739218235015869141e-01
-5.696789175271987915e-02
6.010286808013916016e-01
5.691007375717163086e-01
-5.833631381392478943e-02
6.102900505065917969e-01
5.979062914848327637e-01
-3.711734339594841003e-02
6.181832551956176758e-01
6.294109821319580078e-01
-2.043119445443153381e-02
5.921885371208190918e-01
7.103385329246520996e-01
-7.307603210210800171e-02
5.781098008155822754e-01
6.302122473716735840e-01
-6.250778585672378540e-02
5.911455154418945312e-01
6.521114706993103027e-01
-3.528884053230285645e-02
5.993825793266296387e-01
6.792580485343933105e-01
-1.364739425480365753e-02
