5.960285067558288574e-01
9.185479879379272461e-01
7.839082059035717975e-07
6.209625005722045898e-01
7.998651266098022461e-01
1.872881129384040833e-02
5.988137125968933105e-01
7.054214477539062500e-01
1.377078890800476074e-02
5.561728477478027344e-01
6.581225395202636719e-01
4.469408188015222549e-03
5.139065980911254883e-01
6.439856886863708496e-01
-7.511283736675977707e-03
5.899004340171813965e-01
6.565560102462768555e-01
-2.903443574905395508e-02
5.526256561279296875e-01
5.208272933959960938e-01
-4.621119797229766846e-02
5.344879031181335449e-01
4.488764405250549316e-01
-5.529350414872169495e-02
5.159316658973693848e-01
3.902613520622253418e-01
-5.853813141584396362e-02
5.413525104522705078e-01
6.776492595672607422e-01
-4.383506998419761658e-02
5.108294486999511719e-01
5.231446027755737305e-01
-5.015277490019798279e-02
4.976229369640350342e-01
4.341707825660705566e-01
-4.916813224554061890e-02
4.829949736595153809e-01
3.684152662754058838e-01
-4.993752762675285339e-02
4.937092065811157227e-01
7.108635902404785156e-01
-5.331084132194519043e-02
4.658794701099395752e-01
5.869779586791992188e-01
-4.760378599166870117e-02
4.864323735237121582e-01
6.063217520713806152e-01
-2.827037870883941650e-02
5.007198452949523926e-01
6.434279680252075195e-01
-1.560910977423191071e-02
4.575141966342926025e-01
7.495086193084716797e-01
-6.216413527727127075e-02
4.496104717254638672e-01
6.584835052490234375e-01
-4.905508831143379211e-02
4.694352447986602783e-01
6.677886843681335449e-01
-2.541433461010456085e-02
4.811620116233825684e-01
6.929667592048645020e-01
-7.862864993512630463e-03
