6.827315092086791992e-01
9.952917098999023438e-01
9.839906169872847386e-07
7.235559225082397461e-01
8.614724278450012207e-01
2.746608108282089233e-02
7.116370797157287598e-01
7.467129230499267578e-01
1.434560213238000870e-02
6.657547950744628906e-01
6.934164762496948242e-01
-5.461594555526971817e-03
6.158136725425720215e-01
6.758534312248229980e-01
-2.866820618510246277e-02
7.248586416244506836e-01
6.979708671569824219e-01
-5.541244521737098694e-02
6.935015320777893066e-01
5.242180824279785156e-01
-8.973775804042816162e-02
6.834726929664611816e-01
4.269874095916748047e-01
-1.047915071249008179e-01
6.743292808532714844e-01
3.486737608909606934e-01
-1.102000176906585693e-01
6.710855960845947266e-01
7.279623150825500488e-01
-8.303786814212799072e-02
6.417949199676513672e-01
5.205521583557128906e-01
-1.166784465312957764e-01
6.324928998947143555e-01
4.000068306922912598e-01
-1.254392266273498535e-01
6.231471300125122070e-01
3.097513318061828613e-01
-1.290807127952575684e-01
6.098108887672424316e-01
7.664794325828552246e-01
-1.015905365347862244e-01
5.751175880432128906e-01
5.994139909744262695e-01
-1.143952086567878723e-01
5.908275246620178223e-01
6.376968026161193848e-01
-8.147466182708740234e-02
6.021596193313598633e-01
6.820301413536071777e-01
-5.319161340594291687e-02
5.587232112884521484e-01
8.119111657142639160e-01
-1.181850731372833252e-01
5.422551035881042480e-01
6.775701045989990234e-01
-1.087924614548683167e-01
5.607587695121765137e-01
7.041699886322021484e-01
-6.785920262336730957e-02
5.703850388526916504e-01
7.430744171142578125e-01
-3.490364551544189453e-02
