3.381465077400207520e-01
1.052813768386840820e+00
1.114186943595996127e-06
3.847801387310028076e-01
9.572134017944335938e-01
-1.622367650270462036e-03
4.152027368545532227e-01
8.715428113937377930e-01
-2.893939055502414703e-02
4.489145874977111816e-01
8.196663856506347656e-01
-6.618896871805191040e-02
4.589419662952423096e-01
8.199438452720642090e-01
-9.944996982812881470e-02
3.564865291118621826e-01
7.546364665031433105e-01
-3.897959366440773010e-02
3.834504783153533936e-01
6.447434425354003906e-01
-8.065591007471084595e-02
4.009792804718017578e-01
5.719062685966491699e-01
-1.092493385076522827e-01
4.080376923084259033e-01
5.100494623184204102e-01
-1.314685642719268799e-01
3.232980072498321533e-01
7.950986623764038086e-01
-7.168623805046081543e-02
3.635545969009399414e-01
6.668455600738525391e-01
-1.358081549406051636e-01
3.958413600921630859e-01
5.748838782310485840e-01
-1.749175637960433960e-01
4.177469015121459961e-01
5.028554201126098633e-01
-1.984093040227890015e-01
3.087375760078430176e-01
8.586996197700500488e-01
-1.012555360794067383e-01
4.059410095214843750e-01
7.794686555862426758e-01
-1.483842134475708008e-01
4.438264369964599609e-01
8.410608768463134766e-01
-1.300081908702850342e-01
4.394782781600952148e-01
8.901518583297729492e-01
-1.078094914555549622e-01
3.183528482913970947e-01
9.205222129821777344e-01
-1.340044736862182617e-01
4.132536947727203369e-01
8.742275238037109375e-01
-1.609193682670593262e-01
4.423179030418395996e-01
9.059619307518005371e-01
-1.431874483823776245e-01
4.269837439060211182e-01
9.345521926879882812e-01
-1.242829412221908569e-01
