1.375589072704315186e-01
9.511137008666992188e-01
1.140899144047580194e-06
1.916478574275970459e-01
8.984968066215515137e-01
-7.972946017980575562e-02
1.967435330152511597e-01
8.167228698730468750e-01
-1.183583438396453857e-01
1.185688525438308716e-01
7.765774726867675781e-01
-1.500688344240188599e-01
4.515846073627471924e-02
7.399592995643615723e-01
-1.795957684516906738e-01
1.569798737764358521e-01
6.412376761436462402e-01
-7.617677748203277588e-02
1.417148411273956299e-01
5.019900798797607422e-01
-1.235708668828010559e-01
1.246491670608520508e-01
4.120627045631408691e-01
-1.562053859233856201e-01
1.093777418136596680e-01
3.287548124790191650e-01
-1.795425713062286377e-01
9.542794525623321533e-02
6.407539844512939453e-01
-6.959727406501770020e-02
8.264428377151489258e-02
4.848865866661071777e-01
-1.220592334866523743e-01
6.764908879995346069e-02
3.804857730865478516e-01
-1.599281132221221924e-01
5.559900403022766113e-02
2.813641726970672607e-01
-1.839387714862823486e-01
4.275026172399520874e-02
6.792405843734741211e-01
-7.086025923490524292e-02
4.297807812690734863e-03
5.738411545753479004e-01
-1.478258967399597168e-01
1.726408675312995911e-02
6.646193265914916992e-01
-1.710035055875778198e-01
3.333725780248641968e-02
7.392714619636535645e-01
-1.687349230051040649e-01
-2.613812685012817383e-04
7.413187623023986816e-01
-7.727445662021636963e-02
-4.090750962495803833e-02
6.814744472503662109e-01
-1.442931592464447021e-01
-1.976053416728973389e-02
7.332564592361450195e-01
-1.594643890857696533e-01
2.826616168022155762e-03
7.840390801429748535e-01
-1.582419127225875854e-01
