3.557527661323547363e-01
9.636199474334716797e-01
9.834583352130721323e-07
4.333781301975250244e-01
9.354086518287658691e-01
-4.708725959062576294e-02
4.907281994819641113e-01
8.676467537879943848e-01
-7.738627493381500244e-02
4.639689028263092041e-01
8.070232868194580078e-01
-1.100384369492530823e-01
3.976358175277709961e-01
7.635687589645385742e-01
-1.415954828262329102e-01
4.630648493766784668e-01
6.497937440872192383e-01
-4.401852935552597046e-02
4.777812361717224121e-01
4.971435666084289551e-01
-8.990062773227691650e-02
4.780095219612121582e-01
4.019899368286132812e-01
-1.188104301691055298e-01
4.731473624706268311e-01
3.136759996414184570e-01
-1.367048323154449463e-01
4.021170139312744141e-01
6.401598453521728516e-01
-5.735588073730468750e-02
4.198632836341857910e-01
4.716767370700836182e-01
-1.097430586814880371e-01
4.246199131011962891e-01
3.635232150554656982e-01
-1.402126103639602661e-01
4.250915646553039551e-01
2.661260068416595459e-01
-1.547732651233673096e-01
3.446605205535888672e-01
6.708213090896606445e-01
-7.615553587675094604e-02
3.424989581108093262e-01
5.578853487968444824e-01
-1.538045257329940796e-01
3.591842949390411377e-01
6.771628260612487793e-01
-1.589534580707550049e-01
3.722220361232757568e-01
7.667106389999389648e-01
-1.395200788974761963e-01
2.878175675868988037e-01
7.358788847923278809e-01
-9.804398566484451294e-02
2.876266837120056152e-01
6.697246432304382324e-01
-1.601767688989639282e-01
3.166126608848571777e-01
7.464621663093566895e-01
-1.559594422578811646e-01
3.396827280521392822e-01
8.117850422859191895e-01
-1.370328366756439209e-01
