2.704181075096130371e-01
9.946189522743225098e-01
1.139548089668096509e-06
3.559514880180358887e-01
9.584175348281860352e-01
-5.687858909368515015e-02
4.055610895156860352e-01
8.760942220687866211e-01
-9.442360699176788330e-02
3.507981896400451660e-01
8.065396547317504883e-01
-1.337326020002365112e-01
2.599206566810607910e-01
7.628919482231140137e-01
-1.746046394109725952e-01
3.741728365421295166e-01
6.424553394317626953e-01
-7.247258722782135010e-02
3.870780766010284424e-01
4.646936058998107910e-01
-1.296131163835525513e-01
3.863350152969360352e-01
3.547160029411315918e-01
-1.657975912094116211e-01
3.785073757171630859e-01
2.479877471923828125e-01
-1.898359060287475586e-01
2.981445193290710449e-01
6.258912682533264160e-01
-8.661536872386932373e-02
3.202071785926818848e-01
4.252743721008300781e-01
-1.499810814857482910e-01
3.206498622894287109e-01
2.959918081760406494e-01
-1.867380291223526001e-01
3.152327239513397217e-01
1.766062080860137939e-01
-2.072918117046356201e-01
2.307096123695373535e-01
6.596226096153259277e-01
-1.054039672017097473e-01
2.122481018304824829e-01
5.203053355216979980e-01
-1.895079016685485840e-01
2.283635586500167847e-01
6.623898148536682129e-01
-1.894301921129226685e-01
2.461605519056320190e-01
7.693235874176025391e-01
-1.671956330537796021e-01
1.677510887384414673e-01
7.389032840728759766e-01
-1.282056421041488647e-01
1.412847340106964111e-01
6.514964699745178223e-01
-1.944356560707092285e-01
1.721874773502349854e-01
7.391368150711059570e-01
-1.845646053552627563e-01
2.052685022354125977e-01
8.198482990264892578e-01
-1.621562391519546509e-01
