3.050298690795898438e-01
8.550234436988830566e-01
8.642796274216379970e-07
3.685538172721862793e-01
8.346750736236572266e-01
-4.586666449904441833e-02
4.113241136074066162e-01
7.777086496353149414e-01
-7.526409626007080078e-02
3.800935149192810059e-01
7.262007594108581543e-01
-1.048736125230789185e-01
3.225927650928497314e-01
6.842866539955139160e-01
-1.345964670181274414e-01
3.931657969951629639e-01
5.993408560752868652e-01
-5.266339331865310669e-02
4.035833179950714111e-01
4.750569760799407959e-01
-9.428072720766067505e-02
4.029289186000823975e-01
3.956560492515563965e-01
-1.199686229228973389e-01
3.983315825462341309e-01
3.193995058536529541e-01
-1.359268128871917725e-01
3.400526940822601318e-01
5.863032937049865723e-01
-6.079740449786186218e-02
3.592615425586700439e-01
4.453922510147094727e-01
-1.059776991605758667e-01
3.637576699256896973e-01
3.549313545227050781e-01
-1.308278590440750122e-01
3.653661012649536133e-01
2.715930640697479248e-01
-1.429344713687896729e-01
2.898342609405517578e-01
6.077889800071716309e-01
-7.317185401916503906e-02
2.872215211391448975e-01
5.108664035797119141e-01
-1.378128230571746826e-01
2.934633195400238037e-01
6.121883392333984375e-01
-1.396659165620803833e-01
3.008399903774261475e-01
6.898508667945861816e-01
-1.226000562310218811e-01
2.414697706699371338e-01
6.575344204902648926e-01
-8.866055309772491455e-02
2.328953295946121216e-01
6.007742881774902344e-01
-1.408328413963317871e-01
2.528325915336608887e-01
6.673275828361511230e-01
-1.356251537799835205e-01
2.727075815200805664e-01
7.272764444351196289e-01
-1.187621429562568665e-01
