3.130530118942260742e-01
1.131356954574584961e+00
9.988633564717019908e-07
3.887735903263092041e-01
1.081342577934265137e+00
-5.270305275917053223e-02
4.220636487007141113e-01
9.861816167831420898e-01
-7.938095182180404663e-02
3.786738514900207520e-01
9.152229428291320801e-01
-1.061002612113952637e-01
3.094940185546875000e-01
8.663891553878784180e-01
-1.310292035341262817e-01
3.826060295104980469e-01
7.994118928909301758e-01
-4.511113092303276062e-02
3.786973357200622559e-01
6.549515724182128906e-01
-8.752070367336273193e-02
3.666771054267883301e-01
5.634531974792480469e-01
-1.135848388075828552e-01
3.529349267482757568e-01
4.790213108062744141e-01
-1.299941241741180420e-01
3.210253417491912842e-01
7.975118756294250488e-01
-5.217081680893898010e-02
3.209275007247924805e-01
6.361657381057739258e-01
-1.014452874660491943e-01
3.154805302619934082e-01
5.295094847679138184e-01
-1.300733685493469238e-01
3.092899024486541748e-01
4.341268837451934814e-01
-1.434412896633148193e-01
2.672219872474670410e-01
8.389474153518676758e-01
-6.508693844079971313e-02
2.524008452892303467e-01
7.358868718147277832e-01
-1.396263539791107178e-01
2.740153670310974121e-01
8.477592468261718750e-01
-1.445478498935699463e-01
2.916484177112579346e-01
9.306423664093017578e-01
-1.257430613040924072e-01
2.195934802293777466e-01
9.140441417694091797e-01
-8.150874823331832886e-02
2.105207741260528564e-01
8.548752069473266602e-01
-1.433762609958648682e-01
2.420511394739151001e-01
9.247997999191284180e-01
-1.410980671644210815e-01
2.674302756786346436e-01
9.839134812355041504e-01
-1.237280070781707764e-01
