7.505008578300476074e-01
1.196835637092590332e+00
1.539534537187137175e-06
6.739451885223388672e-01
1.153121113777160645e+00
-7.751714438199996948e-02
6.474646925926208496e-01
1.043837308883666992e+00
-1.205043569207191467e-01
7.308238744735717773e-01
9.829134941101074219e-01
-1.597008854150772095e-01
8.188085556030273438e-01
9.539944529533386230e-01
-1.937821209430694580e-01
6.440219283103942871e-01
8.014256954193115234e-01
-8.590888231992721558e-02
6.560900211334228516e-01
6.104260087013244629e-01
-1.483301073312759399e-01
6.632865667343139648e-01
4.853855967521667480e-01
-1.866313219070434570e-01
6.689207553863525391e-01
3.761487901210784912e-01
-2.101290076971054077e-01
7.245819568634033203e-01
7.841604948043823242e-01
-9.082800894975662231e-02
7.200055718421936035e-01
5.746344327926635742e-01
-1.570213884115219116e-01
7.198898196220397949e-01
4.298857450485229492e-01
-1.945284008979797363e-01
7.197539210319519043e-01
2.928012013435363770e-01
-2.117151468992233276e-01
7.994582653045654297e-01
8.249621391296386719e-01
-1.032807826995849609e-01
8.311864137649536133e-01
7.627246379852294922e-01
-1.860127747058868408e-01
8.163432478904724121e-01
9.057778716087341309e-01
-1.887552291154861450e-01
7.965189218521118164e-01
9.985537528991699219e-01
-1.649716794490814209e-01
8.650074601173400879e-01
9.003134369850158691e-01
-1.231332495808601379e-01
8.844439387321472168e-01
8.828989267349243164e-01
-1.833164095878601074e-01
8.592380881309509277e-01
9.690582752227783203e-01
-1.776422262191772461e-01
8.339233398437500000e-01
1.028369784355163574e+00
-1.572387218475341797e-01
