7.408725619316101074e-01
9.662075042724609375e-01
9.436078016733517870e-07
7.955129146575927734e-01
8.643043041229248047e-01
1.976473815739154816e-02
7.968933582305908203e-01
7.584874629974365234e-01
6.897482555359601974e-03
7.606534361839294434e-01
7.035783529281616211e-01
-1.098636444658041000e-02
7.187651991844177246e-01
6.779444217681884766e-01
-3.237068653106689453e-02
8.166427612304687500e-01
7.261531949043273926e-01
-5.120002478361129761e-02
8.167648911476135254e-01
5.639398694038391113e-01
-7.830716669559478760e-02
8.240491151809692383e-01
4.794377684593200684e-01
-8.799420297145843506e-02
8.281254768371582031e-01
4.111372232437133789e-01
-8.948697149753570557e-02
7.632367014884948730e-01
7.360934019088745117e-01
-7.270697504281997681e-02
7.710346579551696777e-01
5.491269230842590332e-01
-9.576935321092605591e-02
7.825751304626464844e-01
4.449397325515747070e-01
-1.000600159168243408e-01
7.876818180084228516e-01
3.666564524173736572e-01
-1.011511981487274170e-01
7.028601169586181641e-01
7.519586086273193359e-01
-8.663959056138992310e-02
6.978309154510498047e-01
6.140370368957519531e-01
-9.577393531799316406e-02
7.083278894424438477e-01
6.555038094520568848e-01
-7.115159183740615845e-02
7.103692889213562012e-01
6.995726823806762695e-01
-4.977851733565330505e-02
6.493239402770996094e-01
7.740534543991088867e-01
-9.881194680929183960e-02
6.580860614776611328e-01
6.718339920043945312e-01
-9.027384966611862183e-02
6.730191707611083984e-01
7.041341662406921387e-01
-5.660895258188247681e-02
6.749834418296813965e-01
7.412205338478088379e-01
-2.979678288102149963e-02
