3.304046690464019775e-01
1.096511363983154297e+00
1.174060571429436095e-06
4.092615842819213867e-01
1.051212430000305176e+00
-5.202443152666091919e-02
4.561083614826202393e-01
9.548996686935424805e-01
-8.178788423538208008e-02
4.127643108367919922e-01
8.947675228118896484e-01
-1.128697693347930908e-01
3.365308344364166260e-01
8.633431196212768555e-01
-1.431271880865097046e-01
4.078863263130187988e-01
7.441250681877136230e-01
-4.956882819533348083e-02
4.129525125026702881e-01
5.863849520683288574e-01
-9.665369242429733276e-02
4.066466391086578369e-01
4.869171977043151855e-01
-1.255795657634735107e-01
3.959084153175354004e-01
3.952435553073883057e-01
-1.439061164855957031e-01
3.415510654449462891e-01
7.414099574089050293e-01
-6.214465945959091187e-02
3.555275797843933105e-01
5.636960268020629883e-01
-1.155534759163856506e-01
3.571503460407257080e-01
4.494287967681884766e-01
-1.464574784040451050e-01
3.529555797576904297e-01
3.443815112113952637e-01
-1.610732078552246094e-01
2.827131152153015137e-01
7.831722497940063477e-01
-8.053838461637496948e-02
2.737668156623840332e-01
6.658133864402770996e-01
-1.627055108547210693e-01
2.968374192714691162e-01
7.915530204772949219e-01
-1.689164340496063232e-01
3.152570128440856934e-01
8.853817582130432129e-01
-1.488310098648071289e-01
2.293257117271423340e-01
8.632971644401550293e-01
-1.022659987211227417e-01
2.238181829452514648e-01
8.059028983116149902e-01
-1.704621165990829468e-01
2.598124146461486816e-01
8.824542760848999023e-01
-1.685441285371780396e-01
2.891490459442138672e-01
9.467850923538208008e-01
-1.499761044979095459e-01
