3.466520905494689941e-01
1.009034276008605957e+00
9.473858995079353917e-07
4.059923887252807617e-01
9.653526544570922852e-01
-4.445015266537666321e-02
4.379266798496246338e-01
8.811422586441040039e-01
-6.879710406064987183e-02
3.964593410491943359e-01
8.284855484962463379e-01
-9.373521059751510620e-02
3.384292721748352051e-01
7.956060171127319336e-01
-1.176859289407730103e-01
3.968245089054107666e-01
7.112678885459899902e-01
-4.446724057197570801e-02
4.007650613784790039e-01
5.829999446868896484e-01
-8.504974097013473511e-02
3.970433473587036133e-01
4.998241662979125977e-01
-1.095496788620948792e-01
3.890284597873687744e-01
4.238623678684234619e-01
-1.241490244865417480e-01
3.417937159538269043e-01
7.118543982505798340e-01
-5.304341763257980347e-02
3.472447991371154785e-01
5.623784065246582031e-01
-9.675544500350952148e-02
3.465578854084014893e-01
4.681174159049987793e-01
-1.200007647275924683e-01
3.426453173160552979e-01
3.849682509899139404e-01
-1.299361437559127808e-01
2.937100529670715332e-01
7.510877251625061035e-01
-6.650603562593460083e-02
2.841593325138092041e-01
6.611230969429016113e-01
-1.319574564695358276e-01
3.088549673557281494e-01
7.608669400215148926e-01
-1.347024142742156982e-01
3.274145126342773438e-01
8.363491892814636230e-01
-1.168293803930282593e-01
2.525925636291503906e-01
8.200430870056152344e-01
-8.307053148746490479e-02
2.461878806352615356e-01
7.710068225860595703e-01
-1.363076418638229370e-01
2.782694101333618164e-01
8.310582637786865234e-01
-1.321974247694015503e-01
3.036984503269195557e-01
8.823434114456176758e-01
-1.152280643582344055e-01
