4.518803954124450684e-01
9.181421995162963867e-01
7.343889478761411738e-07
5.194439888000488281e-01
8.715323209762573242e-01
-3.585670888423919678e-02
5.611381530761718750e-01
7.957557439804077148e-01
-5.783797800540924072e-02
5.463085770606994629e-01
7.297022342681884766e-01
-8.238046616315841675e-02
5.089843869209289551e-01
6.738910079002380371e-01
-1.049194633960723877e-01
5.376914143562316895e-01
6.143983006477355957e-01
-3.457418456673622131e-02
5.490367412567138672e-01
4.835515618324279785e-01
-7.254301756620407104e-02
5.491702556610107422e-01
4.028183817863464355e-01
-9.630045294761657715e-02
5.454704165458679199e-01
3.290225565433502197e-01
-1.105226278305053711e-01
4.869728386402130127e-01
6.075708866119384766e-01
-4.536352306604385376e-02
4.981772303581237793e-01
4.585659205913543701e-01
-8.779048174619674683e-02
5.060503482818603516e-01
3.671300411224365234e-01
-1.118630245327949524e-01
5.106936097145080566e-01
2.877952158451080322e-01
-1.230343878269195557e-01
4.368785917758941650e-01
6.375489234924316406e-01
-6.045645847916603088e-02
4.483252167701721191e-01
5.382344126701354980e-01
-1.219277009367942810e-01
4.700748920440673828e-01
6.358442902565002441e-01
-1.249362528324127197e-01
4.817790985107421875e-01
7.120472192764282227e-01
-1.084435954689979553e-01
3.914118409156799316e-01
6.967633366584777832e-01
-7.803273946046829224e-02
4.096044301986694336e-01
6.385700106620788574e-01
-1.270163655281066895e-01
4.379771351814270020e-01
6.969844102859497070e-01
-1.235883459448814392e-01
4.545636475086212158e-01
7.499361038208007812e-01
-1.079147979617118835e-01
