1.187368780374526978e-01
6.809363365173339844e-01
1.101640009437687695e-06
1.760025620460510254e-01
5.694015622138977051e-01
5.940520786680281162e-04
2.704094052314758301e-01
5.271344780921936035e-01
-1.536506321281194687e-02
3.427915573120117188e-01
5.533977150917053223e-01
-3.435280919075012207e-02
3.941597044467926025e-01
5.902720689773559570e-01
-5.240482464432716370e-02
2.955808341503143311e-01
4.684925675392150879e-01
-4.518136754631996155e-02
4.254542291164398193e-01
4.865398406982421875e-01
-6.992194801568984985e-02
4.981878399848937988e-01
4.986163973808288574e-01
-8.366788178682327271e-02
5.536326169967651367e-01
5.074888467788696289e-01
-9.071004390716552734e-02
2.947608828544616699e-01
5.458184480667114258e-01
-6.086425110697746277e-02
4.321308135986328125e-01
5.481470823287963867e-01
-8.275931328535079956e-02
5.174349546432495117e-01
5.538856983184814453e-01
-9.293962270021438599e-02
5.839242339134216309e-01
5.582587718963623047e-01
-1.013639271259307861e-01
2.930400669574737549e-01
6.286480426788330078e-01
-7.274029403924942017e-02
4.050452113151550293e-01
6.368978023529052734e-01
-8.672232180833816528e-02
3.778546452522277832e-01
6.333013772964477539e-01
-7.226043939590454102e-02
3.398635685443878174e-01
6.255803108215332031e-01
-5.954350903630256653e-02
2.915314137935638428e-01
7.046578526496887207e-01
-8.531925827264785767e-02
3.832287788391113281e-01
6.900554895401000977e-01
-8.463883399963378906e-02
3.637987077236175537e-01
6.816771030426025391e-01
-6.194196641445159912e-02
3.314223587512969971e-01
6.764911413192749023e-01
-4.365661367774009705e-02
