2.577149569988250732e-01
9.086630940437316895e-01
7.821749932190869004e-07
3.148362934589385986e-01
7.911068201065063477e-01
1.567329978570342064e-03
4.209972620010375977e-01
7.507630586624145508e-01
-6.821966264396905899e-03
5.099847316741943359e-01
7.810100317001342773e-01
-1.657897233963012695e-02
5.689519643783569336e-01
8.223019242286682129e-01
-2.411865815520286560e-02
4.489923119544982910e-01
7.004414796829223633e-01
-3.292063251137733459e-02
5.731297731399536133e-01
6.973871588706970215e-01
-4.893240332603454590e-02
6.394054889678955078e-01
7.037371397018432617e-01
-5.710400640964508057e-02
6.925252079963684082e-01
7.105598449707031250e-01
-6.257049739360809326e-02
4.617867469787597656e-01
7.798528075218200684e-01
-4.558204114437103271e-02
5.909302234649658203e-01
7.602549791336059570e-01
-5.732900276780128479e-02
6.652728915214538574e-01
7.515655755996704102e-01
-6.422871351242065430e-02
7.258064746856689453e-01
7.462073564529418945e-01
-7.259987294673919678e-02
4.685729444026947021e-01
8.639291524887084961e-01
-5.486445501446723938e-02
5.826435089111328125e-01
8.522898554801940918e-01
-6.482674181461334229e-02
5.492591857910156250e-01
8.398056626319885254e-01
-5.296060070395469666e-02
5.064467787742614746e-01
8.312205672264099121e-01
-4.372835159301757812e-02
4.695914983749389648e-01
9.405318498611450195e-01
-6.465969979763031006e-02
5.396762490272521973e-01
9.096177816390991211e-01
-6.763190776109695435e-02
5.123696923255920410e-01
8.936431407928466797e-01
-5.203186720609664917e-02
4.801430404186248779e-01
8.916602730751037598e-01
-3.902765363454818726e-02
