1.599139571189880371e-01
7.974503636360168457e-01
8.949735388341650832e-07
1.982114613056182861e-01
6.945008039474487305e-01
-5.511123454198241234e-04
2.724580168724060059e-01
6.463888287544250488e-01
-1.427264045923948288e-02
3.355952799320220947e-01
6.594350337982177734e-01
-3.057435527443885803e-02
3.806931376457214355e-01
6.844082474708557129e-01
-4.607714340090751648e-02
2.944985330104827881e-01
5.983810424804687500e-01
-3.843900933861732483e-02
4.036210179328918457e-01
5.981294512748718262e-01
-6.034760549664497375e-02
4.644410014152526855e-01
6.035459041595458984e-01
-7.281664758920669556e-02
5.121800303459167480e-01
6.087573766708374023e-01
-7.963065057992935181e-02
3.005393147468566895e-01
6.640749573707580566e-01
-5.155511945486068726e-02
4.148615300655364990e-01
6.533354520797729492e-01
-7.029082626104354858e-02
4.830476045608520508e-01
6.519482731819152832e-01
-7.782462239265441895e-02
5.369146466255187988e-01
6.510473489761352539e-01
-8.416620641946792603e-02
3.046358525753021240e-01
7.344383597373962402e-01
-6.194356828927993774e-02
4.012075066566467285e-01
7.260666489601135254e-01
-7.532326132059097290e-02
3.742538094520568848e-01
7.232833504676818848e-01
-6.298507750034332275e-02
3.391564786434173584e-01
7.216205596923828125e-01
-5.184232071042060852e-02
3.066587150096893311e-01
7.997993230819702148e-01
-7.307751476764678955e-02
3.830700218677520752e-01
7.761173248291015625e-01
-7.549654692411422729e-02
3.641757369041442871e-01
7.707774639129638672e-01
-5.802051723003387451e-02
3.357506692409515381e-01
7.715854644775390625e-01
-4.335582256317138672e-02
