2.749421596527099609e-01
6.770872473716735840e-01
9.566876997268991545e-07
3.215103745460510254e-01
5.616542100906372070e-01
2.791451290249824524e-03
4.085674285888671875e-01
5.028640627861022949e-01
-7.739464286714792252e-03
4.895394444465637207e-01
4.986972510814666748e-01
-1.974822022020816803e-02
5.481678843498229980e-01
5.077206492424011230e-01
-2.947865426540374756e-02
4.456421136856079102e-01
4.554332494735717773e-01
-3.945546224713325500e-02
5.734264850616455078e-01
4.563767015933990479e-01
-5.814464390277862549e-02
6.429063081741333008e-01
4.600797593593597412e-01
-6.625987589359283447e-02
6.946062445640563965e-01
4.657209515571594238e-01
-6.971646845340728760e-02
4.566096663475036621e-01
5.280637145042419434e-01
-5.112027376890182495e-02
5.865789651870727539e-01
5.177944302558898926e-01
-6.565804779529571533e-02
6.634936332702636719e-01
5.170503258705139160e-01
-7.119800895452499390e-02
7.206240296363830566e-01
5.203427076339721680e-01
-7.624077051877975464e-02
4.613867402076721191e-01
6.102966070175170898e-01
-5.860720947384834290e-02
5.612307190895080566e-01
6.163628697395324707e-01
-6.464416533708572388e-02
5.393549203872680664e-01
6.191039085388183594e-01
-4.795338958501815796e-02
5.031134486198425293e-01
6.208288669586181641e-01
-3.444717079401016235e-02
4.597271084785461426e-01
6.856216192245483398e-01
-6.684687733650207520e-02
5.351879000663757324e-01
6.785001754760742188e-01
-6.462680548429489136e-02
5.362727642059326172e-01
6.754220724105834961e-01
-4.630177840590476990e-02
5.240151882171630859e-01
6.757772564888000488e-01
-3.005274571478366852e-02
