7.145197987556457520e-01
6.995743513107299805e-01
3.682812916849798057e-07
6.552975177764892578e-01
5.802198052406311035e-01
1.414285786449909210e-02
5.639932155609130859e-01
5.433973670005798340e-01
7.165518123656511307e-03
4.884619116783142090e-01
5.691615939140319824e-01
-2.559801796451210976e-03
4.419701695442199707e-01
6.109963655471801758e-01
-1.510352175682783127e-02
5.308184027671813965e-01
5.096355676651000977e-01
-4.162802919745445251e-02
4.046023190021514893e-01
5.210278034210205078e-01
-5.881184712052345276e-02
3.409444093704223633e-01
5.270212292671203613e-01
-6.615686416625976562e-02
2.865209281444549561e-01
5.359885692596435547e-01
-6.947392225265502930e-02
5.203124880790710449e-01
5.936951637268066406e-01
-5.904783681035041809e-02
3.856976032257080078e-01
5.829115509986877441e-01
-7.183448970317840576e-02
3.061698079109191895e-01
5.749611854553222656e-01
-7.409629970788955688e-02
2.453618943691253662e-01
5.779848694801330566e-01
-7.735440135002136230e-02
5.190666913986206055e-01
6.787596344947814941e-01
-7.071679830551147461e-02
4.080793857574462891e-01
6.688479781150817871e-01
-7.416091859340667725e-02
4.306138455867767334e-01
6.421701908111572266e-01
-5.820906534790992737e-02
4.669432640075683594e-01
6.318591833114624023e-01
-4.674223810434341431e-02
5.253795981407165527e-01
7.549042105674743652e-01
-8.159686625003814697e-02
4.320708215236663818e-01
7.324842214584350586e-01
-7.875759154558181763e-02
4.425615668296813965e-01
7.029142379760742188e-01
-5.925348028540611267e-02
4.679619371891021729e-01
6.854410171508789062e-01
-4.398674890398979187e-02
