8.011879324913024902e-01
6.565508842468261719e-01
2.664075680058886064e-07
7.572508454322814941e-01
5.494170188903808594e-01
1.014748588204383850e-02
6.839076280593872070e-01
5.052626729011535645e-01
2.433737972751259804e-03
6.203275918960571289e-01
5.201722383499145508e-01
-8.633492514491081238e-03
5.807417035102844238e-01
5.612292885780334473e-01
-2.268956229090690613e-02
6.506112813949584961e-01
4.626236557960510254e-01
-3.148209303617477417e-02
5.383729934692382812e-01
4.642069041728973389e-01
-5.239300057291984558e-02
4.779924452304840088e-01
4.662149250507354736e-01
-6.450307369232177734e-02
4.257270693778991699e-01
4.704635143280029297e-01
-7.117878645658493042e-02
6.388230323791503906e-01
5.267702937126159668e-01
-4.900774359703063965e-02
5.165271162986755371e-01
5.206766128540039062e-01
-6.663907319307327271e-02
4.447541832923889160e-01
5.137983560562133789e-01
-7.476492971181869507e-02
3.870359957218170166e-01
5.125401616096496582e-01
-8.108555525541305542e-02
6.357561945915222168e-01
5.998443961143493652e-01
-6.227502226829528809e-02
5.363359451293945312e-01
5.940684676170349121e-01
-7.618826627731323242e-02
5.593774318695068359e-01
5.913699269294738770e-01
-6.527312844991683960e-02
5.894712805747985840e-01
5.951330661773681641e-01
-5.423576384782791138e-02
6.387526988983154297e-01
6.731026768684387207e-01
-7.482598721981048584e-02
5.655572414398193359e-01
6.513522863388061523e-01
-8.149712532758712769e-02
5.825673341751098633e-01
6.449200510978698730e-01
-6.542041897773742676e-02
6.069982051849365234e-01
6.473388671875000000e-01
-5.048306286334991455e-02
