8.812095522880554199e-01
7.251111268997192383e-01
2.264462892753726919e-07
8.481230139732360840e-01
6.284864544868469238e-01
8.804044686257839203e-03
7.792652845382690430e-01
5.857415795326232910e-01
2.801048103719949722e-03
7.150620222091674805e-01
5.970287322998046875e-01
-5.192150827497243881e-03
6.749534010887145996e-01
6.291840672492980957e-01
-1.495778188109397888e-02
7.542524933815002441e-01
5.476437211036682129e-01
-2.934958785772323608e-02
6.555457115173339844e-01
5.427277684211730957e-01
-4.635757580399513245e-02
6.019157767295837402e-01
5.417455434799194336e-01
-5.502220615744590759e-02
5.560965538024902344e-01
5.425114631652832031e-01
-5.940659716725349426e-02
7.441595792770385742e-01
6.070821285247802734e-01
-4.367133975028991699e-02
6.341413259506225586e-01
5.901927351951599121e-01
-5.907458439469337463e-02
5.708892941474914551e-01
5.775314569473266602e-01
-6.369639188051223755e-02
5.204356908798217773e-01
5.707877874374389648e-01
-6.690093874931335449e-02
7.400895953178405762e-01
6.709775924682617188e-01
-5.401619896292686462e-02
6.489835977554321289e-01
6.557331681251525879e-01
-6.697157770395278931e-02
6.742210388183593750e-01
6.520495414733886719e-01
-5.414992198348045349e-02
7.039648890495300293e-01
6.551311612129211426e-01
-4.134583100676536560e-02
7.423999309539794922e-01
7.339561581611633301e-01
-6.347596645355224609e-02
6.719855070114135742e-01
7.043467760086059570e-01
-6.837202608585357666e-02
6.908915042877197266e-01
6.988732218742370605e-01
-5.098662525415420532e-02
7.161278128623962402e-01
7.016162872314453125e-01
-3.537547588348388672e-02
