8.639431595802307129e-01
7.255648970603942871e-01
3.125164482753461925e-07
8.214976787567138672e-01
6.047887802124023438e-01
4.582903813570737839e-03
7.327976822853088379e-01
5.483587980270385742e-01
-9.973032400012016296e-03
6.522445678710937500e-01
5.636657476425170898e-01
-2.614017575979232788e-02
6.037963628768920898e-01
6.088727116584777832e-01
-4.537920281291007996e-02
7.061412334442138672e-01
4.991893768310546875e-01
-5.501867830753326416e-02
5.735096931457519531e-01
4.955217540264129639e-01
-8.129601925611495972e-02
5.035943984985351562e-01
4.967915713787078857e-01
-9.533067792654037476e-02
4.421356916427612305e-01
4.986030459403991699e-01
-1.035431101918220520e-01
6.979906558990478516e-01
5.765503644943237305e-01
-7.370028644800186157e-02
5.533519387245178223e-01
5.586034059524536133e-01
-9.724583476781845093e-02
4.675850272178649902e-01
5.446533560752868652e-01
-1.061723232269287109e-01
3.965968489646911621e-01
5.384818911552429199e-01
-1.140300557017326355e-01
6.951872110366821289e-01
6.617032289505004883e-01
-8.706849813461303711e-02
5.731234550476074219e-01
6.411105990409851074e-01
-1.069701835513114929e-01
6.012049317359924316e-01
6.316145658493041992e-01
-9.241728484630584717e-02
6.387928724288940430e-01
6.352216005325317383e-01
-7.843326032161712646e-02
6.966883540153503418e-01
7.449111342430114746e-01
-9.973466396331787109e-02
6.020096540451049805e-01
7.062505483627319336e-01
-1.105289980769157410e-01
6.236767768859863281e-01
6.941000819206237793e-01
-9.027843177318572998e-02
6.567777991294860840e-01
6.980382800102233887e-01
-7.232124358415603638e-02
