9.825685620307922363e-02
7.257820963859558105e-01
9.209192626258300152e-07
1.297335922718048096e-01
6.343255639076232910e-01
-5.457160994410514832e-03
1.981761455535888672e-01
5.879822969436645508e-01
-2.231415919959545135e-02
2.582472562789916992e-01
5.999724864959716797e-01
-4.031601548194885254e-02
3.000175356864929199e-01
6.208187341690063477e-01
-5.796523764729499817e-02
2.094544321298599243e-01
5.417420864105224609e-01
-4.956578463315963745e-02
3.113060593605041504e-01
5.466982126235961914e-01
-7.340650260448455811e-02
3.678116500377655029e-01
5.495272278785705566e-01
-8.683503419160842896e-02
4.110625088214874268e-01
5.520994663238525391e-01
-9.410385042428970337e-02
2.063153833150863647e-01
6.011236906051635742e-01
-6.010831892490386963e-02
3.163252174854278564e-01
5.954397916793823242e-01
-8.231532573699951172e-02
3.820101022720336914e-01
5.942732691764831543e-01
-8.916656672954559326e-02
4.311290681362152100e-01
5.932012796401977539e-01
-9.512527287006378174e-02
2.070442885160446167e-01
6.646351218223571777e-01
-6.805645674467086792e-02
3.103328943252563477e-01
6.617122292518615723e-01
-8.242354542016983032e-02
2.908819615840911865e-01
6.625525951385498047e-01
-6.925023347139358521e-02
2.590356171131134033e-01
6.610764265060424805e-01
-5.844566226005554199e-02
2.101007848978042603e-01
7.233279943466186523e-01
-7.715502381324768066e-02
2.956250607967376709e-01
7.055245637893676758e-01
-7.972817122936248779e-02
2.822702527046203613e-01
7.025920152664184570e-01
-6.285154819488525391e-02
2.543938159942626953e-01
7.016451358795166016e-01
-4.961522668600082397e-02
