6.249055266380310059e-01
7.672395110130310059e-01
5.606773356703342870e-07
5.812875032424926758e-01
6.538298726081848145e-01
1.241852808743715286e-02
5.131383538246154785e-01
6.098049283027648926e-01
9.644672274589538574e-03
4.523640275001525879e-01
6.163451075553894043e-01
4.449388012290000916e-03
4.136165976524353027e-01
6.438643932342529297e-01
-2.541092922911047935e-03
4.630317091941833496e-01
5.944173336029052734e-01
-2.879632078111171722e-02
3.561491072177886963e-01
5.847270488739013672e-01
-3.801706433296203613e-02
3.040670752525329590e-01
5.804489254951477051e-01
-4.088255017995834351e-02
2.576854825019836426e-01
5.830772519111633301e-01
-4.065787419676780701e-02
4.425823092460632324e-01
6.675586104393005371e-01
-3.986283391714096069e-02
3.318659067153930664e-01
6.408945918083190918e-01
-4.519812017679214478e-02
2.643172144889831543e-01
6.238784790039062500e-01
-4.602091386914253235e-02
2.102726697921752930e-01
6.176060438156127930e-01
-4.663733765482902527e-02
4.352311789989471436e-01
7.469143867492675781e-01
-4.518312960863113403e-02
3.649136424064636230e-01
7.186184525489807129e-01
-4.116953536868095398e-02
3.918142318725585938e-01
7.065446972846984863e-01
-2.612104825675487518e-02
4.234215915203094482e-01
7.100448608398437500e-01
-1.510821841657161713e-02
4.395235478878021240e-01
8.178653717041015625e-01
-5.009251460433006287e-02
4.036518335342407227e-01
7.783559560775756836e-01
-3.826418891549110413e-02
4.245791137218475342e-01
7.641929388046264648e-01
-1.747002825140953064e-02
4.486363232135772705e-01
7.643043994903564453e-01
-9.519130690023303032e-04
