8.148541450500488281e-01
7.990740537643432617e-01
3.700353090607677586e-07
7.699781060218811035e-01
6.882584095001220703e-01
2.033721189945936203e-03
6.867913603782653809e-01
6.472865939140319824e-01
-8.673704229295253754e-03
6.187155842781066895e-01
6.738134026527404785e-01
-1.894939318299293518e-02
5.780720114707946777e-01
7.273734211921691895e-01
-3.136363998055458069e-02
6.623830199241638184e-01
6.205089092254638672e-01
-4.738999158143997192e-02
5.492792725563049316e-01
6.247425079345703125e-01
-6.598998606204986572e-02
4.887029528617858887e-01
6.326173543930053711e-01
-7.413810491561889648e-02
4.367004930973052979e-01
6.400336623191833496e-01
-7.769998162984848022e-02
6.521181464195251465e-01
6.947755813598632812e-01
-5.860002338886260986e-02
5.232847929000854492e-01
6.894793510437011719e-01
-7.414542138576507568e-02
4.528281092643737793e-01
6.800774335861206055e-01
-7.689277082681655884e-02
3.972721695899963379e-01
6.741037964820861816e-01
-7.897623628377914429e-02
6.488490700721740723e-01
7.693816423416137695e-01
-6.512358039617538452e-02
5.478728413581848145e-01
7.518737912178039551e-01
-7.745364308357238770e-02
5.668303966522216797e-01
7.330282926559448242e-01
-6.631282716989517212e-02
5.954759120941162109e-01
7.275456190109252930e-01
-5.555103346705436707e-02
6.504685282707214355e-01
8.361692428588867188e-01
-7.092493772506713867e-02
5.752475261688232422e-01
8.015921711921691895e-01
-7.473839074373245239e-02
5.921707153320312500e-01
7.846519351005554199e-01
-5.706443265080451965e-02
6.170944571495056152e-01
7.826448082923889160e-01
-4.193552955985069275e-02
