5.724961757659912109e-01
8.017197847366333008e-01
4.525415135958610335e-07
5.327105522155761719e-01
6.868000626564025879e-01
1.413168478757143021e-02
4.587281048297882080e-01
6.466054916381835938e-01
1.549085043370723724e-02
3.939216136932373047e-01
6.623934507369995117e-01
1.411737315356731415e-02
3.552326560020446777e-01
7.050260901451110840e-01
1.109462603926658630e-02
4.098449945449829102e-01
6.261359453201293945e-01
-1.578881219029426575e-02
3.079501390457153320e-01
6.229414343833923340e-01
-2.039889246225357056e-02
2.538587152957916260e-01
6.239584088325500488e-01
-2.160865999758243561e-02
2.075346559286117554e-01
6.289122104644775391e-01
-2.117131277918815613e-02
3.872558772563934326e-01
6.948796510696411133e-01
-2.649867534637451172e-02
2.801627218723297119e-01
6.755082011222839355e-01
-2.726139500737190247e-02
2.145066261291503906e-01
6.613845825195312500e-01
-2.676447853446006775e-02
1.661096811294555664e-01
6.549280285835266113e-01
-2.692789584398269653e-02
3.807247877120971680e-01
7.678193449974060059e-01
-3.221844881772994995e-02
3.105386197566986084e-01
7.486674785614013672e-01
-2.499774098396301270e-02
3.345848023891448975e-01
7.386370301246643066e-01
-1.202239934355020523e-02
3.652213215827941895e-01
7.421754002571105957e-01
-3.099630819633603096e-03
3.876852393150329590e-01
8.331732153892517090e-01
-3.743278235197067261e-02
3.492413461208343506e-01
8.017996549606323242e-01
-2.327332273125648499e-02
3.690631091594696045e-01
7.931979894638061523e-01
-3.598348936066031456e-03
3.934554159641265869e-01
7.968131303787231445e-01
1.138259004801511765e-02
