6.332692503929138184e-01
6.025354266166687012e-01
2.492649286978121381e-07
5.870903134346008301e-01
4.882577061653137207e-01
2.622336335480213165e-02
5.112869143486022949e-01
4.418895244598388672e-01
2.965326048433780670e-02
4.410533607006072998e-01
4.488488435745239258e-01
2.733924239873886108e-02
3.942422866821289062e-01
4.818775057792663574e-01
2.299262024462223053e-02
4.675306975841522217e-01
3.949594497680664062e-01
-2.548880176618695259e-03
3.520775437355041504e-01
4.055871069431304932e-01
-4.838665015995502472e-03
2.958942055702209473e-01
4.120519459247589111e-01
-4.907566122710704803e-03
2.493359297513961792e-01
4.148353934288024902e-01
-3.980665002018213272e-03
4.488840997219085693e-01
4.612537622451782227e-01
-2.043411135673522949e-02
3.278843760490417480e-01
4.582953155040740967e-01
-2.210910618305206299e-02
2.588642835617065430e-01
4.513874948024749756e-01
-2.223137207329273224e-02
2.087466716766357422e-01
4.463535547256469727e-01
-2.303111366927623749e-02
4.415490627288818359e-01
5.372360944747924805e-01
-3.275790438055992126e-02
3.617209196090698242e-01
5.324754714965820312e-01
-2.769491448998451233e-02
3.926624953746795654e-01
5.360496044158935547e-01
-1.264906208962202072e-02
4.266391992568969727e-01
5.426395535469055176e-01
-1.777922851033508778e-03
4.433971941471099854e-01
6.118626594543457031e-01
-4.340396076440811157e-02
3.879566192626953125e-01
5.904840230941772461e-01
-3.118609264492988586e-02
4.142506420612335205e-01
5.929560661315917969e-01
-8.953805081546306610e-03
4.433792233467102051e-01
5.989469289779663086e-01
8.204966783523559570e-03
