7.972617745399475098e-01
5.891178250312805176e-01
1.222822731961059617e-07
7.553647756576538086e-01
4.801653027534484863e-01
1.364135369658470154e-02
6.821377277374267578e-01
4.239603281021118164e-01
7.121250964701175690e-03
6.126108765602111816e-01
4.193193614482879639e-01
-5.551556823775172234e-04
5.636822581291198730e-01
4.415380060672760010e-01
-1.397898141294717789e-02
6.474619507789611816e-01
3.715563416481018066e-01
-3.474989533424377441e-02
5.288476347923278809e-01
3.747274577617645264e-01
-5.377780646085739136e-02
4.628643989562988281e-01
3.827228546142578125e-01
-6.536401063203811646e-02
4.110263884067535400e-01
3.877628445625305176e-01
-7.255408912897109985e-02
6.440131664276123047e-01
4.335782825946807861e-01
-5.377731472253799438e-02
5.080472826957702637e-01
4.306049346923828125e-01
-7.147635519504547119e-02
4.338294863700866699e-01
4.294339418411254883e-01
-8.130314201116561890e-02
3.779235482215881348e-01
4.249312877655029297e-01
-8.863765001296997070e-02
6.452345848083496094e-01
5.071052312850952148e-01
-6.804857403039932251e-02
5.215588808059692383e-01
5.056366920471191406e-01
-8.578470349311828613e-02
4.580625295639038086e-01
5.032888650894165039e-01
-9.144920855760574341e-02
4.111866652965545654e-01
4.938019216060638428e-01
-9.537564218044281006e-02
6.511891484260559082e-01
5.851829051971435547e-01
-7.907856255769729614e-02
5.716516375541687012e-01
5.734055042266845703e-01
-9.311946481466293335e-02
5.668290257453918457e-01
5.681669116020202637e-01
-8.630644530057907104e-02
5.713580846786499023e-01
5.589523315429687500e-01
-7.946679741144180298e-02
