8.249652385711669922e-01
7.297097444534301758e-01
2.384522304055280983e-07
7.862787842750549316e-01
6.277276873588562012e-01
6.352800875902175903e-03
7.101980447769165039e-01
5.834727883338928223e-01
-3.689287230372428894e-03
6.446475386619567871e-01
5.993344187736511230e-01
-1.568728871643543243e-02
6.058309674263000488e-01
6.386786103248596191e-01
-2.996661700308322906e-02
6.836212277412414551e-01
5.446186065673828125e-01
-3.867106884717941284e-02
5.743645429611206055e-01
5.502463579177856445e-01
-5.871602147817611694e-02
5.171320438385009766e-01
5.558016300201416016e-01
-7.026819139719009399e-02
4.677853584289550781e-01
5.614581108093261719e-01
-7.727784663438796997e-02
6.772986650466918945e-01
6.101715564727783203e-01
-5.471477657556533813e-02
5.575943589210510254e-01
6.023412942886352539e-01
-7.222069054841995239e-02
4.880422353744506836e-01
5.940691232681274414e-01
-7.917412370443344116e-02
4.308674633502960205e-01
5.925680398941040039e-01
-8.552028983831405640e-02
6.775454878807067871e-01
6.809734106063842773e-01
-6.642618030309677124e-02
5.738646984100341797e-01
6.716617345809936523e-01
-8.007262647151947021e-02
6.005856394767761230e-01
6.608777642250061035e-01
-6.652645021677017212e-02
6.332399845123291016e-01
6.600075364112854004e-01
-5.451329052448272705e-02
6.834872364997863770e-01
7.489494681358337402e-01
-7.766307890415191650e-02
6.054779887199401855e-01
7.217009067535400391e-01
-8.432316035032272339e-02
6.244575381278991699e-01
7.096580266952514648e-01
-6.669412553310394287e-02
6.512337327003479004e-01
7.088058590888977051e-01
-5.153348669409751892e-02
