6.196892857551574707e-01
8.262042999267578125e-01
3.898493616816267604e-07
5.770286917686462402e-01
7.184979915618896484e-01
1.214920822530984879e-02
5.034016966819763184e-01
6.799027323722839355e-01
1.374028902500867844e-02
4.395323693752288818e-01
6.948363780975341797e-01
1.253342162817716599e-02
3.994844853878021240e-01
7.327172756195068359e-01
1.070202048867940903e-02
4.499080479145050049e-01
6.552779674530029297e-01
-5.369645077735185623e-03
3.545596301555633545e-01
6.611405014991760254e-01
-8.069853298366069794e-03
3.059705495834350586e-01
6.667591929435729980e-01
-1.001844834536314011e-02
2.629421353340148926e-01
6.749163269996643066e-01
-1.040580496191978455e-02
4.320374131202697754e-01
7.220544815063476562e-01
-1.559478137642145157e-02
3.328653573989868164e-01
7.089671492576599121e-01
-1.519575156271457672e-02
2.728621363639831543e-01
6.976678371429443359e-01
-1.601177267730236053e-02
2.256891429424285889e-01
6.938530206680297852e-01
-1.745698601007461548e-02
4.257543981075286865e-01
7.920988798141479492e-01
-2.233697660267353058e-02
3.578287959098815918e-01
7.740465998649597168e-01
-1.641572080552577972e-02
3.796932995319366455e-01
7.623369097709655762e-01
-6.407325156033039093e-03
4.076488316059112549e-01
7.645034790039062500e-01
6.596704479306936264e-04
4.286499917507171631e-01
8.545078635215759277e-01
-2.891818061470985413e-02
3.855435848236083984e-01
8.214583992958068848e-01
-1.643462851643562317e-02
4.032278060913085938e-01
8.095526695251464844e-01
8.237207075580954552e-04
4.258859455585479736e-01
8.099800348281860352e-01
1.395212765783071518e-02
