2.694378793239593506e-01
8.684248924255371094e-01
7.273815754160750657e-07
3.156031966209411621e-01
7.705027461051940918e-01
7.258661556988954544e-03
3.935069143772125244e-01
7.324788570404052734e-01
2.196292625740170479e-03
4.522964656352996826e-01
7.567995190620422363e-01
-6.318171508610248566e-03
4.913579225540161133e-01
7.969194054603576660e-01
-1.430883165448904037e-02
4.320645034313201904e-01
6.924400329589843750e-01
-1.757639646530151367e-02
5.312100052833557129e-01
7.002614736557006836e-01
-2.895873412489891052e-02
5.843439698219299316e-01
7.082860469818115234e-01
-3.552752733230590820e-02
6.251543760299682617e-01
7.157825827598571777e-01
-3.944690153002738953e-02
4.416815638542175293e-01
7.564159035682678223e-01
-3.067351691424846649e-02
5.422791242599487305e-01
7.528864741325378418e-01
-3.876368328928947449e-02
6.032476425170898438e-01
7.517103552818298340e-01
-4.436017200350761414e-02
6.511044502258300781e-01
7.507203221321105957e-01
-5.011646449565887451e-02
4.436831176280975342e-01
8.255398273468017578e-01
-4.065307602286338806e-02
5.177479386329650879e-01
8.298624753952026367e-01
-4.545414820313453674e-02
4.898252785205841064e-01
8.276415467262268066e-01
-3.485054150223731995e-02
4.570889174938201904e-01
8.230593800544738770e-01
-2.625086531043052673e-02
4.390515983104705811e-01
8.889922499656677246e-01
-5.072822794318199158e-02
4.930822551250457764e-01
8.744147419929504395e-01
-4.768310487270355225e-02
4.712769687175750732e-01
8.693978786468505859e-01
-2.986718527972698212e-02
4.450505375862121582e-01
8.693646788597106934e-01
-1.537922862917184830e-02
