3.227035701274871826e-01
7.151640653610229492e-01
8.150235544235329144e-07
3.605054616928100586e-01
6.087210774421691895e-01
3.073449246585369110e-03
4.310574531555175781e-01
5.513022541999816895e-01
-5.416135303676128387e-03
4.941543340682983398e-01
5.487993955612182617e-01
-1.575293205678462982e-02
5.406926274299621582e-01
5.635353326797485352e-01
-2.515622228384017944e-02
4.696452319622039795e-01
5.074636340141296387e-01
-3.240282461047172546e-02
5.772244930267333984e-01
5.050747990608215332e-01
-4.596277698874473572e-02
6.361101269721984863e-01
5.027540922164916992e-01
-5.232714116573333740e-02
6.806003451347351074e-01
5.015707612037658691e-01
-5.505276843905448914e-02
4.838850796222686768e-01
5.765118598937988281e-01
-4.302971437573432922e-02
5.939955115318298340e-01
5.583645105361938477e-01
-5.316143110394477844e-02
6.605755686759948730e-01
5.497761964797973633e-01
-5.782319605350494385e-02
7.096230983734130859e-01
5.459049940109252930e-01
-6.203801929950714111e-02
4.923822581768035889e-01
6.534452438354492188e-01
-4.951582103967666626e-02
5.678582787513732910e-01
6.559049487113952637e-01
-5.339951440691947937e-02
5.421273708343505859e-01
6.639420986175537109e-01
-3.834442421793937683e-02
5.073353648185729980e-01
6.701514720916748047e-01
-2.636360563337802887e-02
4.937367141246795654e-01
7.250715494155883789e-01
-5.635102838277816772e-02
5.533035397529602051e-01
7.147793769836425781e-01
-5.042410641908645630e-02
5.336461067199707031e-01
7.200962305068969727e-01
-2.849039994180202484e-02
5.063436627388000488e-01
7.284650206565856934e-01
-1.064626313745975494e-02
