3.826766908168792725e-01
9.416786432266235352e-01
9.649950243328930810e-07
4.100452959537506104e-01
8.370730876922607422e-01
-7.125685457140207291e-03
4.897374212741851807e-01
7.813076972961425781e-01
-2.508272044360637665e-02
5.668178796768188477e-01
7.910836935043334961e-01
-4.254434630274772644e-02
6.198657155036926270e-01
8.159679174423217773e-01
-5.887495726346969604e-02
5.044341683387756348e-01
7.344816923141479492e-01
-6.102163717150688171e-02
6.264964342117309570e-01
7.086235880851745605e-01
-8.640912920236587524e-02
6.949663758277893066e-01
7.004184722900390625e-01
-9.720672667026519775e-02
7.468658685684204102e-01
6.957205533981323242e-01
-1.014302819967269897e-01
5.174260139465332031e-01
8.097713589668273926e-01
-7.085752487182617188e-02
6.480279564857482910e-01
7.675525546073913574e-01
-9.468473494052886963e-02
7.250971198081970215e-01
7.494632005691528320e-01
-1.025306880474090576e-01
7.841229438781738281e-01
7.406526207923889160e-01
-1.073104962706565857e-01
5.296893715858459473e-01
8.865839242935180664e-01
-7.632657885551452637e-02
6.278334856033325195e-01
8.534516692161560059e-01
-9.467446804046630859e-02
5.983697772026062012e-01
8.487527370452880859e-01
-7.883029431104660034e-02
5.611601471900939941e-01
8.536422848701477051e-01
-6.277044862508773804e-02
5.396646857261657715e-01
9.529699087142944336e-01
-8.229003846645355225e-02
6.168749332427978516e-01
9.022206664085388184e-01
-8.699064701795578003e-02
5.943203568458557129e-01
8.946051001548767090e-01
-6.467867642641067505e-02
5.640410780906677246e-01
9.047883152961730957e-01
-4.506691917777061462e-02
