9.812989830970764160e-02
7.862173318862915039e-01
9.562501190885086544e-07
1.362359672784805298e-01
6.831535100936889648e-01
1.172951655462384224e-03
2.114979624748229980e-01
6.321559548377990723e-01
-1.355326827615499496e-02
2.748327851295471191e-01
6.441575884819030762e-01
-3.193524479866027832e-02
3.181077539920806885e-01
6.698959469795227051e-01
-4.986869916319847107e-02
2.322361171245574951e-01
5.719555020332336426e-01
-3.857725113630294800e-02
3.459540903568267822e-01
5.675995945930480957e-01
-6.137536838650703430e-02
4.085678458213806152e-01
5.658679008483886719e-01
-7.425190508365631104e-02
4.560178518295288086e-01
5.632174611091613770e-01
-8.114056289196014404e-02
2.347960621118545532e-01
6.361480951309204102e-01
-5.409403145313262939e-02
3.550792634487152100e-01
6.189481019973754883e-01
-7.418615370988845825e-02
4.266523718833923340e-01
6.136476397514343262e-01
-8.244068175554275513e-02
4.807816147804260254e-01
6.074538230895996094e-01
-8.959545195102691650e-02
2.375489771366119385e-01
7.069934606552124023e-01
-6.674420833587646484e-02
3.414293825626373291e-01
7.027382850646972656e-01
-8.113635331392288208e-02
3.160330653190612793e-01
7.098937034606933594e-01
-6.829497218132019043e-02
2.803692221641540527e-01
7.092573046684265137e-01
-5.689940229058265686e-02
2.397306561470031738e-01
7.741187810897827148e-01
-8.003942668437957764e-02
3.241187930107116699e-01
7.532942295074462891e-01
-8.174359053373336792e-02
3.057800829410552979e-01
7.537193298339843750e-01
-6.259392946958541870e-02
2.753633856773376465e-01
7.532258629798889160e-01
-4.714312404394149780e-02
