4.185118973255157471e-01
8.721122145652770996e-01
6.746212761754577514e-07
4.494379758834838867e-01
7.628537416458129883e-01
1.566708460450172424e-02
5.143476128578186035e-01
7.104699611663818359e-01
1.771276630461215973e-02
5.723693966865539551e-01
7.206408977508544922e-01
1.498058810830116272e-02
6.092559695243835449e-01
7.565514445304870605e-01
1.219871640205383301e-02
5.668208599090576172e-01
6.640509366989135742e-01
-1.818580669350922108e-03
6.650534868240356445e-01
6.433026194572448730e-01
-5.940998438745737076e-03
7.199035286903381348e-01
6.379097104072570801e-01
-6.646063644438982010e-03
7.609097957611083984e-01
6.353154182434082031e-01
-5.794242955744266510e-03
5.929433107376098633e-01
7.257534861564636230e-01
-1.370086334645748138e-02
6.934103965759277344e-01
7.009859681129455566e-01
-1.125165261328220367e-02
7.515010833740234375e-01
6.887650489807128906e-01
-1.254720333963632584e-02
7.937571406364440918e-01
6.827973723411560059e-01
-1.456299051642417908e-02
6.054438948631286621e-01
7.942979931831359863e-01
-2.207899093627929688e-02
6.531448364257812500e-01
7.841826081275939941e-01
-1.314362976700067520e-02
6.271021366119384766e-01
7.852116823196411133e-01
-3.308242186903953552e-03
5.959067940711975098e-01
7.895360589027404785e-01
3.492721356451511383e-03
6.077055335044860840e-01
8.590247035026550293e-01
-3.029261156916618347e-02
6.326133012771606445e-01
8.385611772537231445e-01
-1.594747230410575867e-02
6.113601922988891602e-01
8.389698863029479980e-01
8.335528546012938023e-04
5.874683856964111328e-01
8.468273878097534180e-01
1.415060646831989288e-02
