2.064495384693145752e-01
7.160382270812988281e-01
1.054360382113372907e-06
2.458104789257049561e-01
6.006248593330383301e-01
3.877567360177636147e-03
3.276764750480651855e-01
5.439990162849426270e-01
-1.090870890766382217e-02
3.973446786403656006e-01
5.599008202552795410e-01
-2.940233051776885986e-02
4.481820464134216309e-01
5.887557268142700195e-01
-4.765857756137847900e-02
3.525267243385314941e-01
4.846669137477874756e-01
-4.259293526411056519e-02
4.757806956768035889e-01
4.822659492492675781e-01
-6.774065643548965454e-02
5.454368591308593750e-01
4.857942461967468262e-01
-8.215657621622085571e-02
5.988939404487609863e-01
4.901014864444732666e-01
-8.956134319305419922e-02
3.617312014102935791e-01
5.522022247314453125e-01
-5.993321537971496582e-02
4.898889958858489990e-01
5.348509550094604492e-01
-8.046290278434753418e-02
5.678805708885192871e-01
5.309226512908935547e-01
-8.854298293590545654e-02
6.284695267677307129e-01
5.281127095222473145e-01
-9.486299008131027222e-02
3.679476082324981689e-01
6.297290921211242676e-01
-7.337965816259384155e-02
4.696749746799468994e-01
6.268031001091003418e-01
-8.558591455221176147e-02
4.380270540714263916e-01
6.319144964218139648e-01
-6.918960064649581909e-02
3.989421129226684570e-01
6.312744021415710449e-01
-5.526075512170791626e-02
3.700921535491943359e-01
7.044125795364379883e-01
-8.749806880950927734e-02
4.478423297405242920e-01
6.839005351066589355e-01
-8.664865046739578247e-02
4.257443547248840332e-01
6.821168661117553711e-01
-6.330383569002151489e-02
3.950223624706268311e-01
6.821148991584777832e-01
-4.414628818631172180e-02
