1.301166415214538574e-01
8.880824446678161621e-01
8.860239972818817478e-07
1.632228791713714600e-01
7.884683012962341309e-01
-4.789452068507671356e-03
2.365690320730209351e-01
7.420831322669982910e-01
-1.900251954793930054e-02
3.025785386562347412e-01
7.538498640060424805e-01
-3.472661226987838745e-02
3.488514125347137451e-01
7.735172510147094727e-01
-4.903791099786758423e-02
2.492078840732574463e-01
6.916422247886657715e-01
-3.797291219234466553e-02
3.555215895175933838e-01
6.843481063842773438e-01
-5.795455351471900940e-02
4.136926233768463135e-01
6.847566366195678711e-01
-6.882346421480178833e-02
4.593555331230163574e-01
6.849933266639709473e-01
-7.449807226657867432e-02
2.540845274925231934e-01
7.577146291732788086e-01
-4.799626022577285767e-02
3.650176227092742920e-01
7.401192784309387207e-01
-6.554626673460006714e-02
4.315679967403411865e-01
7.342199087142944336e-01
-7.226780056953430176e-02
4.835469424724578857e-01
7.310114502906799316e-01
-7.832154631614685059e-02
2.597578465938568115e-01
8.248430490493774414e-01
-5.608114600181579590e-02
3.528205156326293945e-01
8.056200146675109863e-01
-7.043217867612838745e-02
3.274246156215667725e-01
8.016619682312011719e-01
-6.048765033483505249e-02
2.939021885395050049e-01
8.015394210815429688e-01
-5.084633827209472656e-02
2.660787701606750488e-01
8.842937350273132324e-01
-6.503407657146453857e-02
3.401181101799011230e-01
8.506899476051330566e-01
-6.916750222444534302e-02
3.221652507781982422e-01
8.442714214324951172e-01
-5.434869974851608276e-02
2.951205670833587646e-01
8.470208644866943359e-01
-4.181025549769401550e-02
