8.347789049148559570e-01
7.066736817359924316e-01
3.348194184127351036e-07
7.855995893478393555e-01
6.069930195808410645e-01
1.374339405447244644e-02
7.122503519058227539e-01
5.671549439430236816e-01
7.786150556057691574e-03
6.531523466110229492e-01
5.876390337944030762e-01
-2.230230718851089478e-03
6.176663041114807129e-01
6.333900690078735352e-01
-1.448046322911977768e-02
6.723771095275878906e-01
5.230118036270141602e-01
-2.405046112835407257e-02
5.651437640190124512e-01
5.252031683921813965e-01
-4.241311550140380859e-02
5.059230327606201172e-01
5.255025029182434082e-01
-5.338508263230323792e-02
4.557902216911315918e-01
5.278812646865844727e-01
-5.889270082116127014e-02
6.636778116226196289e-01
5.844691991806030273e-01
-4.126917943358421326e-02
5.487947463989257812e-01
5.761126875877380371e-01
-5.594811588525772095e-02
4.828749299049377441e-01
5.653625726699829102e-01
-6.248343735933303833e-02
4.304059147834777832e-01
5.602510571479797363e-01
-6.720782071352005005e-02
6.625412106513977051e-01
6.539343595504760742e-01
-5.409339815378189087e-02
5.746192932128906250e-01
6.557364463806152344e-01
-6.304487586021423340e-02
6.012673377990722656e-01
6.573637723922729492e-01
-5.042575672268867493e-02
6.317124962806701660e-01
6.621763706207275391e-01
-3.832510858774185181e-02
6.671074628829956055e-01
7.233747839927673340e-01
-6.617194414138793945e-02
6.029368638992309570e-01
7.052918672561645508e-01
-6.632213294506072998e-02
6.218548417091369629e-01
6.984684467315673828e-01
-4.776896908879280090e-02
6.454071998596191406e-01
6.988565325736999512e-01
-3.138114139437675476e-02
