6.922726035118103027e-01
7.257290482521057129e-01
3.365714462688629283e-07
6.388974189758300781e-01
6.239833831787109375e-01
1.927918940782546997e-02
5.630265474319458008e-01
5.895977616310119629e-01
1.824131235480308533e-02
4.998078048229217529e-01
6.170077323913574219e-01
1.216510497033596039e-02
4.622391462326049805e-01
6.590443253517150879e-01
4.067422356456518173e-03
5.195036530494689941e-01
5.466120839118957520e-01
-1.165956258773803711e-02
4.101397991180419922e-01
5.548475980758666992e-01
-2.260883711278438568e-02
3.529341220855712891e-01
5.559989809989929199e-01
-2.861661650240421295e-02
3.047502636909484863e-01
5.582080483436584473e-01
-3.138190135359764099e-02
5.061498880386352539e-01
6.111707091331481934e-01
-2.906003780663013458e-02
3.943544030189514160e-01
6.057852506637573242e-01
-3.661283105611801147e-02
3.267664313316345215e-01
6.009780168533325195e-01
-4.120581969618797302e-02
2.756739258766174316e-01
5.985983014106750488e-01
-4.508637636899948120e-02
5.046838521957397461e-01
6.816134452819824219e-01
-4.174979403614997864e-02
4.245260059833526611e-01
6.917024850845336914e-01
-4.181475564837455750e-02
4.543571472167968750e-01
6.964926123619079590e-01
-2.849894203245639801e-02
4.875586330890655518e-01
6.980058550834655762e-01
-1.816815137863159180e-02
5.126777291297912598e-01
7.515649795532226562e-01
-5.361036583781242371e-02
4.581128954887390137e-01
7.486991882324218750e-01
-4.710029065608978271e-02
4.833787083625793457e-01
7.495692968368530273e-01
-2.785663120448589325e-02
5.108767747879028320e-01
7.482152581214904785e-01
-1.218777708709239960e-02
