8.155796527862548828e-01
8.373866677284240723e-01
4.124365489133197116e-07
7.660163640975952148e-01
7.387636303901672363e-01
6.180222611874341965e-03
6.895589828491210938e-01
7.055925130844116211e-01
-5.564012462855316699e-05
6.333660483360290527e-01
7.339105606079101562e-01
-8.485798723995685577e-03
6.024368405342102051e-01
7.826529145240783691e-01
-1.824298687279224396e-02
6.555930376052856445e-01
6.742759943008422852e-01
-2.369062229990959167e-02
5.526591539382934570e-01
6.767020821571350098e-01
-3.792551159858703613e-02
4.972084164619445801e-01
6.803985834121704102e-01
-4.516434669494628906e-02
4.494616389274597168e-01
6.844054460525512695e-01
-4.793318733572959900e-02
6.443874239921569824e-01
7.380187511444091797e-01
-3.544281050562858582e-02
5.345435738563537598e-01
7.345811128616333008e-01
-4.644241183996200562e-02
4.707652032375335693e-01
7.263134717941284180e-01
-5.111438408493995667e-02
4.189212918281555176e-01
7.203140258789062500e-01
-5.392189323902130127e-02
6.430653333663940430e-01
8.051615357398986816e-01
-4.367025196552276611e-02
5.667933821678161621e-01
7.990090847015380859e-01
-5.243851989507675171e-02
5.952444076538085938e-01
7.943229079246520996e-01
-4.374838992953300476e-02
6.261157989501953125e-01
7.981538772583007812e-01
-3.364796563982963562e-02
6.489012241363525391e-01
8.676688671112060547e-01
-5.133534595370292664e-02
5.959405899047851562e-01
8.437700867652893066e-01
-5.036592856049537659e-02
6.170306205749511719e-01
8.351786732673645020e-01
-3.339053690433502197e-02
6.412411928176879883e-01
8.373604416847229004e-01
-1.828381791710853577e-02
