8.718054294586181641e-01
6.578303575515747070e-01
2.186824019645428052e-07
8.254067897796630859e-01
5.571554899215698242e-01
2.129970304667949677e-02
7.508765459060668945e-01
5.116335749626159668e-01
1.864503324031829834e-02
6.887853741645812988e-01
5.207964777946472168e-01
9.968948550522327423e-03
6.499140858650207520e-01
5.547451376914978027e-01
-8.191444212570786476e-04
7.157351374626159668e-01
4.528931379318237305e-01
-1.375674735754728317e-02
6.067090034484863281e-01
4.489053487777709961e-01
-3.153367340564727783e-02
5.499031543731689453e-01
4.434157907962799072e-01
-4.246628656983375549e-02
5.025961995124816895e-01
4.397615492343902588e-01
-4.854952543973922729e-02
7.082075476646423340e-01
5.090123414993286133e-01
-3.674381598830223083e-02
5.886696577072143555e-01
4.933507442474365234e-01
-5.256817117333412170e-02
5.204956531524658203e-01
4.802472889423370361e-01
-6.112168356776237488e-02
4.685030579566955566e-01
4.730986058712005615e-01
-6.747411191463470459e-02
7.070729136466979980e-01
5.775652527809143066e-01
-5.529860034584999084e-02
6.113042235374450684e-01
5.845741033554077148e-01
-6.652202457189559937e-02
6.408351659774780273e-01
5.981001257896423340e-01
-5.375130102038383484e-02
6.729072928428649902e-01
6.030112504959106445e-01
-4.159004986286163330e-02
7.121748924255371094e-01
6.494526267051696777e-01
-7.246021926403045654e-02
6.392703652381896973e-01
6.453465223312377930e-01
-7.510151714086532593e-02
6.635072827339172363e-01
6.521052718162536621e-01
-5.593336001038551331e-02
6.914738416671752930e-01
6.528688669204711914e-01
-3.920706361532211304e-02
