7.178521752357482910e-01
6.937839388847351074e-01
2.502738993825914804e-07
6.662564277648925781e-01
5.888597369194030762e-01
2.372242882847785950e-02
5.956742763519287109e-01
5.504868030548095703e-01
2.399427257478237152e-02
5.381505489349365234e-01
5.610303282737731934e-01
1.824616640806198120e-02
4.999891817569732666e-01
5.954754352569580078e-01
9.982712566852569580e-03
5.545242428779602051e-01
5.095033049583435059e-01
-9.901774115860462189e-03
4.505784213542938232e-01
5.078327655792236328e-01
-2.462677657604217529e-02
3.933922052383422852e-01
5.066713094711303711e-01
-3.255159035325050354e-02
3.471731543540954590e-01
5.061427354812622070e-01
-3.582523390650749207e-02
5.392464399337768555e-01
5.678976178169250488e-01
-2.921059541404247284e-02
4.237393140792846680e-01
5.597891211509704590e-01
-3.812316805124282837e-02
3.588175773620605469e-01
5.550825595855712891e-01
-4.155326262116432190e-02
3.106749653816223145e-01
5.507804751396179199e-01
-4.417009279131889343e-02
5.347499251365661621e-01
6.355838179588317871e-01
-4.422044381499290466e-02
4.396408796310424805e-01
6.511528491973876953e-01
-4.825232550501823425e-02
4.394466876983642578e-01
6.715611815452575684e-01
-4.138116165995597839e-02
4.532127380371093750e-01
6.827473044395446777e-01
-3.509978577494621277e-02
5.388335585594177246e-01
7.056488394737243652e-01
-5.745780467987060547e-02
4.763876497745513916e-01
7.183078527450561523e-01
-5.591516196727752686e-02
4.691965878009796143e-01
7.303735017776489258e-01
-4.524752125144004822e-02
4.704445302486419678e-01
7.365435957908630371e-01
-3.544021397829055786e-02
