2.234500944614410400e-01
9.822866916656494141e-01
1.258300585504912306e-06
2.480757832527160645e-01
8.708918094635009766e-01
-1.392008177936077118e-02
3.039590716361999512e-01
7.849357724189758301e-01
-4.573043435811996460e-02
3.823666274547576904e-01
7.791679501533508301e-01
-7.989844679832458496e-02
4.326122999191284180e-01
7.954198718070983887e-01
-1.143432110548019409e-01
2.620767951011657715e-01
7.212176322937011719e-01
-7.068071514368057251e-02
3.621343374252319336e-01
6.802777647972106934e-01
-1.128349080681800842e-01
4.244242310523986816e-01
6.655250191688537598e-01
-1.450994908809661865e-01
4.745151400566101074e-01
6.527727842330932617e-01
-1.675122082233428955e-01
2.505968809127807617e-01
7.960952520370483398e-01
-8.819415420293807983e-02
3.753917217254638672e-01
7.414943575859069824e-01
-1.291126757860183716e-01
4.521480798721313477e-01
7.135007381439208984e-01
-1.476615965366363525e-01
5.106387734413146973e-01
6.953344345092773438e-01
-1.628120094537734985e-01
2.576555013656616211e-01
8.771758079528808594e-01
-1.039399877190589905e-01
3.984904289245605469e-01
8.275520801544189453e-01
-1.302077472209930420e-01
3.945057392120361328e-01
8.406090140342712402e-01
-1.184054911136627197e-01
3.595956265926361084e-01
8.569429516792297363e-01
-1.101996079087257385e-01
2.780834734439849854e-01
9.474437236785888672e-01
-1.227577179670333862e-01
3.916366696357727051e-01
8.964269757270812988e-01
-1.363984048366546631e-01
3.870881199836730957e-01
8.933045864105224609e-01
-1.218150556087493896e-01
3.546690046787261963e-01
8.981061577796936035e-01
-1.108145490288734436e-01
