9.701842069625854492e-01
7.579821944236755371e-01
2.286824809516474488e-07
9.223186373710632324e-01
6.672964692115783691e-01
1.701604388654232025e-02
8.469020128250122070e-01
6.325641274452209473e-01
9.866934269666671753e-03
7.821864485740661621e-01
6.547210216522216797e-01
-6.939955055713653564e-04
7.429710030555725098e-01
6.953641176223754883e-01
-1.335100457072257996e-02
8.151924014091491699e-01
5.831834077835083008e-01
-3.502739965915679932e-02
7.064818143844604492e-01
5.904733538627624512e-01
-5.732065811753273010e-02
6.491362452507019043e-01
5.916486978530883789e-01
-6.926830857992172241e-02
6.009832620620727539e-01
5.946155190467834473e-01
-7.565122097730636597e-02
8.176792860031127930e-01
6.467373371124267578e-01
-5.584530904889106750e-02
6.902203559875488281e-01
6.434867382049560547e-01
-7.574255764484405518e-02
6.211510300636291504e-01
6.379913687705993652e-01
-8.363154530525207520e-02
5.683765411376953125e-01
6.385468244552612305e-01
-8.949870616197586060e-02
8.246914148330688477e-01
7.172369360923767090e-01
-7.111953198909759521e-02
7.167640924453735352e-01
7.262506484985351562e-01
-8.670624345541000366e-02
7.439770698547363281e-01
7.248201370239257812e-01
-7.239898294210433960e-02
7.768418788909912109e-01
7.232316136360168457e-01
-5.824960395693778992e-02
8.357959389686584473e-01
7.864506244659423828e-01
-8.444008231163024902e-02
7.512428164482116699e-01
7.819178700447082520e-01
-8.988628536462783813e-02
7.690077424049377441e-01
7.747848033905029297e-01
-6.998038291931152344e-02
7.943854331970214844e-01
7.683722376823425293e-01
-5.231031402945518494e-02
