5.461236238479614258e-01
7.512660026550292969e-01
4.156935062837874284e-07
4.873013496398925781e-01
6.429588794708251953e-01
8.105158805847167969e-03
4.020000696182250977e-01
5.816034674644470215e-01
1.002962887287139893e-02
3.176451623439788818e-01
5.790681242942810059e-01
1.055444497615098953e-02
2.636985778808593750e-01
6.030325889587402344e-01
1.066473219543695450e-02
3.657989799976348877e-01
5.826797485351562500e-01
-1.448776107281446457e-02
2.602321505546569824e-01
6.024587154388427734e-01
-2.097039669752120972e-02
2.047573477029800415e-01
6.141965985298156738e-01
-2.252286858856678009e-02
1.579511910676956177e-01
6.233385801315307617e-01
-2.175838127732276917e-02
3.538198769092559814e-01
6.580073833465576172e-01
-2.396539412438869476e-02
2.445098757743835449e-01
6.607639789581298828e-01
-2.639444917440414429e-02
1.752310246229171753e-01
6.615447998046875000e-01
-2.724895998835563660e-02
1.251611858606338501e-01
6.644887924194335938e-01
-2.800993435084819794e-02
3.537180721759796143e-01
7.375490069389343262e-01
-3.028304316103458405e-02
2.800842821598052979e-01
7.440069317817687988e-01
-3.221271559596061707e-02
3.068782985210418701e-01
7.396408915519714355e-01
-2.347527444362640381e-02
3.423677086830139160e-01
7.370619177818298340e-01
-1.478988677263259888e-02
3.635984957218170166e-01
8.137562870979309082e-01
-3.619233891367912292e-02
3.256430327892303467e-01
8.011751770973205566e-01
-3.254182264208793640e-02
3.467657864093780518e-01
7.956998348236083984e-01
-1.968568190932273865e-02
3.715038895606994629e-01
7.915724515914916992e-01
-7.775627076625823975e-03
