3.447349667549133301e-01
5.612260103225708008e-01
3.152920271531911567e-07
2.797636091709136963e-01
4.576477408409118652e-01
2.402125112712383270e-02
2.011186778545379639e-01
4.325824975967407227e-01
3.330359607934951782e-02
1.475142538547515869e-01
4.544313848018646240e-01
3.605129197239875793e-02
1.178255379199981689e-01
5.068520307540893555e-01
3.783793374896049500e-02
1.359159052371978760e-01
4.012240469455718994e-01
2.436584047973155975e-02
3.790330141782760620e-02
4.378107786178588867e-01
2.909043058753013611e-02
-1.323844492435455322e-02
4.593908488750457764e-01
3.169106692075729370e-02
-5.201850831508636475e-02
4.711192548274993896e-01
3.455342724919319153e-02
1.198451146483421326e-01
4.664958119392395020e-01
9.890287183225154877e-03
2.312368154525756836e-02
4.950749278068542480e-01
1.863893866539001465e-02
-3.007772564888000488e-02
5.067096948623657227e-01
1.892631314694881439e-02
-6.617800891399383545e-02
5.103381872177124023e-01
1.920343190431594849e-02
1.217930018901824951e-01
5.389193296432495117e-01
-2.060829196125268936e-03
8.869353681802749634e-02
5.830548405647277832e-01
9.907562285661697388e-03
1.214881390333175659e-01
5.854368209838867188e-01
1.283966284245252609e-02
1.509834080934524536e-01
5.765125751495361328e-01
1.520964968949556351e-02
1.333522200584411621e-01
6.081588864326477051e-01
-1.313602551817893982e-02
1.165438815951347351e-01
6.270670294761657715e-01
4.325986839830875397e-03
1.457453966140747070e-01
6.286879181861877441e-01
1.719266735017299652e-02
1.719065308570861816e-01
6.221543550491333008e-01
2.702554687857627869e-02
