9.186598658561706543e-01
7.839831709861755371e-01
2.167023183119454188e-07
8.729396462440490723e-01
6.852051019668579102e-01
1.327713113278150558e-02
7.920759320259094238e-01
6.435320973396301270e-01
6.344457622617483139e-03
7.255542874336242676e-01
6.600105762481689453e-01
-4.251738544553518295e-03
6.846472620964050293e-01
6.978326439857482910e-01
-1.663900353014469147e-02
7.576671838760375977e-01
5.900049209594726562e-01
-3.005642071366310120e-02
6.436467766761779785e-01
5.953758358955383301e-01
-5.057544633746147156e-02
5.837464332580566406e-01
5.971826910972595215e-01
-6.137850135564804077e-02
5.348202586174011230e-01
5.993981957435607910e-01
-6.670398265123367310e-02
7.541848421096801758e-01
6.545509696006774902e-01
-4.950266331434249878e-02
6.250403523445129395e-01
6.492702364921569824e-01
-6.749758869409561157e-02
5.561573505401611328e-01
6.399635076522827148e-01
-7.460606843233108521e-02
5.040159225463867188e-01
6.346343755722045898e-01
-7.958743721246719360e-02
7.571284770965576172e-01
7.263085842132568359e-01
-6.440124660730361938e-02
6.513295173645019531e-01
7.274057269096374512e-01
-7.980979979038238525e-02
6.807656884193420410e-01
7.318760752677917480e-01
-6.666447222232818604e-02
7.151214480400085449e-01
7.357028722763061523e-01
-5.289323627948760986e-02
7.657360434532165527e-01
7.975671291351318359e-01
-7.791137695312500000e-02
6.814216971397399902e-01
7.836703658103942871e-01
-8.360754698514938354e-02
7.033411264419555664e-01
7.813866138458251953e-01
-6.391892582178115845e-02
7.330080866813659668e-01
7.820416688919067383e-01
-4.605217278003692627e-02
