7.240468263626098633e-01
5.802402496337890625e-01
1.145507866340267356e-07
6.629788875579833984e-01
4.739857614040374756e-01
2.903540246188640594e-02
5.829504132270812988e-01
4.300773739814758301e-01
2.955763041973114014e-02
5.211177468299865723e-01
4.372795820236206055e-01
2.234533429145812988e-02
4.805288612842559814e-01
4.734212756156921387e-01
1.203881483525037766e-02
5.299090743064880371e-01
3.833352923393249512e-01
-8.541642688214778900e-03
4.170192480087280273e-01
4.043959081172943115e-01
-2.336784824728965759e-02
3.545041084289550781e-01
4.145605266094207764e-01
-3.328023478388786316e-02
3.021672964096069336e-01
4.226469993591308594e-01
-3.980167210102081299e-02
5.239739418029785156e-01
4.437284171581268311e-01
-3.538823127746582031e-02
3.979544937610626221e-01
4.630206227302551270e-01
-4.854663088917732239e-02
3.254530429840087891e-01
4.690675735473632812e-01
-5.702872574329376221e-02
2.701238989830017090e-01
4.739308655261993408e-01
-6.455645710229873657e-02
5.294393897056579590e-01
5.164453983306884766e-01
-5.677971616387367249e-02
4.348338246345520020e-01
5.509455800056457520e-01
-6.362639367580413818e-02
4.692631661891937256e-01
5.604610443115234375e-01
-5.066096410155296326e-02
5.036765336990356445e-01
5.542302131652832031e-01
-4.044270142912864685e-02
5.431097149848937988e-01
5.909913182258605957e-01
-7.640457153320312500e-02
4.701666831970214844e-01
6.097649931907653809e-01
-7.623837143182754517e-02
4.961482882499694824e-01
6.155655384063720703e-01
-5.701634660363197327e-02
5.248585939407348633e-01
6.100491285324096680e-01
-4.108499735593795776e-02
