6.658759117126464844e-01
7.788295149803161621e-01
3.133725385850993916e-07
6.194036602973937988e-01
6.931893229484558105e-01
1.517205405980348587e-02
5.554552078247070312e-01
6.629740595817565918e-01
1.576102338731288910e-02
5.056713819503784180e-01
6.823346614837646484e-01
1.204978022724390030e-02
4.756533801555633545e-01
7.202845811843872070e-01
7.052700966596603394e-03
5.096036195755004883e-01
6.370816230773925781e-01
-5.199209786951541901e-03
4.237389564514160156e-01
6.415561437606811523e-01
-1.315028313547372818e-02
3.766076266765594482e-01
6.436299681663513184e-01
-1.729702576994895935e-02
3.372145891189575195e-01
6.482560038566589355e-01
-1.897082850337028503e-02
4.959990978240966797e-01
6.881825923919677734e-01
-1.897361688315868378e-02
4.029977321624755859e-01
6.865062713623046875e-01
-2.378615550696849823e-02
3.472995758056640625e-01
6.839183568954467773e-01
-2.751837298274040222e-02
3.055548071861267090e-01
6.830878257751464844e-01
-3.028898313641548157e-02
4.959827065467834473e-01
7.459521293640136719e-01
-2.914848178625106812e-02
4.388089179992675781e-01
7.610453963279724121e-01
-2.913758158683776855e-02
4.659073650836944580e-01
7.625723481178283691e-01
-2.024226076900959015e-02
4.940406680107116699e-01
7.619910240173339844e-01
-1.271878834813833237e-02
5.054688453674316406e-01
8.040401935577392578e-01
-3.876197338104248047e-02
4.724305272102355957e-01
8.101097941398620605e-01
-3.341604024171829224e-02
4.946339428424835205e-01
8.090549111366271973e-01
-1.899317465722560883e-02
5.166950225830078125e-01
8.072854280471801758e-01
-6.800766102969646454e-03
