2.727832198143005371e-01
8.292197585105895996e-01
5.909828928452043328e-07
3.194105029106140137e-01
7.334102392196655273e-01
1.118700113147497177e-02
3.936600089073181152e-01
7.012791633605957031e-01
1.039643865078687668e-02
4.504771232604980469e-01
7.260833978652954102e-01
5.668302066624164581e-03
4.827214777469635010e-01
7.622321844100952148e-01
1.426296308636665344e-03
4.372771382331848145e-01
6.745915412902832031e-01
-1.188832521438598633e-02
5.350940823554992676e-01
6.789197921752929688e-01
-2.022470720112323761e-02
5.885837078094482422e-01
6.851367950439453125e-01
-2.477290481328964233e-02
6.289387941360473633e-01
6.946646571159362793e-01
-2.694564871490001678e-02
4.514391720294952393e-01
7.398285269737243652e-01
-2.337735332548618317e-02
5.489813089370727539e-01
7.238087058067321777e-01
-2.749904617667198181e-02
6.077998876571655273e-01
7.160379886627197266e-01
-3.088561259210109711e-02
6.530635356903076172e-01
7.170538306236267090e-01
-3.480187058448791504e-02
4.548594355583190918e-01
8.054052591323852539e-01
-3.143799677491188049e-02
5.325553417205810547e-01
7.953875064849853516e-01
-3.052772209048271179e-02
5.147622823715209961e-01
7.787117958068847656e-01
-1.987539976835250854e-02
4.850256145000457764e-01
7.691980600357055664e-01
-1.152822095900774002e-02
4.508403241634368896e-01
8.626008033752441406e-01
-3.960995003581047058e-02
5.130542516708374023e-01
8.452568650245666504e-01
-3.364486247301101685e-02
5.104970932006835938e-01
8.227514028549194336e-01
-1.894978620111942291e-02
4.929522573947906494e-01
8.063220977783203125e-01
-6.402806844562292099e-03
