1.494823396205902100e-01
6.903405189514160156e-01
9.444294732929847669e-07
2.015757709741592407e-01
5.766260027885437012e-01
5.816915072500705719e-03
2.919232249259948730e-01
5.238658189773559570e-01
-5.160185042768716812e-03
3.654182255268096924e-01
5.407483577728271484e-01
-2.024835534393787384e-02
4.186144471168518066e-01
5.719128847122192383e-01
-3.433840349316596985e-02
3.249957561492919922e-01
4.690789282321929932e-01
-3.478463366627693176e-02
4.503422379493713379e-01
4.736140668392181396e-01
-5.571262910962104797e-02
5.196046829223632812e-01
4.769024252891540527e-01
-6.635485589504241943e-02
5.730363130569458008e-01
4.797857999801635742e-01
-7.105425000190734863e-02
3.334238231182098389e-01
5.418770313262939453e-01
-5.172764137387275696e-02
4.640217423439025879e-01
5.344806909561157227e-01
-6.863033026456832886e-02
5.413494110107421875e-01
5.289298892021179199e-01
-7.560505717992782593e-02
6.020885705947875977e-01
5.240084528923034668e-01
-8.093430846929550171e-02
3.387902081012725830e-01
6.244727969169616699e-01
-6.478003412485122681e-02
4.427393078804016113e-01
6.261518597602844238e-01
-7.532799988985061646e-02
4.111314117908477783e-01
6.232852339744567871e-01
-6.031305342912673950e-02
3.725438416004180908e-01
6.194812655448913574e-01
-4.680407792329788208e-02
3.399242460727691650e-01
7.035738825798034668e-01
-7.812474668025970459e-02
4.219363927841186523e-01
6.842527389526367188e-01
-7.519110292196273804e-02
3.995118737220764160e-01
6.756567955017089844e-01
-5.152221024036407471e-02
3.698310256004333496e-01
6.748098134994506836e-01
-3.181737661361694336e-02
