2.727519273757934570e-01
9.716571569442749023e-01
7.012338301137788221e-07
3.102188110351562500e-01
8.536168336868286133e-01
4.259800538420677185e-03
3.805797100067138672e-01
8.045240640640258789e-01
2.198945265263319016e-03
4.390321969985961914e-01
8.208053112030029297e-01
-2.036692574620246887e-03
4.752341806888580322e-01
8.553970456123352051e-01
-5.635858979076147079e-03
4.196554720401763916e-01
7.854610085487365723e-01
-1.460409723222255707e-02
5.163881182670593262e-01
7.654632329940795898e-01
-2.248842082917690277e-02
5.702612400054931641e-01
7.612991333007812500e-01
-2.406682260334491730e-02
6.110684275627136230e-01
7.605041265487670898e-01
-2.265260927379131317e-02
4.444970488548278809e-01
8.516318798065185547e-01
-2.075594663619995117e-02
5.391365885734558105e-01
8.252125978469848633e-01
-2.235522866249084473e-02
5.945275425910949707e-01
8.079855442047119141e-01
-2.303695306181907654e-02
6.327285766601562500e-01
7.961342930793762207e-01
-2.324744500219821930e-02
4.559978544712066650e-01
9.195163249969482422e-01
-2.473390661180019379e-02
4.946826696395874023e-01
8.904174566268920898e-01
-2.330973371863365173e-02
4.684226512908935547e-01
8.804280161857604980e-01
-1.953344978392124176e-02
4.366683661937713623e-01
8.796636462211608887e-01
-1.455455645918846130e-02
4.564723968505859375e-01
9.770533442497253418e-01
-2.877127006649971008e-02
4.674317836761474609e-01
9.420443177223205566e-01
-2.132057771086692810e-02
4.456514120101928711e-01
9.296125173568725586e-01
-1.080250833183526993e-02
4.213095605373382568e-01
9.287891983985900879e-01
-7.763479952700436115e-04
