9.963511228561401367e-01
8.175367712974548340e-01
3.901969591879606014e-07
9.589410424232482910e-01
7.173352837562561035e-01
1.402283832430839539e-02
8.944407701492309570e-01
6.673667430877685547e-01
1.032068673521280289e-02
8.348340392112731934e-01
6.802873015403747559e-01
3.694232786074280739e-03
7.984895110130310059e-01
7.176271677017211914e-01
-4.555274732410907745e-03
8.721877932548522949e-01
6.300587654113769531e-01
-2.087342180311679840e-02
7.637056708335876465e-01
6.163967847824096680e-01
-3.137726709246635437e-02
7.091472148895263672e-01
6.108968853950500488e-01
-3.362616151571273804e-02
6.635347008705139160e-01
6.067702770233154297e-01
-3.252106532454490662e-02
8.541169166564941406e-01
6.943099498748779297e-01
-3.493250161409378052e-02
7.397055029869079590e-01
6.648266911506652832e-01
-4.385388642549514771e-02
6.756212115287780762e-01
6.458039879798889160e-01
-4.518149793148040771e-02
6.289305686950683594e-01
6.342705488204956055e-01
-4.467717558145523071e-02
8.421841859817504883e-01
7.646936178207397461e-01
-4.446419700980186462e-02
7.673224806785583496e-01
7.399395108222961426e-01
-4.933090880513191223e-02
7.976384162902832031e-01
7.457290291786193848e-01
-3.621838614344596863e-02
8.273070454597473145e-01
7.575231790542602539e-01
-2.300771512091159821e-02
8.378700017929077148e-01
8.325654268264770508e-01
-5.261405929923057556e-02
7.879161238670349121e-01
7.979244589805603027e-01
-4.639134928584098816e-02
8.131350278854370117e-01
8.023974299430847168e-01
-2.475488185882568359e-02
8.368999361991882324e-01
8.143336772918701172e-01
-6.552224047482013702e-03
