7.311234474182128906e-01
9.304063916206359863e-01
5.377806360229442362e-07
6.937210559844970703e-01
8.193266391754150391e-01
9.606680832803249359e-03
6.192585825920104980e-01
7.538015842437744141e-01
-1.533303875476121902e-03
5.516788959503173828e-01
7.616515159606933594e-01
-1.703763194382190704e-02
5.069426298141479492e-01
8.019387722015380859e-01
-3.435820713639259338e-02
5.914263725280761719e-01
7.007060050964355469e-01
-3.347185626626014709e-02
4.723072052001953125e-01
6.653820872306823730e-01
-5.640437081456184387e-02
4.091172814369201660e-01
6.477320194244384766e-01
-6.818860024213790894e-02
3.547028303146362305e-01
6.365299224853515625e-01
-7.403498888015747070e-02
5.740706920623779297e-01
7.665771245956420898e-01
-5.441454052925109863e-02
4.418617486953735352e-01
7.122466564178466797e-01
-7.764524221420288086e-02
3.653480410575866699e-01
6.761680841445922852e-01
-8.797042816877365112e-02
3.036572933197021484e-01
6.526062488555908203e-01
-9.389742463827133179e-02
5.634138584136962891e-01
8.450831770896911621e-01
-7.088378816843032837e-02
4.645898640155792236e-01
8.127626180648803711e-01
-9.030885249376296997e-02
5.009340047836303711e-01
8.204155564308166504e-01
-7.527522742748260498e-02
5.358651876449584961e-01
8.325138688087463379e-01
-5.834936723113059998e-02
5.600785017013549805e-01
9.237371683120727539e-01
-8.653587102890014648e-02
4.889464974403381348e-01
8.781603574752807617e-01
-9.192074090242385864e-02
5.171144604682922363e-01
8.797310590744018555e-01
-6.778077036142349243e-02
5.454992055892944336e-01
8.905946612358093262e-01
-4.630898684263229370e-02
