9.057283997535705566e-01
8.733251690864562988e-01
4.970225830902563757e-08
8.772071003913879395e-01
7.563850879669189453e-01
7.607192732393741608e-03
8.039672374725341797e-01
6.868368387222290039e-01
-5.650809034705162048e-03
7.317534089088439941e-01
6.838845014572143555e-01
-2.161169983446598053e-02
6.826034784317016602e-01
7.140679955482482910e-01
-4.019872844219207764e-02
7.825701832771301270e-01
6.139838695526123047e-01
-4.164677485823631287e-02
6.582548618316650391e-01
5.968775749206542969e-01
-6.763572990894317627e-02
5.914390683174133301e-01
5.935890674591064453e-01
-8.417414873838424683e-02
5.369815826416015625e-01
5.898002982139587402e-01
-9.446261078119277954e-02
7.739378213882446289e-01
6.843611001968383789e-01
-6.168007850646972656e-02
6.395097970962524414e-01
6.554525494575500488e-01
-8.498535305261611938e-02
5.643914937973022461e-01
6.403853297233581543e-01
-9.581723064184188843e-02
5.039189457893371582e-01
6.305702924728393555e-01
-1.049531400203704834e-01
7.658244967460632324e-01
7.612909078598022461e-01
-7.737284898757934570e-02
6.542489528656005859e-01
7.373642325401306152e-01
-9.617968648672103882e-02
6.850344538688659668e-01
7.465025782585144043e-01
-8.220456540584564209e-02
7.194042205810546875e-01
7.560438513755798340e-01
-6.933798640966415405e-02
7.605686187744140625e-01
8.367983698844909668e-01
-9.247127175331115723e-02
6.731684207916259766e-01
7.989559173583984375e-01
-1.016264259815216064e-01
6.964013576507568359e-01
8.026446104049682617e-01
-8.134689927101135254e-02
7.267451286315917969e-01
8.107110261917114258e-01
-6.394037604331970215e-02
