2.956548929214477539e-01
6.304769515991210938e-01
8.213484647967561614e-08
3.781121373176574707e-01
5.968295335769653320e-01
1.638967171311378479e-02
4.435482025146484375e-01
5.487818717956542969e-01
1.350635197013616562e-02
4.921400547027587891e-01
5.112308263778686523e-01
-2.448799554258584976e-03
4.949904382228851318e-01
4.613153636455535889e-01
-1.682819612324237823e-02
4.010772109031677246e-01
3.858332633972167969e-01
4.557655751705169678e-02
4.587129354476928711e-01
3.090149164199829102e-01
1.989096775650978088e-02
5.016667246818542480e-01
3.503714203834533691e-01
-6.531952414661645889e-03
5.145066380500793457e-01
4.026469290256500244e-01
-1.974963583052158356e-02
3.820872902870178223e-01
3.749099075794219971e-01
1.834588684141635895e-02
4.529794454574584961e-01
2.827988862991333008e-01
-7.182385306805372238e-03
5.032529830932617188e-01
3.389137983322143555e-01
-2.985778823494911194e-02
5.151078701019287109e-01
4.026966392993927002e-01
-3.979774937033653259e-02
3.627790808677673340e-01
3.737103044986724854e-01
-1.296521630138158798e-02
4.354122877120971680e-01
2.808839678764343262e-01
-3.694844618439674377e-02
4.889896810054779053e-01
3.389794528484344482e-01
-4.627934470772743225e-02
5.031098723411560059e-01
4.023594856262207031e-01
-4.601490870118141174e-02
3.472126424312591553e-01
3.877401351928710938e-01
-4.450688511133193970e-02
4.190065860748291016e-01
3.198379874229431152e-01
-6.128151342272758484e-02
4.666074812412261963e-01
3.546842634677886963e-01
-6.186482310295104980e-02
4.850575625896453857e-01
4.015764296054840088e-01
-5.790791288018226624e-02
