2.593382596969604492e-01
6.138576865196228027e-01
-1.104905322790727951e-07
3.323345184326171875e-01
5.735723376274108887e-01
1.734090037643909454e-02
3.797014653682708740e-01
5.249704122543334961e-01
1.689863577485084534e-02
4.199830889701843262e-01
4.861856997013092041e-01
2.824461786076426506e-03
4.112645387649536133e-01
4.563002288341522217e-01
-1.079606171697378159e-02
3.287767171859741211e-01
4.026198983192443848e-01
4.881128668785095215e-02
3.659729361534118652e-01
3.174391388893127441e-01
2.520552277565002441e-02
4.005774557590484619e-01
3.548167645931243896e-01
9.117357549257576466e-04
4.081222414970397949e-01
4.093829393386840820e-01
-9.911250323057174683e-03
3.147815465927124023e-01
3.956009149551391602e-01
2.349180728197097778e-02
3.617365360260009766e-01
3.063200116157531738e-01
-1.335596665740013123e-03
3.973365724086761475e-01
3.594283461570739746e-01
-2.244898304343223572e-02
4.007874131202697754e-01
4.184912741184234619e-01
-3.052792884409427643e-02
2.982369959354400635e-01
3.910365402698516846e-01
-6.231172941625118256e-03
3.463582694530487061e-01
2.951269745826721191e-01
-2.694852277636528015e-02
3.869448006153106689e-01
3.430128693580627441e-01
-3.591128438711166382e-02
3.945563435554504395e-01
4.024686813354492188e-01
-3.511440381407737732e-02
2.819908261299133301e-01
3.930828571319580078e-01
-3.645045310258865356e-02
3.237244188785552979e-01
3.093270957469940186e-01
-4.905418679118156433e-02
3.637517690658569336e-01
3.283348679542541504e-01
-5.010011419653892517e-02
3.818354010581970215e-01
3.704015314579010010e-01
-4.705806821584701538e-02
