2.356614470481872559e-01
6.583099365234375000e-01
-1.632932793427244178e-07
3.221680819988250732e-01
6.159286499023437500e-01
-1.108653470873832703e-02
3.980240523815155029e-01
5.457877516746520996e-01
-2.999618463218212128e-02
4.519690275192260742e-01
4.845167100429534912e-01
-5.716361477971076965e-02
4.298886656761169434e-01
4.462698698043823242e-01
-8.234140276908874512e-02
3.415591120719909668e-01
3.831662833690643311e-01
-7.454665377736091614e-03
3.981963396072387695e-01
2.702370584011077881e-01
-5.513213574886322021e-02
4.375175535678863525e-01
3.502146601676940918e-01
-9.221569448709487915e-02
4.355663955211639404e-01
4.260899424552917480e-01
-1.086862161755561829e-01
3.096659779548645020e-01
3.747805655002593994e-01
-2.577720955014228821e-02
3.680926859378814697e-01
2.401177883148193359e-01
-7.009565085172653198e-02
4.111574292182922363e-01
3.328089118003845215e-01
-9.720196574926376343e-02
4.081620275974273682e-01
4.141325354576110840e-01
-1.070851162075996399e-01
2.728601098060607910e-01
3.739642500877380371e-01
-4.896456003189086914e-02
3.146317899227142334e-01
2.363447546958923340e-01
-8.454236388206481934e-02
3.652909398078918457e-01
3.167685568332672119e-01
-9.472213685512542725e-02
3.727458715438842773e-01
4.004019796848297119e-01
-9.284794330596923828e-02
2.314622402191162109e-01
3.844795525074005127e-01
-7.432442158460617065e-02
2.696590423583984375e-01
2.752147912979125977e-01
-9.879107773303985596e-02
3.192625641822814941e-01
3.099858164787292480e-01
-1.019230261445045471e-01
3.390906453132629395e-01
3.679994642734527588e-01
-9.933236241340637207e-02
