4.158721268177032471e-01
5.687539577484130859e-01
-3.685910598960617790e-07
4.881604313850402832e-01
5.132049322128295898e-01
3.374490514397621155e-02
5.104969739913940430e-01
4.408172667026519775e-01
3.963787108659744263e-02
5.329657793045043945e-01
3.913771212100982666e-01
3.172403946518898010e-02
5.522005558013916016e-01
3.556214570999145508e-01
2.548912167549133301e-02
4.294954836368560791e-01
3.006841242313385010e-01
3.593653813004493713e-02
5.110534429550170898e-01
2.252910137176513672e-01
1.985312439501285553e-02
5.528060197830200195e-01
2.748973369598388672e-01
3.412953345105051994e-03
5.604842901229858398e-01
3.344821929931640625e-01
-3.913618624210357666e-03
4.227597713470458984e-01
3.026934862136840820e-01
8.007817901670932770e-03
5.185523629188537598e-01
2.136402279138565063e-01
6.513701518997550011e-04
5.599213838577270508e-01
2.729871273040771484e-01
-5.602410063147544861e-03
5.598872303962707520e-01
3.321951329708099365e-01
-9.138027206063270569e-03
4.355813264846801758e-01
3.154883980751037598e-01
-1.985057443380355835e-02
5.273492932319641113e-01
2.109054028987884521e-01
-2.607979439198970795e-02
5.661923885345458984e-01
2.729924917221069336e-01
-1.998769864439964294e-02
5.678580999374389648e-01
3.361448049545288086e-01
-1.393829565495252609e-02
4.634053111076354980e-01
3.362831771373748779e-01
-4.608422890305519104e-02
5.305775403976440430e-01
2.414266169071197510e-01
-4.461622983217239380e-02
5.621656179428100586e-01
2.791593670845031738e-01
-3.084713034331798553e-02
5.678646564483642578e-01
3.313645720481872559e-01
-2.025222778320312500e-02
