2.437499463558197021e-01
6.153578162193298340e-01
-1.103595508311627782e-07
3.181760013103485107e-01
5.757317543029785156e-01
1.756766811013221741e-02
3.657052218914031982e-01
5.223696231842041016e-01
1.804409362375736237e-02
4.066635966300964355e-01
4.802528619766235352e-01
4.250208847224712372e-03
3.988009095191955566e-01
4.493045508861541748e-01
-9.184436872601509094e-03
3.150147795677185059e-01
3.988403677940368652e-01
5.010395124554634094e-02
3.547035157680511475e-01
3.143140375614166260e-01
2.465693838894367218e-02
3.916377425193786621e-01
3.539961278438568115e-01
-6.181012722663581371e-04
4.017723798751831055e-01
4.102979004383087158e-01
-1.182225812226533890e-02
3.019056022167205811e-01
3.891698122024536133e-01
2.328466996550559998e-02
3.501151800155639648e-01
2.956953644752502441e-01
-5.018938332796096802e-03
3.897118866443634033e-01
3.521042466163635254e-01
-2.772925235331058502e-02
3.958908021450042725e-01
4.164500832557678223e-01
-3.597592562437057495e-02
2.843558192253112793e-01
3.835773169994354248e-01
-8.271256461739540100e-03
3.324410617351531982e-01
2.826825380325317383e-01
-3.388417139649391174e-02
3.752355873584747314e-01
3.370081186294555664e-01
-4.553527384996414185e-02
3.837468624114990234e-01
4.025998711585998535e-01
-4.519825428724288940e-02
2.655619680881500244e-01
3.847178816795349121e-01
-4.005228728055953979e-02
3.091623485088348389e-01
2.963762879371643066e-01
-5.660699680447578430e-02
3.508097827434539795e-01
3.187471032142639160e-01
-5.957705527544021606e-02
3.691882491111755371e-01
3.653701543807983398e-01
-5.730933323502540588e-02
