2.687403261661529541e-01
5.870320200920104980e-01
1.110653080615975341e-08
3.372913300991058350e-01
5.635590553283691406e-01
9.281990118324756622e-03
3.942921459674835205e-01
5.207421779632568359e-01
5.327875725924968719e-03
4.400807619094848633e-01
4.897408783435821533e-01
-8.934972807765007019e-03
4.485298395156860352e-01
4.566835761070251465e-01
-2.198628336191177368e-02
3.646085560321807861e-01
3.914239108562469482e-01
3.039555251598358154e-02
4.132300019264221191e-01
3.157571256160736084e-01
4.557913169264793396e-03
4.475653469562530518e-01
3.572931587696075439e-01
-1.981729827821254730e-02
4.550334215164184570e-01
4.088737666606903076e-01
-3.146630898118019104e-02
3.489685058593750000e-01
3.803111016750335693e-01
8.993888273835182190e-03
4.070058166980743408e-01
2.944945693016052246e-01
-1.779481954872608185e-02
4.449411630630493164e-01
3.486758172512054443e-01
-3.871268779039382935e-02
4.487430453300476074e-01
4.077442884445190430e-01
-4.735090211033821106e-02
3.297092318534851074e-01
3.749067187309265137e-01
-1.625709608197212219e-02
3.879241049289703369e-01
2.878187298774719238e-01
-4.037680476903915405e-02
4.301148951053619385e-01
3.405559360980987549e-01
-4.989017546176910400e-02
4.380667209625244141e-01
3.989191055297851562e-01
-4.988610744476318359e-02
3.095141649246215820e-01
3.782641291618347168e-01
-4.200198501348495483e-02
3.646393716335296631e-01
3.144465088844299316e-01
-5.952810496091842651e-02
4.060402512550354004e-01
3.420441448688507080e-01
-6.265746057033538818e-02
4.225604534149169922e-01
3.826569616794586182e-01
-6.093920767307281494e-02
