2.594754695892333984e-01
6.637777686119079590e-01
-1.122307580203596444e-07
3.436946868896484375e-01
5.936844348907470703e-01
2.665193565189838409e-02
3.918756246566772461e-01
5.145300626754760742e-01
2.604693360626697540e-02
4.309138655662536621e-01
4.651961028575897217e-01
1.276843622326850891e-02
4.399591684341430664e-01
4.423199594020843506e-01
9.524709894321858883e-04
2.891050875186920166e-01
3.688730597496032715e-01
3.099298104643821716e-02
3.656838238239288330e-01
2.877163290977478027e-01
3.215578617528080940e-03
4.198185503482818604e-01
3.265310525894165039e-01
-2.429492212831974030e-02
4.425083994865417480e-01
3.830988407135009766e-01
-3.857712075114250183e-02
2.754853963851928711e-01
3.725531399250030518e-01
-5.255180294625461102e-04
3.746592104434967041e-01
2.796982824802398682e-01
-2.727284841239452362e-02
4.301885366439819336e-01
3.374751806259155273e-01
-4.876092076301574707e-02
4.431522488594055176e-01
4.046338498592376709e-01
-5.750453844666481018e-02
2.769216895103454590e-01
3.918009996414184570e-01
-3.232756257057189941e-02
3.608804643154144287e-01
3.009452819824218750e-01
-5.208416655659675598e-02
4.174807965755462646e-01
3.500998318195343018e-01
-5.699617415666580200e-02
4.349539875984191895e-01
4.104476869106292725e-01
-5.410406738519668579e-02
2.906932532787322998e-01
4.239850640296936035e-01
-6.323979049921035767e-02
3.483857214450836182e-01
3.459032773971557617e-01
-7.271643728017807007e-02
3.949627578258514404e-01
3.624835908412933350e-01
-6.721533089876174927e-02
4.192963838577270508e-01
3.991733491420745850e-01
-5.923108756542205811e-02
