4.274562597274780273e-01
4.813630580902099609e-01
-4.073702939422219060e-07
5.024161338806152344e-01
4.279642105102539062e-01
4.488557577133178711e-02
5.328692793846130371e-01
3.691750168800354004e-01
5.827659368515014648e-02
5.626366734504699707e-01
3.288696110248565674e-01
5.316557362675666809e-02
5.729454159736633301e-01
2.902561724185943604e-01
4.852072894573211670e-02
4.422534406185150146e-01
2.169700562953948975e-01
7.062549889087677002e-02
5.169481039047241211e-01
1.519104987382888794e-01
5.616873875260353088e-02
5.555817484855651855e-01
2.014372050762176514e-01
3.578995913267135620e-02
5.629007220268249512e-01
2.622112631797790527e-01
2.631867304444313049e-02
4.330137073993682861e-01
2.172833383083343506e-01
3.561115637421607971e-02
5.248915553092956543e-01
1.379891484975814819e-01
2.450214326381683350e-02
5.629980564117431641e-01
2.032532989978790283e-01
8.637495338916778564e-03
5.637634396553039551e-01
2.721782624721527100e-01
9.819549741223454475e-04
4.415301084518432617e-01
2.232602685689926147e-01
-3.419962595216929913e-04
5.313002467155456543e-01
1.321453750133514404e-01
-1.335271727293729782e-02
5.679339170455932617e-01
2.047745585441589355e-01
-1.614961773157119751e-02
5.691694021224975586e-01
2.775911688804626465e-01
-1.184530835598707199e-02
4.638513624668121338e-01
2.344277650117874146e-01
-3.371054306626319885e-02
5.319293737411499023e-01
1.394079476594924927e-01
-3.631707280874252319e-02
5.665385723114013672e-01
1.786099523305892944e-01
-2.556710317730903625e-02
5.768935680389404297e-01
2.363963723182678223e-01
-1.470632757991552353e-02
