2.952263951301574707e-01
5.118561983108520508e-01
-4.955896315550489817e-08
3.719284236431121826e-01
4.734728336334228516e-01
1.168999541550874710e-02
4.241417050361633301e-01
4.240820705890655518e-01
9.423049166798591614e-03
4.671083092689514160e-01
3.784302175045013428e-01
-6.593802943825721741e-03
4.628976583480834961e-01
3.217506408691406250e-01
-2.146736346185207367e-02
3.718168735504150391e-01
2.843109667301177979e-01
5.070635303854942322e-02
4.169238805770874023e-01
1.964669227600097656e-01
2.552277222275733948e-02
4.554364979267120361e-01
2.296146154403686523e-01
-8.980100392363965511e-05
4.655423164367675781e-01
2.790337800979614258e-01
-1.167297642678022385e-02
3.567738533020019531e-01
2.696199119091033936e-01
2.616425417363643646e-02
4.080215990543365479e-01
1.679672300815582275e-01
-1.984757604077458382e-03
4.517219960689544678e-01
2.211664319038391113e-01
-2.626689150929450989e-02
4.595395922660827637e-01
2.857161760330200195e-01
-3.603991121053695679e-02
3.367080092430114746e-01
2.597530186176300049e-01
-3.888025647029280663e-03
3.898016214370727539e-01
1.498848050832748413e-01
-3.085237741470336914e-02
4.348464012145996094e-01
2.067225575447082520e-01
-4.217056185007095337e-02
4.425843358039855957e-01
2.750306129455566406e-01
-4.142228886485099792e-02
3.156955838203430176e-01
2.585109472274780273e-01
-3.459779545664787292e-02
3.658515810966491699e-01
1.636542975902557373e-01
-5.305086821317672729e-02
4.097552299499511719e-01
1.904630959033966064e-01
-5.526669323444366455e-02
4.271655976772308350e-01
2.410640716552734375e-01
-5.190896987915039062e-02
