3.241324424743652344e-01
4.850654602050781250e-01
-2.747811151948553743e-07
3.965323567390441895e-01
4.373632669448852539e-01
3.095943480730056763e-02
4.306651353836059570e-01
3.777167797088623047e-01
3.740527108311653137e-02
4.630419313907623291e-01
3.419493436813354492e-01
3.012684360146522522e-02
4.829458594322204590e-01
3.054341971874237061e-01
2.457595989108085632e-02
3.451222181320190430e-01
2.343105524778366089e-01
4.634942114353179932e-02
4.274983406066894531e-01
1.718038171529769897e-01
2.915268577635288239e-02
4.678912162780761719e-01
2.169292271137237549e-01
1.056929025799036026e-02
4.773000776767730713e-01
2.724868953227996826e-01
2.426595194265246391e-03
3.376447558403015137e-01
2.314317524433135986e-01
1.916818320751190186e-02
4.353065192699432373e-01
1.594223529100418091e-01
7.469555363059043884e-03
4.772605299949645996e-01
2.178947776556015015e-01
-3.881629090756177902e-03
4.824861884117126465e-01
2.785245180130004883e-01
-8.874967694282531738e-03
3.474397659301757812e-01
2.402154654264450073e-01
-9.135598316788673401e-03
4.418037235736846924e-01
1.540580391883850098e-01
-2.070183865725994110e-02
4.816402792930603027e-01
2.158623039722442627e-01
-1.970232464373111725e-02
4.864374101161956787e-01
2.792747318744659424e-01
-1.443679351359605789e-02
3.716585338115692139e-01
2.587744891643524170e-01
-3.598170354962348938e-02
4.424909651279449463e-01
1.799950003623962402e-01
-3.971331194043159485e-02
4.748339951038360596e-01
2.190382033586502075e-01
-2.967818453907966614e-02
4.818903207778930664e-01
2.718449831008911133e-01
-1.967146620154380798e-02
