2.776146531105041504e-01
6.708568930625915527e-01
-1.340747246558748884e-07
3.438853323459625244e-01
6.078463196754455566e-01
2.966636978089809418e-02
3.795841038227081299e-01
5.431675314903259277e-01
3.370178490877151489e-02
4.105552136898040771e-01
5.047692656517028809e-01
2.521015331149101257e-02
4.306053519248962402e-01
4.730895161628723145e-01
1.756332814693450928e-02
2.939706444740295410e-01
4.287188947200775146e-01
3.425804153084754944e-02
3.730791807174682617e-01
3.664154410362243652e-01
1.243346091359853745e-02
4.174257218837738037e-01
3.981099724769592285e-01
-7.917535491287708282e-03
4.379618167877197266e-01
4.434376060962677002e-01
-1.723484508693218231e-02
2.871220111846923828e-01
4.317214190959930420e-01
5.669626872986555099e-03
3.836941123008728027e-01
3.598808646202087402e-01
-1.353503577411174774e-02
4.285989999771118164e-01
4.088334441184997559e-01
-2.727035433053970337e-02
4.407781362533569336e-01
4.628294110298156738e-01
-3.216760978102684021e-02
2.965592443943023682e-01
4.466989040374755859e-01
-2.329197712242603302e-02
3.842822909355163574e-01
3.644912540912628174e-01
-3.901165351271629333e-02
4.278177022933959961e-01
4.130318760871887207e-01
-3.951483964920043945e-02
4.386136531829833984e-01
4.658269882202148438e-01
-3.422295674681663513e-02
3.170526623725891113e-01
4.690063595771789551e-01
-5.077400803565979004e-02
3.756641447544097900e-01
3.931724429130554199e-01
-5.733605101704597473e-02
4.104712605476379395e-01
4.155772328376770020e-01
-4.938414692878723145e-02
4.243753850460052490e-01
4.522578716278076172e-01
-4.008401557803153992e-02
