2.742891609668731689e-01
5.071398019790649414e-01
-2.406649457498133415e-07
3.575042188167572021e-01
4.556856155395507812e-01
4.841052368283271790e-02
4.024531245231628418e-01
3.973948061466217041e-01
6.555672734975814819e-02
4.408638477325439453e-01
3.615042865276336670e-01
6.225719302892684937e-02
4.516269862651824951e-01
3.145157694816589355e-01
5.806531757116317749e-02
3.277739584445953369e-01
2.505865693092346191e-01
9.129252284765243530e-02
3.936678469181060791e-01
1.867903321981430054e-01
8.246165513992309570e-02
4.357342720031738281e-01
2.213545143604278564e-01
6.425456702709197998e-02
4.492785632610321045e-01
2.720708250999450684e-01
5.530596524477005005e-02
3.134334087371826172e-01
2.383896410465240479e-01
5.262757092714309692e-02
3.955711424350738525e-01
1.646210402250289917e-01
4.242302104830741882e-02
4.406579136848449707e-01
2.209382206201553345e-01
2.328948304057121277e-02
4.492962658405303955e-01
2.863744497299194336e-01
1.425326429307460785e-02
3.095098733901977539e-01
2.382922768592834473e-01
1.174252200871706009e-02
3.926557898521423340e-01
1.537098437547683716e-01
-2.168590435758233070e-03
4.398118853569030762e-01
2.166204303503036499e-01
-1.007421687245368958e-02
4.492101371288299561e-01
2.835529148578643799e-01
-9.043198078870773315e-03
3.178312182426452637e-01
2.511352002620697021e-01
-2.661417238414287567e-02
3.837085664272308350e-01
1.611152589321136475e-01
-3.319517150521278381e-02
4.272632002830505371e-01
1.924499273300170898e-01
-2.760196477174758911e-02
4.451376497745513916e-01
2.438653260469436646e-01
-1.997619867324829102e-02
