2.082260102033615112e-01
5.869318246841430664e-01
-1.860086200622390606e-07
2.873689532279968262e-01
5.653731226921081543e-01
-4.538276419043540955e-02
3.581594526767730713e-01
4.803169369697570801e-01
-6.488794088363647461e-02
3.740832209587097168e-01
3.785042464733123779e-01
-8.437817543745040894e-02
3.197941780090332031e-01
3.225266933441162109e-01
-1.010322496294975281e-01
3.163506686687469482e-01
3.287875056266784668e-01
-1.746785826981067657e-02
3.383070230484008789e-01
2.036504894495010376e-01
-5.751774832606315613e-02
3.249141573905944824e-01
2.369466423988342285e-01
-9.078651666641235352e-02
3.066253066062927246e-01
3.041068613529205322e-01
-1.066178232431411743e-01
2.643284499645233154e-01
3.198505640029907227e-01
-1.250766776502132416e-02
2.734733223915100098e-01
1.809069067239761353e-01
-5.187550187110900879e-02
2.652820050716400146e-01
2.311360985040664673e-01
-8.676860481500625610e-02
2.641057670116424561e-01
2.991378009319305420e-01
-1.039856672286987305e-01
2.166848182678222656e-01
3.195044100284576416e-01
-1.455127447843551636e-02
2.248688787221908569e-01
1.897618919610977173e-01
-4.648504778742790222e-02
2.278736084699630737e-01
2.179198712110519409e-01
-7.304739207029342651e-02
2.273715734481811523e-01
2.890470027923583984e-01
-8.468463271856307983e-02
1.679326146841049194e-01
3.290039598941802979e-01
-2.097446843981742859e-02
1.767754107713699341e-01
2.325737476348876953e-01
-4.201084747910499573e-02
1.896257698535919189e-01
2.368716597557067871e-01
-5.755626410245895386e-02
1.971218287944793701e-01
2.835864424705505371e-01
-6.579252332448959351e-02
