4.388140141963958740e-01
5.207968354225158691e-01
-3.744484544654369529e-08
5.240799784660339355e-01
4.964364767074584961e-01
-3.222636133432388306e-02
5.901408195495605469e-01
4.041161537170410156e-01
-4.810956493020057678e-02
6.249580979347229004e-01
3.083799481391906738e-01
-6.583154201507568359e-02
5.808961987495422363e-01
2.666218280792236328e-01
-8.213187009096145630e-02
5.297068953514099121e-01
2.554677426815032959e-01
-1.658681035041809082e-02
5.480915307998657227e-01
1.294193118810653687e-01
-5.117083713412284851e-02
5.703116655349731445e-01
1.601203382015228271e-01
-8.183050900697708130e-02
5.664667487144470215e-01
2.206257730722427368e-01
-9.728529304265975952e-02
4.880772233009338379e-01
2.497818022966384888e-01
-1.760773174464702606e-02
4.972924590110778809e-01
1.104094237089157104e-01
-4.774777218699455261e-02
5.252240300178527832e-01
1.598835140466690063e-01
-7.530014961957931519e-02
5.280559062957763672e-01
2.261515855789184570e-01
-9.028857946395874023e-02
4.455678462982177734e-01
2.545818090438842773e-01
-2.386320568621158600e-02
4.513439536094665527e-01
1.232610940933227539e-01
-4.755371436476707458e-02
4.839131236076354980e-01
1.550414115190505981e-01
-6.666509807109832764e-02
4.883650839328765869e-01
2.246848493814468384e-01
-7.620587944984436035e-02
3.976112008094787598e-01
2.671877145767211914e-01
-3.390121832489967346e-02
4.083651304244995117e-01
1.654050350189208984e-01
-5.405323579907417297e-02
4.396281242370605469e-01
1.697569638490676880e-01
-6.736527383327484131e-02
4.536621570587158203e-01
2.160338014364242554e-01
-7.504289597272872925e-02
