3.473745584487915039e-01
5.818936824798583984e-01
-1.151117245967725466e-08
4.151040613651275635e-01
5.391292572021484375e-01
8.590218611061573029e-03
4.596657156944274902e-01
4.801873266696929932e-01
4.632796160876750946e-03
4.988100826740264893e-01
4.316774010658264160e-01
-1.169550139456987381e-02
5.037909150123596191e-01
3.877377212047576904e-01
-2.695434540510177612e-02
4.084867835044860840e-01
3.603431284427642822e-01
3.772436082363128662e-02
4.391159117221832275e-01
2.675484120845794678e-01
1.112723629921674728e-02
4.796146750450134277e-01
2.964003682136535645e-01
-1.257657725363969803e-02
4.953333139419555664e-01
3.454228639602661133e-01
-2.267837710678577423e-02
3.924221694469451904e-01
3.499318361282348633e-01
1.492044981569051743e-02
4.307315051555633545e-01
2.423831224441528320e-01
-1.495240908116102219e-02
4.773111939430236816e-01
2.903222143650054932e-01
-3.664191439747810364e-02
4.910392761230468750e-01
3.515658378601074219e-01
-4.372339323163032532e-02
3.723197877407073975e-01
3.461826443672180176e-01
-1.277614105492830276e-02
4.110661745071411133e-01
2.381272763013839722e-01
-4.049988090991973877e-02
4.586006104946136475e-01
2.884250879287719727e-01
-5.025796219706535339e-02
4.727627933025360107e-01
3.517320454120635986e-01
-4.783100634813308716e-02
3.514504730701446533e-01
3.511846363544464111e-01
-4.119902104139328003e-02
3.879681825637817383e-01
2.570235133171081543e-01
-5.981925502419471741e-02
4.325748085975646973e-01
2.725058794021606445e-01
-6.222645565867424011e-02
4.555853307247161865e-01
3.137830793857574463e-01
-5.865337327122688293e-02
