2.780553102493286133e-01
5.806518793106079102e-01
1.066925392478879075e-07
3.585162758827209473e-01
5.551384091377258301e-01
-6.163774523884057999e-03
4.359795451164245605e-01
5.084242820739746094e-01
-1.982696354389190674e-02
4.955223202705383301e-01
4.687157869338989258e-01
-4.274110496044158936e-02
5.084984898567199707e-01
4.084830284118652344e-01
-6.417945027351379395e-02
4.046640992164611816e-01
3.429317772388458252e-01
1.613597385585308075e-02
4.624806642532348633e-01
2.471355497837066650e-01
-2.287883684039115906e-02
5.021767020225524902e-01
2.933128476142883301e-01
-5.673129856586456299e-02
5.100387334823608398e-01
3.553259968757629395e-01
-7.221687585115432739e-02
3.810019493103027344e-01
3.244915902614593506e-01
-2.671451540663838387e-03
4.441435933113098145e-01
2.059476673603057861e-01
-4.168146476149559021e-02
4.897066354751586914e-01
2.671963870525360107e-01
-7.214010506868362427e-02
4.985505044460296631e-01
3.425430953502655029e-01
-8.504816889762878418e-02
3.521046638488769531e-01
3.150740265846252441e-01
-2.693243511021137238e-02
4.125741720199584961e-01
1.979395300149917603e-01
-6.042773649096488953e-02
4.643808007240295410e-01
2.581493258476257324e-01
-7.688664644956588745e-02
4.795093834400177002e-01
3.335218727588653564e-01
-7.949569076299667358e-02
3.207246959209442139e-01
3.182112574577331543e-01
-5.297976359724998474e-02
3.794924616813659668e-01
2.285776287317276001e-01
-7.740160822868347168e-02
4.319494962692260742e-01
2.525345981121063232e-01
-8.538638800382614136e-02
4.586520493030548096e-01
3.013912737369537354e-01
-8.578623086214065552e-02
