8.003522753715515137e-01
7.937328815460205078e-01
-7.727988418082532007e-07
7.189390659332275391e-01
7.069953083992004395e-01
-4.740289587061852217e-04
6.555255055427551270e-01
6.028680801391601562e-01
-1.014839392155408859e-02
6.054258942604064941e-01
5.324438214302062988e-01
-3.190250322222709656e-02
5.785914659500122070e-01
4.581024050712585449e-01
-5.197416245937347412e-02
7.374545335769653320e-01
4.795231819152832031e-01
3.625075519084930420e-02
6.905613541603088379e-01
3.670069575309753418e-01
-9.383242577314376831e-03
6.321355700492858887e-01
3.691664934158325195e-01
-5.033783987164497375e-02
5.855953097343444824e-01
4.025959670543670654e-01
-7.226020842790603638e-02
7.670138478279113770e-01
4.773591160774230957e-01
1.270125154405832291e-02
7.078522443771362305e-01
3.394358456134796143e-01
-3.784129023551940918e-02
6.390939354896545410e-01
3.641117215156555176e-01
-7.717052102088928223e-02
5.952024459838867188e-01
4.211455285549163818e-01
-9.474913775920867920e-02
8.004323244094848633e-01
4.864506423473358154e-01
-1.811280287802219391e-02
7.500196695327758789e-01
3.531468212604522705e-01
-6.093383952975273132e-02
6.741235852241516113e-01
3.757297396659851074e-01
-8.514497429132461548e-02
6.252459287643432617e-01
4.293833971023559570e-01
-9.095565229654312134e-02
8.337332606315612793e-01
5.080610513687133789e-01
-5.006268993020057678e-02
7.879571318626403809e-01
3.995102643966674805e-01
-7.618134468793869019e-02
7.239591479301452637e-01
3.861001133918762207e-01
-8.801348507404327393e-02
6.738265156745910645e-01
4.055937528610229492e-01
-9.111269563436508179e-02
