6.653709411621093750e-01
6.831628084182739258e-01
-6.409262027773365844e-07
5.890991687774658203e-01
6.219076514244079590e-01
9.706441313028335571e-03
5.430714488029479980e-01
5.402974486351013184e-01
9.524574503302574158e-03
5.108351707458496094e-01
4.853941798210144043e-01
-3.529508830979466438e-03
4.931167364120483398e-01
4.258068203926086426e-01
-1.537614315748214722e-02
5.970676541328430176e-01
4.246612191200256348e-01
5.274682492017745972e-02
5.582690834999084473e-01
3.510685563087463379e-01
2.621950581669807434e-02
5.173638463020324707e-01
3.702363371849060059e-01
-1.972042489796876907e-03
4.992262721061706543e-01
4.129495024681091309e-01
-1.765382103621959686e-02
6.205869317054748535e-01
4.134442210197448730e-01
2.926755510270595551e-02
5.707423686981201172e-01
3.261202275753021240e-01
2.524239942431449890e-03
5.231820344924926758e-01
3.532499074935913086e-01
-2.399096637964248657e-02
5.032657980918884277e-01
4.035338461399078369e-01
-3.706392645835876465e-02
6.463930010795593262e-01
4.125635623931884766e-01
-5.062667769379913807e-04
5.962689518928527832e-01
3.168978989124298096e-01
-2.539696544408798218e-02
5.400827527046203613e-01
3.419021964073181152e-01
-4.019085690379142761e-02
5.141274929046630859e-01
3.916737139225006104e-01
-4.417302832007408142e-02
6.709084510803222656e-01
4.235816597938537598e-01
-3.117860853672027588e-02
6.264439821243286133e-01
3.342889547348022461e-01
-4.727425798773765564e-02
5.741881132125854492e-01
3.276906013488769531e-01
-5.212606489658355713e-02
5.388785600662231445e-01
3.516238331794738770e-01
-5.209254845976829529e-02
