7.871094942092895508e-01
6.694561243057250977e-01
-5.603413910648669116e-07
7.314385771751403809e-01
6.162859201431274414e-01
-3.439099993556737900e-03
6.894013881683349609e-01
5.457069873809814453e-01
-1.172757800668478012e-02
6.584210395812988281e-01
4.941209256649017334e-01
-2.708663791418075562e-02
6.647585630416870117e-01
4.574401080608367920e-01
-4.019580408930778503e-02
7.553928494453430176e-01
4.608916044235229492e-01
1.907312870025634766e-02
7.336465716361999512e-01
3.762301802635192871e-01
-1.334164850413799286e-02
6.983072161674499512e-01
3.879647850990295410e-01
-4.049353301525115967e-02
6.768937706947326660e-01
4.246124327182769775e-01
-5.438428372144699097e-02
7.761604785919189453e-01
4.593745470046997070e-01
7.115490734577178955e-03
7.455784082412719727e-01
3.613400757312774658e-01
-2.794182673096656799e-02
7.052122354507446289e-01
3.841628432273864746e-01
-5.259155109524726868e-02
6.864190101623535156e-01
4.281037449836730957e-01
-6.191740557551383972e-02
8.016051650047302246e-01
4.640250205993652344e-01
-9.598524309694766998e-03
7.757737040519714355e-01
3.683215379714965820e-01
-3.580904379487037659e-02
7.315055131912231445e-01
3.823469579219818115e-01
-4.956782236695289612e-02
7.061619162559509277e-01
4.214563965797424316e-01
-5.147879570722579956e-02
8.279806375503540039e-01
4.793395102024078369e-01
-2.756110019981861115e-02
8.041456341743469238e-01
4.070126414299011230e-01
-4.249493405222892761e-02
7.637255191802978516e-01
3.882094025611877441e-01
-5.033308267593383789e-02
7.324098348617553711e-01
3.924289643764495850e-01
-5.207702144980430603e-02
