9.541622400283813477e-01
5.814629197120666504e-01
-2.730711798903939780e-07
8.793712258338928223e-01
4.843780994415283203e-01
1.208325382322072983e-02
8.428083658218383789e-01
3.926985561847686768e-01
1.938717998564243317e-02
8.187888264656066895e-01
3.049831688404083252e-01
1.470670476555824280e-02
8.529027104377746582e-01
2.617760896682739258e-01
1.254084985703229904e-02
9.227486252784729004e-01
3.098541200160980225e-01
8.936978876590728760e-02
9.279251098632812500e-01
2.201104462146759033e-01
7.198439538478851318e-02
9.029878973960876465e-01
2.023123949766159058e-01
4.186953231692314148e-02
8.805490732192993164e-01
2.232068479061126709e-01
2.344015426933765411e-02
9.537233710289001465e-01
3.071193993091583252e-01
7.108569890260696411e-02
9.647942185401916504e-01
1.907711476087570190e-01
4.477780684828758240e-02
9.349059462547302246e-01
1.781931221485137939e-01
3.744877176359295845e-03
9.039613604545593262e-01
2.198511362075805664e-01
-1.750590838491916656e-02
9.812242984771728516e-01
3.132852911949157715e-01
4.627218469977378845e-02
9.937943816184997559e-01
2.069828063249588013e-01
3.233063966035842896e-02
9.639675617218017578e-01
1.851491630077362061e-01
6.977678276598453522e-03
9.356392025947570801e-01
2.139607518911361694e-01
-5.093235056847333908e-03
1.013101339340209961e+00
3.359245955944061279e-01
2.026868611574172974e-02
1.018535137176513672e+00
2.523510456085205078e-01
1.629617996513843536e-02
1.002786636352539062e+00
2.040526568889617920e-01
3.399798646569252014e-03
9.817849397659301758e-01
1.857256889343261719e-01
-4.431962966918945312e-03
