6.183226704597473145e-01
6.251556277275085449e-01
-6.569859465344052296e-07
5.477688908576965332e-01
5.481046438217163086e-01
1.242977753281593323e-02
5.160658359527587891e-01
4.744505286216735840e-01
2.256674924865365028e-03
4.852248430252075195e-01
4.274957478046417236e-01
-1.620733179152011871e-02
4.699214398860931396e-01
3.834446370601654053e-01
-3.437444567680358887e-02
6.224124431610107422e-01
3.735474944114685059e-01
9.387870319187641144e-03
5.543072223663330078e-01
3.043562769889831543e-01
-1.348097063601016998e-02
5.049663782119750977e-01
3.217341303825378418e-01
-3.539844602346420288e-02
4.786713421344757080e-01
3.540454804897308350e-01
-4.913832247257232666e-02
6.327143311500549316e-01
3.825888037681579590e-01
-1.197866164147853851e-02
5.429894924163818359e-01
2.925237417221069336e-01
-3.095808438956737518e-02
4.913097321987152100e-01
3.215187788009643555e-01
-4.577037319540977478e-02
4.743293523788452148e-01
3.625229895114898682e-01
-5.660976096987724304e-02
6.305316090583801270e-01
4.047747850418090820e-01
-3.446106240153312683e-02
5.496309399604797363e-01
3.141367137432098389e-01
-4.859730973839759827e-02
4.959799945354461670e-01
3.336707949638366699e-01
-4.986739903688430786e-02
4.756994545459747314e-01
3.690041005611419678e-01
-5.128243193030357361e-02
6.132882833480834961e-01
4.338726103305816650e-01
-5.674527585506439209e-02
5.560293197631835938e-01
3.609790205955505371e-01
-6.732143461704254150e-02
5.142058134078979492e-01
3.579633831977844238e-01
-6.605713069438934326e-02
4.919492304325103760e-01
3.754947483539581299e-01
-6.443758308887481689e-02
