5.962516665458679199e-01
6.225015521049499512e-01
-6.525552294078806881e-07
5.257151722908020020e-01
5.445820093154907227e-01
1.339962147176265717e-02
4.959543943405151367e-01
4.734982550144195557e-01
5.448854528367519379e-03
4.687849879264831543e-01
4.252429306507110596e-01
-1.152167096734046936e-02
4.576725661754608154e-01
3.818690776824951172e-01
-2.837255224585533142e-02
6.041111946105957031e-01
3.756813704967498779e-01
1.704599894583225250e-02
5.411445498466491699e-01
3.015279769897460938e-01
-6.324245594441890717e-03
4.893553555011749268e-01
3.162225782871246338e-01
-2.830462716519832611e-02
4.609111547470092773e-01
3.512850403785705566e-01
-4.061753302812576294e-02
6.129608750343322754e-01
3.837363719940185547e-01
-4.010859411209821701e-03
5.322741270065307617e-01
2.932534217834472656e-01
-2.312900871038436890e-02
4.769571125507354736e-01
3.187145590782165527e-01
-3.911504894495010376e-02
4.547476470470428467e-01
3.594495654106140137e-01
-4.937703534960746765e-02
6.096384525299072266e-01
4.019933640956878662e-01
-2.689108811318874359e-02
5.348231792449951172e-01
3.093761801719665527e-01
-4.379580914974212646e-02
4.791125655174255371e-01
3.306456208229064941e-01
-4.920135810971260071e-02
4.547460973262786865e-01
3.701177239418029785e-01
-5.115576088428497314e-02
5.920788049697875977e-01
4.272503852844238281e-01
-4.917735606431961060e-02
5.371934175491333008e-01
3.473956882953643799e-01
-6.162118166685104370e-02
4.965668320655822754e-01
3.444683253765106201e-01
-6.214383617043495178e-02
4.728426337242126465e-01
3.643401861190795898e-01
-6.034736335277557373e-02
