7.334723472595214844e-01
5.816499590873718262e-01
-6.083328685235755984e-07
6.823341250419616699e-01
5.151283144950866699e-01
4.805623088032007217e-03
6.503196954727172852e-01
4.418269395828247070e-01
2.015471691265702248e-03
6.249697208404541016e-01
3.908309340476989746e-01
-1.058614719659090042e-02
6.208906769752502441e-01
3.458076119422912598e-01
-2.132720313966274261e-02
7.270975708961486816e-01
3.607788383960723877e-01
3.696845099329948425e-02
7.023949027061462402e-01
2.867813706398010254e-01
1.321056485176086426e-02
6.618815064430236816e-01
2.972611188888549805e-01
-9.914516471326351166e-03
6.379678845405578613e-01
3.317193984985351562e-01
-2.242870070040225983e-02
7.459324598312377930e-01
3.579499423503875732e-01
1.987816952168941498e-02
7.132697105407714844e-01
2.658696174621582031e-01
-7.105003111064434052e-03
6.638514399528503418e-01
2.836156785488128662e-01
-2.974327653646469116e-02
6.376379132270812988e-01
3.270399570465087891e-01
-3.935906291007995605e-02
7.636916637420654297e-01
3.626140058040618896e-01
-2.127692336216568947e-03
7.346435785293579102e-01
2.642383575439453125e-01
-2.519385889172554016e-02
6.786854863166809082e-01
2.758550345897674561e-01
-3.797864913940429688e-02
6.467555165290832520e-01
3.166500329971313477e-01
-4.016408324241638184e-02
7.755365967750549316e-01
3.748584687709808350e-01
-2.492112107574939728e-02
7.518412470817565918e-01
2.917312383651733398e-01
-3.849996253848075867e-02
7.082358598709106445e-01
2.759720087051391602e-01
-4.340924695134162903e-02
6.750211715698242188e-01
2.915389537811279297e-01
-4.335040226578712463e-02
