7.117843031883239746e-01
5.898281335830688477e-01
-5.570364578488806728e-07
6.622986793518066406e-01
5.256412029266357422e-01
6.524994503706693649e-03
6.337948441505432129e-01
4.578501582145690918e-01
5.081037990748882294e-03
6.123402118682861328e-01
4.065545499324798584e-01
-6.155243609100580215e-03
6.130699515342712402e-01
3.624275326728820801e-01
-1.618345268070697784e-02
7.054646015167236328e-01
3.832171559333801270e-01
3.991331160068511963e-02
6.787027716636657715e-01
3.189373314380645752e-01
2.026568539440631866e-02
6.431527137756347656e-01
3.273369073867797852e-01
-2.443848061375319958e-04
6.241441965103149414e-01
3.572632074356079102e-01
-1.143989060074090958e-02
7.236381769180297852e-01
3.790496885776519775e-01
2.278492227196693420e-02
6.914703845977783203e-01
2.963421642780303955e-01
1.229979330673813820e-03
6.485853195190429688e-01
3.114300370216369629e-01
-1.794022135436534882e-02
6.262473464012145996e-01
3.491670489311218262e-01
-2.616429328918457031e-02
7.395554780960083008e-01
3.828935623168945312e-01
9.775412036105990410e-04
7.091444730758666992e-01
2.901081442832946777e-01
-2.037605829536914825e-02
6.590859293937683105e-01
3.037986755371093750e-01
-3.014864400029182434e-02
6.328564882278442383e-01
3.431402444839477539e-01
-3.049462661147117615e-02
7.472088336944580078e-01
3.933368921279907227e-01
-2.131741307675838470e-02
7.179556488990783691e-01
3.113918602466583252e-01
-3.507033735513687134e-02
6.769469976425170898e-01
3.035490810871124268e-01
-3.746586292982101440e-02
6.486139297485351562e-01
3.256324529647827148e-01
-3.531852737069129944e-02
