7.064892053604125977e-01
7.229879498481750488e-01
-7.752626629553560633e-07
6.109657883644104004e-01
6.555720567703247070e-01
1.856809109449386597e-02
5.512385368347167969e-01
5.705847740173339844e-01
1.977721042931079865e-02
5.098491907119750977e-01
5.176617503166198730e-01
4.986952058970928192e-03
4.820685386657714844e-01
4.592782258987426758e-01
-9.332004934549331665e-03
6.077597737312316895e-01
4.356077313423156738e-01
6.119146943092346191e-02
5.567662119865417480e-01
3.517012298107147217e-01
2.894533611834049225e-02
5.066770315170288086e-01
3.776986300945281982e-01
-3.622000571340322495e-03
4.813260138034820557e-01
4.232996702194213867e-01
-2.142600156366825104e-02
6.341713666915893555e-01
4.209996461868286133e-01
3.013266623020172119e-02
5.682232975959777832e-01
3.203373253345489502e-01
-2.835883293300867081e-03
5.091267824172973633e-01
3.518281579017639160e-01
-3.328762948513031006e-02
4.796532392501831055e-01
4.067236185073852539e-01
-4.773243889212608337e-02
6.625280976295471191e-01
4.171987771987915039e-01
-7.326390594244003296e-03
5.928782224655151367e-01
3.147391080856323242e-01
-3.617047145962715149e-02
5.246311426162719727e-01
3.469843864440917969e-01
-5.342934653162956238e-02
4.879023134708404541e-01
4.011428058147430420e-01
-5.822623893618583679e-02
6.898443102836608887e-01
4.269224405288696289e-01
-4.517774283885955811e-02
6.260080933570861816e-01
3.405835032463073730e-01
-6.189370527863502502e-02
5.643277168273925781e-01
3.386778831481933594e-01
-6.722941994667053223e-02
5.197146534919738770e-01
3.627066016197204590e-01
-6.771041452884674072e-02
