7.067264318466186523e-01
8.551559448242187500e-01
-7.099117169673263561e-07
6.426357030868530273e-01
7.764689922332763672e-01
1.062274072319269180e-02
6.005860567092895508e-01
6.883587837219238281e-01
1.025891583412885666e-02
5.691592693328857422e-01
6.291538476943969727e-01
-2.468002727255225182e-03
5.659842491149902344e-01
5.787045359611511230e-01
-1.328973937779664993e-02
6.824433207511901855e-01
5.919150710105895996e-01
4.968303814530372620e-02
6.519266366958618164e-01
5.099017024040222168e-01
2.329393103718757629e-02
6.071078777313232422e-01
5.265694856643676758e-01
-2.727283863350749016e-03
5.786228179931640625e-01
5.668144822120666504e-01
-1.645316742360591888e-02
7.040419578552246094e-01
5.895095467567443848e-01
2.747057750821113586e-02
6.615869998931884766e-01
4.899827241897583008e-01
-1.835735281929373741e-03
6.079549789428710938e-01
5.174304246902465820e-01
-2.663512155413627625e-02
5.793125629425048828e-01
5.684961080551147461e-01
-3.652621433138847351e-02
7.243044376373291016e-01
5.961402058601379395e-01
-2.873743069358170033e-04
6.814649105072021484e-01
4.912623763084411621e-01
-2.609668858349323273e-02
6.200051307678222656e-01
5.139060616493225098e-01
-3.943960368633270264e-02
5.854929685592651367e-01
5.629262924194335938e-01
-4.062945395708084106e-02
7.363247871398925781e-01
6.116716265678405762e-01
-2.852654270827770233e-02
6.943295001983642578e-01
5.238872170448303223e-01
-4.352728649973869324e-02
6.423231363296508789e-01
5.152243971824645996e-01
-4.770341515541076660e-02
6.049138307571411133e-01
5.374429821968078613e-01
-4.614767059683799744e-02
