5.927096605300903320e-01
8.865218758583068848e-01
-6.815247388658463024e-07
5.125026702880859375e-01
8.166351914405822754e-01
6.386032328009605408e-03
4.696573019027709961e-01
7.395254969596862793e-01
-4.245716612786054611e-03
4.347361624240875244e-01
6.906918883323669434e-01
-2.253570780158042908e-02
4.204781353473663330e-01
6.440294981002807617e-01
-3.896554559469223022e-02
5.726922154426574707e-01
6.180368065834045410e-01
1.192639954388141632e-02
5.033618211746215820e-01
5.498246550559997559e-01
-1.561470888555049896e-02
4.511873126029968262e-01
5.735493898391723633e-01
-3.964328020811080933e-02
4.272112548351287842e-01
6.126815080642700195e-01
-5.363057553768157959e-02
5.845133662223815918e-01
6.255806684494018555e-01
-7.454622536897659302e-03
4.894700050354003906e-01
5.407852530479431152e-01
-3.345647454261779785e-02
4.347592592239379883e-01
5.831378102302551270e-01
-5.167196318507194519e-02
4.190296530723571777e-01
6.316835880279541016e-01
-6.184911355376243591e-02
5.850347280502319336e-01
6.454142928123474121e-01
-2.953380160033702850e-02
4.944699406623840332e-01
5.642664432525634766e-01
-5.099573731422424316e-02
4.366725683212280273e-01
5.949565172195434570e-01
-5.687783658504486084e-02
4.147666096687316895e-01
6.372145414352416992e-01
-5.821769312024116516e-02
5.711516141891479492e-01
6.760362386703491211e-01
-5.190037563443183899e-02
5.081947445869445801e-01
6.071872115135192871e-01
-6.688170135021209717e-02
4.631180465221405029e-01
6.032867431640625000e-01
-6.931449472904205322e-02
4.380417466163635254e-01
6.187521219253540039e-01
-6.876749545335769653e-02
