7.476441860198974609e-01
7.725080251693725586e-01
-5.592140723820193671e-07
6.921585202217102051e-01
7.130731940269470215e-01
6.568012293428182602e-03
6.550195217132568359e-01
6.428769826889038086e-01
5.048070568591356277e-03
6.278250813484191895e-01
5.936823487281799316e-01
-6.405775900930166245e-03
6.289640069007873535e-01
5.505623817443847656e-01
-1.599932089447975159e-02
7.206797003746032715e-01
5.532209277153015137e-01
4.192822799086570740e-02
6.970105767250061035e-01
4.849022030830383301e-01
1.975682936608791351e-02
6.603567600250244141e-01
4.939051568508148193e-01
-2.713121240958571434e-03
6.367387175559997559e-01
5.234892964363098145e-01
-1.497838459908962250e-02
7.390192151069641113e-01
5.488732457160949707e-01
2.435197308659553528e-02
7.072843313217163086e-01
4.660081863403320312e-01
-2.829398436006158590e-04
6.634930968284606934e-01
4.831661581993103027e-01
-2.171234600245952606e-02
6.390834450721740723e-01
5.223602056503295898e-01
-3.074022009968757629e-02
7.574626803398132324e-01
5.517253875732421875e-01
1.836544252000749111e-03
7.249692082405090332e-01
4.633799791336059570e-01
-1.949115283787250519e-02
6.759119629859924316e-01
4.779120981693267822e-01
-3.071218729019165039e-02
6.476517915725708008e-01
5.165619254112243652e-01
-3.211949765682220459e-02
7.714036703109741211e-01
5.625764131546020508e-01
-2.144346572458744049e-02
7.378633618354797363e-01
4.892146587371826172e-01
-3.394932299852371216e-02
6.947154998779296875e-01
4.787070453166961670e-01
-3.771069273352622986e-02
6.634230613708496094e-01
4.941852986812591553e-01
-3.679907321929931641e-02
