4.214050769805908203e-01
7.966450452804565430e-01
1.775651448099324625e-08
4.986593127250671387e-01
7.226570248603820801e-01
2.430597320199012756e-02
5.402665734291076660e-01
6.652132868766784668e-01
1.934647932648658752e-02
5.755763649940490723e-01
6.298589706420898438e-01
3.262251149863004684e-03
5.829488039016723633e-01
5.888196825981140137e-01
-1.147268805652856827e-02
4.447760879993438721e-01
5.405683517456054688e-01
2.036549709737300873e-02
5.132398009300231934e-01
4.709379076957702637e-01
-9.616754250600934029e-04
5.642233490943908691e-01
4.978529214859008789e-01
-2.318817190825939178e-02
5.892810225486755371e-01
5.381515622138977051e-01
-3.688043355941772461e-02
4.345403909683227539e-01
5.464903116226196289e-01
-1.008347142487764359e-02
5.253052711486816406e-01
4.638127088546752930e-01
-2.969615720212459564e-02
5.773298740386962891e-01
5.070630311965942383e-01
-4.810066148638725281e-02
5.913413166999816895e-01
5.572710633277893066e-01
-5.910189077258110046e-02
4.393645524978637695e-01
5.662809014320373535e-01
-3.989065438508987427e-02
5.201870799064636230e-01
4.858973622322082520e-01
-5.232381448149681091e-02
5.709204077720642090e-01
5.202081799507141113e-01
-5.340518057346343994e-02
5.867006778717041016e-01
5.666838288307189941e-01
-5.250769853591918945e-02
4.566647708415985107e-01
5.990784168243408203e-01
-6.912176311016082764e-02
5.141293406486511230e-01
5.327810645103454590e-01
-7.331327348947525024e-02
5.521024465560913086e-01
5.405955910682678223e-01
-6.563522666692733765e-02
5.690519809722900391e-01
5.667845010757446289e-01
-5.912415683269500732e-02
