4.805032014846801758e-01
8.037339448928833008e-01
1.452283981961954851e-08
5.515843629837036133e-01
7.424980998039245605e-01
2.984222583472728729e-02
5.937656164169311523e-01
6.869599223136901855e-01
3.013521619141101837e-02
6.326040625572204590e-01
6.524922847747802734e-01
1.867893524467945099e-02
6.547911167144775391e-01
6.259611845016479492e-01
8.067699149250984192e-03
5.083252787590026855e-01
5.613683462142944336e-01
2.759047783911228180e-02
5.875201821327209473e-01
5.060111284255981445e-01
5.686575081199407578e-03
6.347886919975280762e-01
5.301943421363830566e-01
-1.739625632762908936e-02
6.613409519195556641e-01
5.698560476303100586e-01
-3.070496395230293274e-02
5.043470263481140137e-01
5.681757926940917969e-01
-2.720957156270742416e-03
6.043345332145690918e-01
4.995575547218322754e-01
-2.365979924798011780e-02
6.491497159004211426e-01
5.435362458229064941e-01
-4.183308035135269165e-02
6.619060039520263672e-01
5.963498353958129883e-01
-5.067434906959533691e-02
5.159815549850463867e-01
5.890503525733947754e-01
-3.195307776331901550e-02
6.026645898818969727e-01
5.153992176055908203e-01
-4.533517733216285706e-02
6.474806070327758789e-01
5.569364428520202637e-01
-4.608907550573348999e-02
6.612606048583984375e-01
6.051746606826782227e-01
-4.284161329269409180e-02
5.382139682769775391e-01
6.198054552078247070e-01
-5.985149741172790527e-02
5.995106101036071777e-01
5.570644736289978027e-01
-6.312934309244155884e-02
6.353790163993835449e-01
5.713430047035217285e-01
-5.400777235627174377e-02
6.527891159057617188e-01
5.980917215347290039e-01
-4.513829573988914490e-02
