4.259046912193298340e-01
7.936452031135559082e-01
-1.399134941237889507e-08
4.914591312408447266e-01
7.262145280838012695e-01
2.352876216173171997e-02
5.217427015304565430e-01
6.766598820686340332e-01
2.243020758032798767e-02
5.469122529029846191e-01
6.459396481513977051e-01
1.054531056433916092e-02
5.574410557746887207e-01
6.211898326873779297e-01
-6.652255251538008451e-05
4.362985193729400635e-01
5.669199228286743164e-01
2.515602484345436096e-02
5.072040557861328125e-01
5.130724310874938965e-01
6.281767971813678741e-03
5.476236939430236816e-01
5.435273051261901855e-01
-1.253124419599771500e-02
5.664193630218505859e-01
5.838664174079895020e-01
-2.239688299596309662e-02
4.297817647457122803e-01
5.713691115379333496e-01
1.291343796765431762e-04
5.183488726615905762e-01
5.061284899711608887e-01
-1.508834026753902435e-02
5.592311620712280273e-01
5.478869676589965820e-01
-2.649953402578830719e-02
5.711239576339721680e-01
5.947608351707458496e-01
-3.186542540788650513e-02
4.386804997920989990e-01
5.875040292739868164e-01
-2.511481381952762604e-02
5.215270519256591797e-01
5.145624876022338867e-01
-3.590510040521621704e-02
5.589709877967834473e-01
5.556942224502563477e-01
-3.366400673985481262e-02
5.683411359786987305e-01
6.034048795700073242e-01
-2.878334373235702515e-02
4.589482247829437256e-01
6.117506623268127441e-01
-4.969469085335731506e-02
5.167037248611450195e-01
5.488154292106628418e-01
-5.106390267610549927e-02
5.448065996170043945e-01
5.656111836433410645e-01
-4.120980203151702881e-02
5.556256771087646484e-01
5.963116288185119629e-01
-3.234223648905754089e-02
