2.907294929027557373e-01
7.875958085060119629e-01
-1.829512825679557864e-07
3.464069068431854248e-01
7.230938076972961426e-01
2.417742088437080383e-02
3.752734363079071045e-01
6.543149948120117188e-01
2.630149945616722107e-02
4.000393748283386230e-01
6.092941164970397949e-01
1.530856359750032425e-02
3.997103273868560791e-01
5.822104215621948242e-01
5.321934819221496582e-03
3.018143177032470703e-01
5.554408431053161621e-01
4.013497382402420044e-02
3.418232798576354980e-01
4.670887589454650879e-01
1.807916723191738129e-02
3.849773406982421875e-01
4.979314804077148438e-01
-2.809995785355567932e-03
4.002858698368072510e-01
5.456802845001220703e-01
-1.204709615558385849e-02
2.870461344718933105e-01
5.567001104354858398e-01
1.251189783215522766e-02
3.396985828876495361e-01
4.643161296844482422e-01
-9.395300410687923431e-03
3.873097300529479980e-01
5.106580853462219238e-01
-2.515925653278827667e-02
3.981854915618896484e-01
5.656461119651794434e-01
-3.044619597494602203e-02
2.785961031913757324e-01
5.647920966148376465e-01
-1.741087622940540314e-02
3.319694399833679199e-01
4.693071842193603516e-01
-3.754621371626853943e-02
3.796689808368682861e-01
5.143720507621765137e-01
-4.114566370844841003e-02
3.932954668998718262e-01
5.687857270240783691e-01
-3.682700917124748230e-02
2.777002453804016113e-01
5.798038840293884277e-01
-4.657502099871635437e-02
3.181466460227966309e-01
4.975371360778808594e-01
-5.843920633196830750e-02
3.589101135730743408e-01
5.126941204071044922e-01
-5.483620241284370422e-02
3.787554204463958740e-01
5.480372309684753418e-01
-4.817694798111915588e-02
