5.737094283103942871e-01
7.483884096145629883e-01
-3.855926706819445826e-07
6.292425990104675293e-01
6.674317121505737305e-01
4.141736403107643127e-02
6.508439779281616211e-01
5.940555334091186523e-01
4.701448976993560791e-02
6.775376200675964355e-01
5.427810549736022949e-01
3.788075223565101624e-02
7.024384140968322754e-01
5.101798772811889648e-01
2.976121753454208374e-02
5.637545585632324219e-01
4.820695221424102783e-01
3.272469341754913330e-02
6.404132246971130371e-01
3.957717418670654297e-01
1.861374266445636749e-02
6.844994425773620605e-01
4.399746656417846680e-01
4.849718417972326279e-03
6.947793960571289062e-01
4.893241226673126221e-01
-2.529070479795336723e-03
5.601021051406860352e-01
4.893260598182678223e-01
-1.318087452091276646e-03
6.531519889831542969e-01
3.871906995773315430e-01
-7.133505307137966156e-03
6.988716721534729004e-01
4.424150586128234863e-01
-1.171910949051380157e-02
7.004306316375732422e-01
4.964267313480377197e-01
-1.540594268590211868e-02
5.766414403915405273e-01
5.084536075592041016e-01
-3.371319919824600220e-02
6.589556336402893066e-01
3.934692740440368652e-01
-3.780820965766906738e-02
7.049262523651123047e-01
4.499821066856384277e-01
-2.869431488215923309e-02
7.087604403495788574e-01
5.079602599143981934e-01
-2.209793962538242340e-02
6.063932776451110840e-01
5.337057709693908691e-01
-6.377647817134857178e-02
6.650400161743164062e-01
4.366289377212524414e-01
-6.159018352627754211e-02
7.019293904304504395e-01
4.657534956932067871e-01
-4.632699489593505859e-02
7.107064723968505859e-01
5.105882287025451660e-01
-3.537610173225402832e-02
