7.885016798973083496e-01
7.411684989929199219e-01
-5.389866828409139998e-07
7.124540805816650391e-01
7.029767036437988281e-01
-1.662549935281276703e-02
6.374231576919555664e-01
6.193203330039978027e-01
-3.440258651971817017e-02
5.903857946395874023e-01
5.454258322715759277e-01
-5.824111774563789368e-02
6.094115972518920898e-01
4.808953702449798584e-01
-7.848377525806427002e-02
6.814172863960266113e-01
4.776796400547027588e-01
5.286448169499635696e-03
6.502261161804199219e-01
3.581165075302124023e-01
-3.894677013158798218e-02
6.177048683166503906e-01
3.812242746353149414e-01
-7.313777506351470947e-02
6.064282059669494629e-01
4.315207302570343018e-01
-9.068330377340316772e-02
7.169688940048217773e-01
4.667847454547882080e-01
-5.800968036055564880e-03
6.801183223724365234e-01
3.321074545383453369e-01
-5.470356717705726624e-02
6.408973932266235352e-01
3.638610243797302246e-01
-8.553601801395416260e-02
6.247905492782592773e-01
4.251076877117156982e-01
-9.593361616134643555e-02
7.577319741249084473e-01
4.662594497203826904e-01
-2.327619120478630066e-02
7.254657745361328125e-01
3.438075780868530273e-01
-5.921864882111549377e-02
6.843576431274414062e-01
3.648629784584045410e-01
-7.721215486526489258e-02
6.613718271255493164e-01
4.173961281776428223e-01
-8.035339415073394775e-02
8.058746457099914551e-01
4.785078167915344238e-01
-4.311227798461914062e-02
7.726470828056335449e-01
3.894567191600799561e-01
-6.384087353944778442e-02
7.307576537132263184e-01
3.677561283111572266e-01
-7.574234157800674438e-02
6.947437524795532227e-01
3.726000189781188965e-01
-7.993324846029281616e-02
