8.267472982406616211e-01
6.787366271018981934e-01
-7.436933060489536729e-07
7.444215416908264160e-01
6.029608249664306641e-01
2.128112316131591797e-02
6.950476765632629395e-01
5.248189568519592285e-01
1.871740631759166718e-02
6.527344584465026855e-01
4.757293164730072021e-01
4.145399667322635651e-03
6.419088840484619141e-01
4.296802878379821777e-01
-9.280446916818618774e-03
8.071303963661193848e-01
4.004716575145721436e-01
4.235510155558586121e-02
7.329297065734863281e-01
3.379057645797729492e-01
2.280256524682044983e-02
6.802892684936523438e-01
3.537619411945343018e-01
-4.186380538158118725e-04
6.470318436622619629e-01
3.851624727249145508e-01
-1.503730192780494690e-02
8.219619393348693848e-01
3.990061879158020020e-01
1.524598989635705948e-02
7.229152917861938477e-01
3.186029791831970215e-01
-1.829267013818025589e-03
6.670454144477844238e-01
3.484109044075012207e-01
-2.246414870023727417e-02
6.403853893280029297e-01
3.941456675529479980e-01
-3.612004965543746948e-02
8.258638381958007812e-01
4.098775088787078857e-01
-1.434572692960500717e-02
7.306997179985046387e-01
3.283711075782775879e-01
-2.743088081479072571e-02
6.702166795730590820e-01
3.526749908924102783e-01
-3.529946133494377136e-02
6.393214464187622070e-01
3.950383961200714111e-01
-3.979646041989326477e-02
8.126979470252990723e-01
4.328538775444030762e-01
-4.367989301681518555e-02
7.367042899131774902e-01
3.702422082424163818e-01
-5.253772810101509094e-02
6.851866841316223145e-01
3.686050176620483398e-01
-5.438233911991119385e-02
6.502412557601928711e-01
3.868476152420043945e-01
-5.437450483441352844e-02
