3.534630537033081055e-01
6.181437969207763672e-01
-2.559117895373219653e-08
4.286552071571350098e-01
5.663174390792846680e-01
2.248007804155349731e-02
4.675561785697937012e-01
5.011424422264099121e-01
2.056204713881015778e-02
5.041385293006896973e-01
4.623958766460418701e-01
4.789625760167837143e-03
5.207709074020385742e-01
4.193300902843475342e-01
-9.681367315351963043e-03
3.866851329803466797e-01
3.629229068756103516e-01
4.129291325807571411e-02
4.548946321010589600e-01
2.890827357769012451e-01
1.969437114894390106e-02
5.039426088333129883e-01
3.204442262649536133e-01
-3.413464175537228584e-03
5.199035406112670898e-01
3.689092695713043213e-01
-1.497137360274791718e-02
3.742363154888153076e-01
3.608695864677429199e-01
1.289544440805912018e-02
4.541418850421905518e-01
2.681590914726257324e-01
-4.513654392212629318e-03
5.076608657836914062e-01
3.151136040687561035e-01
-2.115256525576114655e-02
5.193780660629272461e-01
3.710844516754150391e-01
-2.927776612341403961e-02
3.730477690696716309e-01
3.683280646800994873e-01
-1.767604798078536987e-02
4.495722651481628418e-01
2.660503089427947998e-01
-3.190713375806808472e-02
5.016546845436096191e-01
3.140217363834381104e-01
-3.277113288640975952e-02
5.117157101631164551e-01
3.716045618057250977e-01
-2.909891121089458466e-02
3.839211165904998779e-01
3.866112828254699707e-01
-4.813947901129722595e-02
4.482062160968780518e-01
2.979048788547515869e-01
-5.313039198517799377e-02
4.912512302398681641e-01
3.205953538417816162e-01
-4.384732246398925781e-02
5.040692090988159180e-01
3.624768853187561035e-01
-3.479374200105667114e-02
