3.350363969802856445e-01
6.137856245040893555e-01
-6.893854020972867147e-08
3.996632695198059082e-01
5.682809948921203613e-01
1.632564701139926910e-02
4.402814209461212158e-01
5.164617300033569336e-01
1.474312879145145416e-02
4.742993712425231934e-01
4.790158867835998535e-01
1.143416389822959900e-03
4.808368682861328125e-01
4.314739704132080078e-01
-1.098256278783082962e-02
3.729013204574584961e-01
3.928090929985046387e-01
3.961679711937904358e-02
4.270768463611602783e-01
3.306493759155273438e-01
1.599471643567085266e-02
4.670163393020629883e-01
3.628603219985961914e-01
-5.952036939561367035e-03
4.812269806861877441e-01
4.095727205276489258e-01
-1.494598202407360077e-02
3.585691452026367188e-01
3.866124749183654785e-01
1.639559678733348846e-02
4.231263697147369385e-01
3.099498450756072998e-01
-6.689955480396747589e-03
4.677195847034454346e-01
3.574340343475341797e-01
-2.301761321723461151e-02
4.814437031745910645e-01
4.129573106765747070e-01
-2.778336033225059509e-02
3.521409630775451660e-01
3.899023532867431641e-01
-1.026214845478534698e-02
4.180435240268707275e-01
3.045977652072906494e-01
-3.318674862384796143e-02
4.635127782821655273e-01
3.517189621925354004e-01
-3.805370256304740906e-02
4.778046011924743652e-01
4.077434539794921875e-01
-3.297551721334457397e-02
3.553293347358703613e-01
4.038397073745727539e-01
-3.658139705657958984e-02
4.107179343700408936e-01
3.255748748779296875e-01
-4.961519688367843628e-02
4.510467350482940674e-01
3.401140570640563965e-01
-4.648980498313903809e-02
4.707749187946319580e-01
3.729053735733032227e-01
-3.909959644079208374e-02
