2.898965775966644287e-01
6.107593178749084473e-01
-1.664238524767824856e-08
3.762790858745574951e-01
5.519132018089294434e-01
2.559377811849117279e-02
4.331538975238800049e-01
4.865657389163970947e-01
2.652500569820404053e-02
4.800412654876708984e-01
4.384154081344604492e-01
9.964028373360633850e-03
4.872567057609558105e-01
3.909218013286590576e-01
-6.042601075023412704e-03
3.628901839256286621e-01
3.345474004745483398e-01
6.269450485706329346e-02
4.103851020336151123e-01
2.335230261087417603e-01
3.642059117555618286e-02
4.600683152675628662e-01
2.705963850021362305e-01
9.157733060419559479e-03
4.796360731124877930e-01
3.249154388904571533e-01
-3.690286073833703995e-03
3.456048071384429932e-01
3.257784247398376465e-01
2.869184501469135284e-02
4.034602344036102295e-01
2.095283418893814087e-01
-6.164555088616907597e-04
4.606025218963623047e-01
2.694591581821441650e-01
-2.660666964948177338e-02
4.763975739479064941e-01
3.405572474002838135e-01
-3.679828718304634094e-02
3.272472918033599854e-01
3.260193169116973877e-01
-9.809554554522037506e-03
3.866847157478332520e-01
2.109062522649765015e-01
-3.746348619461059570e-02
4.456189572811126709e-01
2.740471959114074707e-01
-4.884833842515945435e-02
4.617554545402526855e-01
3.460197150707244873e-01
-4.733074456453323364e-02
3.122296631336212158e-01
3.389980792999267578e-01
-4.787124693393707275e-02
3.664425015449523926e-01
2.372509241104125977e-01
-6.465079635381698608e-02
4.194264113903045654e-01
2.632196843624114990e-01
-6.457265466451644897e-02
4.436475634574890137e-01
3.117210566997528076e-01
-5.928574129939079285e-02
