2.551043629646301270e-01
6.987101435661315918e-01
1.611132347534294240e-07
3.323154449462890625e-01
6.892625093460083008e-01
-3.284767642617225647e-02
4.157010912895202637e-01
6.451991796493530273e-01
-6.340187788009643555e-02
4.876441657543182373e-01
6.295310258865356445e-01
-9.679206460714340210e-02
5.447952747344970703e-01
6.441462039947509766e-01
-1.311085075139999390e-01
3.899727165699005127e-01
4.761538505554199219e-01
-4.077761620283126831e-02
4.362996220588684082e-01
3.691775202751159668e-01
-7.681964337825775146e-02
4.623575210571289062e-01
2.952484190464019775e-01
-9.250951558351516724e-02
4.813772737979888916e-01
2.333751022815704346e-01
-1.019145250320434570e-01
3.390105664730072021e-01
4.559436440467834473e-01
-4.572331905364990234e-02
3.842281401157379150e-01
4.678145647048950195e-01
-9.496095031499862671e-02
3.525859713554382324e-01
5.650999546051025391e-01
-9.405453503131866455e-02
3.264265656471252441e-01
5.773278474807739258e-01
-8.213969320058822632e-02
2.872580289840698242e-01
4.539241790771484375e-01
-5.474819242954254150e-02
3.313885331153869629e-01
4.700669944286346436e-01
-1.113476753234863281e-01
3.079279065132141113e-01
5.591530203819274902e-01
-9.209217876195907593e-02
2.841570377349853516e-01
5.670384764671325684e-01
-6.508466601371765137e-02
2.330517619848251343e-01
4.587512910366058350e-01
-6.581199169158935547e-02
2.756299972534179688e-01
4.500903785228729248e-01
-1.003157645463943481e-01
2.725692391395568848e-01
5.225063562393188477e-01
-7.854010164737701416e-02
2.566646933555603027e-01
5.440517663955688477e-01
-5.300699919462203979e-02
