7.385190725326538086e-01
7.208337187767028809e-01
-2.987341360949358204e-07
6.566989421844482422e-01
6.916546225547790527e-01
-7.576570846140384674e-03
5.817018151283264160e-01
6.271702051162719727e-01
-2.487868256866931915e-02
5.151203274726867676e-01
6.037893295288085938e-01
-5.048673599958419800e-02
4.558285474777221680e-01
6.083616018295288086e-01
-7.751964777708053589e-02
6.314874887466430664e-01
4.694260954856872559e-01
-4.714249167591333389e-03
5.960215926170349121e-01
3.609887957572937012e-01
-3.393930569291114807e-02
5.825828313827514648e-01
2.897720634937286377e-01
-4.970806837081909180e-02
5.732588768005371094e-01
2.246941626071929932e-01
-6.283827126026153564e-02
6.719456315040588379e-01
4.561752676963806152e-01
-2.377963811159133911e-02
5.983994007110595703e-01
4.683716297149658203e-01
-7.117733359336853027e-02
6.213407516479492188e-01
5.649715065956115723e-01
-7.310261577367782593e-02
6.559448242187500000e-01
5.844527482986450195e-01
-6.473235785961151123e-02
7.142004370689392090e-01
4.600898027420043945e-01
-4.707310721278190613e-02
6.418745517730712891e-01
4.867596030235290527e-01
-8.909905701875686646e-02
6.633616089820861816e-01
5.726357698440551758e-01
-6.572727859020233154e-02
6.922791004180908203e-01
5.803864598274230957e-01
-4.168111458420753479e-02
7.561764717102050781e-01
4.784445464611053467e-01
-7.274812459945678711e-02
6.911028027534484863e-01
4.899051487445831299e-01
-9.385158121585845947e-02
6.978727579116821289e-01
5.525705814361572266e-01
-7.350469380617141724e-02
7.214511036872863770e-01
5.631442070007324219e-01
-5.395883321762084961e-02
