8.230893611907958984e-01
7.282457351684570312e-01
-2.652925275015149964e-07
7.374563217163085938e-01
6.991155147552490234e-01
-2.101555094122886658e-02
6.511832475662231445e-01
6.251589059829711914e-01
-4.180881753563880920e-02
5.765952467918395996e-01
5.930812954902648926e-01
-6.893830001354217529e-02
5.150724053382873535e-01
5.983299016952514648e-01
-9.793992340564727783e-02
6.988629698753356934e-01
4.579916000366210938e-01
-1.593751087784767151e-02
6.654261350631713867e-01
3.287779092788696289e-01
-5.146509408950805664e-02
6.537019014358520508e-01
2.424306273460388184e-01
-7.124183326959609985e-02
6.459952592849731445e-01
1.705796122550964355e-01
-8.608201146125793457e-02
7.478597164154052734e-01
4.435604810714721680e-01
-3.050092235207557678e-02
6.881572008132934570e-01
4.388660490512847900e-01
-9.325708448886871338e-02
7.072755694389343262e-01
5.534079074859619141e-01
-1.009505391120910645e-01
7.365065813064575195e-01
5.963303446769714355e-01
-9.050638973712921143e-02
8.004778623580932617e-01
4.480300247669219971e-01
-5.022256448864936829e-02
7.430621981620788574e-01
4.657303988933563232e-01
-1.079176738858222961e-01
7.594074606895446777e-01
5.672611594200134277e-01
-8.771719783544540405e-02
7.839536070823669434e-01
5.922365784645080566e-01
-5.880661681294441223e-02
8.549047708511352539e-01
4.664304852485656738e-01
-7.263176143169403076e-02
8.031914234161376953e-01
4.700075387954711914e-01
-1.018451899290084839e-01
8.053017854690551758e-01
5.427575707435607910e-01
-8.140080422163009644e-02
8.243132829666137695e-01
5.614933371543884277e-01
-5.814031884074211121e-02
