7.987896800041198730e-01
6.137731075286865234e-01
-2.308194240185912349e-07
7.363367080688476562e-01
5.937569737434387207e-01
-1.436384394764900208e-02
6.706383228302001953e-01
5.345374941825866699e-01
-2.843080274760723114e-02
6.129587292671203613e-01
5.046700835227966309e-01
-4.730746522545814514e-02
5.650255084037780762e-01
4.989303648471832275e-01
-6.782283633947372437e-02
7.107328772544860840e-01
4.132145941257476807e-01
-1.197101175785064697e-02
6.875349283218383789e-01
3.084321320056915283e-01
-3.812313824892044067e-02
6.792765855789184570e-01
2.424918711185455322e-01
-5.186677351593971252e-02
6.742456555366516113e-01
1.867974102497100830e-01
-6.208346411585807800e-02
7.477957606315612793e-01
4.055641591548919678e-01
-2.286804281175136566e-02
7.056426405906677246e-01
3.906806409358978271e-01
-7.020654529333114624e-02
7.172143459320068359e-01
4.783116877079010010e-01
-7.558492571115493774e-02
7.385303378105163574e-01
5.141876935958862305e-01
-6.730229407548904419e-02
7.878383994102478027e-01
4.093244373798370361e-01
-3.734239563345909119e-02
7.464017271995544434e-01
4.094347357749938965e-01
-8.179773390293121338e-02
7.571572065353393555e-01
4.893213212490081787e-01
-6.642729043960571289e-02
7.754760384559631348e-01
5.113519430160522461e-01
-4.413750767707824707e-02
8.303444385528564453e-01
4.219581186771392822e-01
-5.329060181975364685e-02
7.922279238700866699e-01
4.115785360336303711e-01
-7.622060179710388184e-02
7.921941876411437988e-01
4.686097800731658936e-01
-6.028529256582260132e-02
8.064457178115844727e-01
4.857862293720245361e-01
-4.212182015180587769e-02
