7.662885785102844238e-01
6.398107409477233887e-01
-2.637389400206302525e-07
7.067861557006835938e-01
6.036641597747802734e-01
-2.462895121425390244e-03
6.545035839080810547e-01
5.380826592445373535e-01
-1.296877209097146988e-02
6.076990962028503418e-01
5.021696090698242188e-01
-3.189349547028541565e-02
5.630773305892944336e-01
4.947845339775085449e-01
-5.234070494771003723e-02
7.132734656333923340e-01
4.300551712512969971e-01
4.541411530226469040e-03
6.960472464561462402e-01
3.339855968952178955e-01
-1.726593077182769775e-02
6.885502338409423828e-01
2.748640179634094238e-01
-2.788858488202095032e-02
6.852441430091857910e-01
2.213614434003829956e-01
-3.675485402345657349e-02
7.422162294387817383e-01
4.289302825927734375e-01
-1.283978112041950226e-02
6.790071725845336914e-01
4.102790653705596924e-01
-5.347322672605514526e-02
6.833117604255676270e-01
4.894172251224517822e-01
-5.644543096423149109e-02
7.093072533607482910e-01
5.168174505233764648e-01
-4.857335612177848816e-02
7.710564136505126953e-01
4.348917901515960693e-01
-3.376149758696556091e-02
7.052638530731201172e-01
4.274453818798065186e-01
-7.192651927471160889e-02
7.137970328330993652e-01
4.992870986461639404e-01
-5.615051463246345520e-02
7.403073310852050781e-01
5.165137052536010742e-01
-3.615194186568260193e-02
7.999829053878784180e-01
4.483909904956817627e-01
-5.607018247246742249e-02
7.422307729721069336e-01
4.334366321563720703e-01
-7.669195532798767090e-02
7.419219017028808594e-01
4.821109771728515625e-01
-6.269346177577972412e-02
7.631575465202331543e-01
4.995962083339691162e-01
-4.729609936475753784e-02
