8.045071959495544434e-01
6.238072514533996582e-01
-2.350227248371083988e-07
7.442197203636169434e-01
6.027092337608337402e-01
-1.114362105727195740e-02
6.811016201972961426e-01
5.471400022506713867e-01
-2.320273965597152710e-02
6.253241896629333496e-01
5.230823159217834473e-01
-4.048482701182365417e-02
5.797920823097229004e-01
5.237850546836853027e-01
-5.978121981024742126e-02
7.180601954460144043e-01
4.294520318508148193e-01
-8.056044578552246094e-03
6.919965744018554688e-01
3.308995366096496582e-01
-3.263309970498085022e-02
6.825782656669616699e-01
2.680835127830505371e-01
-4.659911245107650757e-02
6.771168112754821777e-01
2.140195369720458984e-01
-5.735507607460021973e-02
7.542673349380493164e-01
4.210951924324035645e-01
-2.025125548243522644e-02
7.121193408966064453e-01
4.067072272300720215e-01
-6.570476293563842773e-02
7.245334982872009277e-01
4.907999932765960693e-01
-7.246252894401550293e-02
7.465833425521850586e-01
5.275381803512573242e-01
-6.573654711246490479e-02
7.932856678962707520e-01
4.244495034217834473e-01
-3.565661981701850891e-02
7.509181499481201172e-01
4.259813129901885986e-01
-7.765398174524307251e-02
7.619756460189819336e-01
5.023869276046752930e-01
-6.423918902873992920e-02
7.805262804031372070e-01
5.252903699874877930e-01
-4.395002871751785278e-02
8.343333005905151367e-01
4.369609355926513672e-01
-5.233869701623916626e-02
7.949607372283935547e-01
4.268684983253479004e-01
-7.414175570011138916e-02
7.953698635101318359e-01
4.818648099899291992e-01
-5.937450006604194641e-02
8.096965551376342773e-01
5.001652836799621582e-01
-4.247037321329116821e-02
