6.147719621658325195e-01
6.883777379989624023e-01
-1.782800893579405965e-07
5.542669892311096191e-01
6.602399945259094238e-01
-7.679855450987815857e-03
5.009474158287048340e-01
6.119827628135681152e-01
-2.414055168628692627e-02
4.499872922897338867e-01
5.928148031234741211e-01
-4.680903628468513489e-02
4.064148664474487305e-01
5.971976518630981445e-01
-7.042981684207916260e-02
5.418917536735534668e-01
4.911001920700073242e-01
-6.664338055998086929e-03
5.152350068092346191e-01
4.118862152099609375e-01
-3.153251856565475464e-02
5.038726925849914551e-01
3.562059998512268066e-01
-4.393548518419265747e-02
4.965469241142272949e-01
3.072788417339324951e-01
-5.353037640452384949e-02
5.730715394020080566e-01
4.827724397182464600e-01
-2.054431103169918060e-02
5.117189884185791016e-01
4.941940903663635254e-01
-5.556567013263702393e-02
5.264114737510681152e-01
5.665402412414550781e-01
-5.434612929821014404e-02
5.522349476814270020e-01
5.753347277641296387e-01
-4.625092074275016785e-02
6.050276756286621094e-01
4.879156947135925293e-01
-3.812811523675918579e-02
5.431946516036987305e-01
5.109372735023498535e-01
-6.959453225135803223e-02
5.593850016593933105e-01
5.738000869750976562e-01
-5.025549605488777161e-02
5.832756161689758301e-01
5.752593874931335449e-01
-3.121082857251167297e-02
6.358273625373840332e-01
5.048573017120361328e-01
-5.792747810482978821e-02
5.805754661560058594e-01
5.170195102691650391e-01
-7.397723197937011719e-02
5.865740180015563965e-01
5.635285377502441406e-01
-5.801331624388694763e-02
6.067960858345031738e-01
5.695321559906005859e-01
-4.276008158922195435e-02
