5.286255478858947754e-01
6.728889942169189453e-01
-2.153403215743310284e-07
4.701092839241027832e-01
6.420163512229919434e-01
-5.164480768144130707e-03
4.247009158134460449e-01
5.943978428840637207e-01
-1.820277795195579529e-02
3.814351558685302734e-01
5.733668804168701172e-01
-3.749491646885871887e-02
3.405972123146057129e-01
5.718021392822265625e-01
-5.732752755284309387e-02
4.622715413570404053e-01
4.770861268043518066e-01
-1.005605678074061871e-03
4.393907487392425537e-01
3.996846675872802734e-01
-2.334774658083915710e-02
4.281457960605621338e-01
3.481842875480651855e-01
-3.493673726916313171e-02
4.189220070838928223e-01
3.000522255897521973e-01
-4.432890936732292175e-02
4.895893931388854980e-01
4.713027179241180420e-01
-1.566924899816513062e-02
4.250728487968444824e-01
4.824400842189788818e-01
-5.210645869374275208e-02
4.366452991962432861e-01
5.498153567314147949e-01
-5.583070218563079834e-02
4.590274691581726074e-01
5.621083974838256836e-01
-5.071444436907768250e-02
5.150251984596252441e-01
4.776365160942077637e-01
-3.349304944276809692e-02
4.485436975955963135e-01
5.008932948112487793e-01
-6.762183457612991333e-02
4.666630625724792480e-01
5.586370229721069336e-01
-5.396746844053268433e-02
4.903009235858917236e-01
5.607505440711975098e-01
-3.733667358756065369e-02
5.380882620811462402e-01
4.935287237167358398e-01
-5.276061594486236572e-02
4.764658212661743164e-01
5.058974623680114746e-01
-7.122228294610977173e-02
4.874362051486968994e-01
5.460942387580871582e-01
-5.834754928946495056e-02
5.094847679138183594e-01
5.504664778709411621e-01
-4.423601552844047546e-02
