1.914761364459991455e-01
5.946741104125976562e-01
4.022257726887801255e-08
2.564802169799804688e-01
5.876079797744750977e-01
-3.156543523073196411e-02
3.274456858634948730e-01
5.460380911827087402e-01
-5.330149456858634949e-02
3.903388977050781250e-01
5.259631276130676270e-01
-7.574624568223953247e-02
4.421636462211608887e-01
5.326356887817382812e-01
-9.790546447038650513e-02
3.114509880542755127e-01
4.140492081642150879e-01
-3.098226711153984070e-02
3.478966355323791504e-01
3.201099634170532227e-01
-6.183047592639923096e-02
3.662237226963043213e-01
2.608467936515808105e-01
-7.506832480430603027e-02
3.788080215454101562e-01
2.056266963481903076e-01
-8.248866349458694458e-02
2.703015804290771484e-01
4.012584984302520752e-01
-3.195337578654289246e-02
2.965811192989349365e-01
3.894594609737396240e-01
-7.378691434860229492e-02
2.714277803897857666e-01
4.756564497947692871e-01
-7.262185961008071899e-02
2.556630671024322510e-01
4.888420403003692627e-01
-6.157420575618743896e-02
2.269915789365768433e-01
3.965470790863037109e-01
-3.771867975592613220e-02
2.500550150871276855e-01
3.867059051990509033e-01
-8.710478246212005615e-02
2.326155304908752441e-01
4.697695076465606689e-01
-7.113505154848098755e-02
2.187621295452117920e-01
4.816394150257110596e-01
-4.734322801232337952e-02
1.808559745550155640e-01
3.960190117359161377e-01
-4.552638158202171326e-02
2.031072080135345459e-01
3.672564625740051270e-01
-7.602461427450180054e-02
2.035562843084335327e-01
4.321875870227813721e-01
-5.898197367787361145e-02
1.949792802333831787e-01
4.587574303150177002e-01
-3.800906240940093994e-02
