2.949564754962921143e-01
6.095815300941467285e-01
-2.352564543173230049e-08
3.539715707302093506e-01
5.901968479156494141e-01
-2.024891786277294159e-02
4.165439903736114502e-01
5.364550948143005371e-01
-3.372484818100929260e-02
4.693470597267150879e-01
5.038071870803833008e-01
-5.007444694638252258e-02
5.145438909530639648e-01
4.944360852241516113e-01
-6.777482479810714722e-02
3.883292078971862793e-01
4.284519255161285400e-01
-1.783126592636108398e-02
4.214321970939636230e-01
3.355322778224945068e-01
-4.161771014332771301e-02
4.393521845340728760e-01
2.827162742614746094e-01
-5.496185645461082458e-02
4.538205862045288086e-01
2.329880893230438232e-01
-6.383831799030303955e-02
3.555523753166198730e-01
4.198488295078277588e-01
-2.213702350854873657e-02
3.914821445941925049e-01
3.975682258605957031e-01
-6.505796313285827637e-02
3.706505894660949707e-01
4.743260145187377930e-01
-7.348912954330444336e-02
3.469697237014770508e-01
5.096316933631896973e-01
-6.855232268571853638e-02
3.192521035671234131e-01
4.189682304859161377e-01
-2.915073186159133911e-02
3.516221642494201660e-01
3.953703045845031738e-01
-7.319121062755584717e-02
3.367398083209991455e-01
4.695583283901214600e-01
-6.415826827287673950e-02
3.185911178588867188e-01
5.008113384246826172e-01
-4.528484866023063660e-02
2.781450152397155762e-01
4.218036830425262451e-01
-3.732879832386970520e-02
3.105612099170684814e-01
3.800500035285949707e-01
-6.434189528226852417e-02
3.129247725009918213e-01
4.326712787151336670e-01
-5.196535587310791016e-02
3.045613169670104980e-01
4.673683941364288330e-01
-3.480804711580276489e-02
