3.650002479553222656e-01
6.360360383987426758e-01
3.783480906349723227e-08
4.236800074577331543e-01
6.049686670303344727e-01
-1.420203503221273422e-02
4.822571277618408203e-01
5.466303825378417969e-01
-2.629855833947658539e-02
5.319288372993469238e-01
5.151112675666809082e-01
-4.369437322020530701e-02
5.767816305160522461e-01
5.067375898361206055e-01
-6.241969391703605652e-02
4.436182975769042969e-01
4.445168673992156982e-01
-5.247747991234064102e-03
4.767875373363494873e-01
3.534993827342987061e-01
-2.642585337162017822e-02
4.960566163063049316e-01
3.034626543521881104e-01
-3.884824737906455994e-02
5.122953057289123535e-01
2.570391297340393066e-01
-4.691138118505477905e-02
4.135720431804656982e-01
4.405698478221893311e-01
-1.307747792452573776e-02
4.550499916076660156e-01
4.201121032238006592e-01
-5.221086367964744568e-02
4.405051469802856445e-01
4.907869398593902588e-01
-6.129272654652595520e-02
4.188994765281677246e-01
5.225779414176940918e-01
-5.774640291929244995e-02
3.817459344863891602e-01
4.427990913391113281e-01
-2.372442744672298431e-02
4.226449131965637207e-01
4.178259670734405518e-01
-6.429296731948852539e-02
4.097621738910675049e-01
4.891467392444610596e-01
-5.636086314916610718e-02
3.901664912700653076e-01
5.207034945487976074e-01
-3.908578306436538696e-02
3.453984558582305908e-01
4.485288858413696289e-01
-3.542703762650489807e-02
3.842903375625610352e-01
4.097771644592285156e-01
-6.012557074427604675e-02
3.865512311458587646e-01
4.605786800384521484e-01
-4.821512848138809204e-02
3.750754594802856445e-01
4.950081706047058105e-01
-3.178842365741729736e-02
