1.437012553215026855e-01
6.392400264739990234e-01
-3.813059024082576798e-08
1.995255351066589355e-01
6.184101700782775879e-01
-2.651471272110939026e-02
2.547819018363952637e-01
5.592865347862243652e-01
-4.180248826742172241e-02
3.045799732208251953e-01
5.207427740097045898e-01
-5.784163251519203186e-02
3.493206501007080078e-01
5.099943280220031738e-01
-7.361490279436111450e-02
2.322829961776733398e-01
4.566489160060882568e-01
-2.400407195091247559e-02
2.537035346031188965e-01
3.632282912731170654e-01
-5.054858326911926270e-02
2.637646198272705078e-01
3.095260262489318848e-01
-6.268352270126342773e-02
2.697664499282836914e-01
2.573332786560058594e-01
-6.973408907651901245e-02
1.943275928497314453e-01
4.535036683082580566e-01
-2.496523037552833557e-02
2.117495536804199219e-01
4.274998605251312256e-01
-6.517034024000167847e-02
2.001458257436752319e-01
5.091238617897033691e-01
-6.771825253963470459e-02
1.888194680213928223e-01
5.316569805145263672e-01
-5.936716496944427490e-02
1.550679504871368408e-01
4.561529159545898438e-01
-2.988086268305778503e-02
1.701006591320037842e-01
4.319383502006530762e-01
-7.527527958154678345e-02
1.653309911489486694e-01
5.129327178001403809e-01
-6.265075504779815674e-02
1.566193401813507080e-01
5.352512001991271973e-01
-4.144199565052986145e-02
1.136117652058601379e-01
4.633563160896301270e-01
-3.649695962667465210e-02
1.276339739561080933e-01
4.204006493091583252e-01
-6.445570290088653564e-02
1.351333856582641602e-01
4.788567721843719482e-01
-5.024796351790428162e-02
1.321528553962707520e-01
5.117838978767395020e-01
-3.165544196963310242e-02
