2.575860619544982910e-01
6.210154294967651367e-01
-1.293564189097651251e-08
3.148246705532073975e-01
5.970090031623840332e-01
-1.653321832418441772e-02
3.737689852714538574e-01
5.374573469161987305e-01
-2.826777845621109009e-02
4.253499507904052734e-01
5.047842264175415039e-01
-4.342856630682945251e-02
4.689217805862426758e-01
4.956990182399749756e-01
-6.001678854227066040e-02
3.408506214618682861e-01
4.359872341156005859e-01
-1.503484416753053665e-02
3.730761110782623291e-01
3.426477909088134766e-01
-3.714755550026893616e-02
3.912578821182250977e-01
2.902933359146118164e-01
-4.901702329516410828e-02
4.039000272750854492e-01
2.417635917663574219e-01
-5.704045295715332031e-02
3.074088394641876221e-01
4.309208095073699951e-01
-2.042233012616634369e-02
3.403851985931396484e-01
4.100131392478942871e-01
-5.943373963236808777e-02
3.236472904682159424e-01
4.882632195949554443e-01
-6.518822163343429565e-02
3.024319708347320557e-01
5.181836485862731934e-01
-5.970356985926628113e-02
2.714417576789855957e-01
4.323502182960510254e-01
-2.843200229108333588e-02
3.027901053428649902e-01
4.097389280796051025e-01
-7.026430219411849976e-02
2.915989756584167480e-01
4.847299456596374512e-01
-5.985051020979881287e-02
2.735783159732818604e-01
5.100925564765930176e-01
-4.128249734640121460e-02
2.315710186958312988e-01
4.374936223030090332e-01
-3.722240030765533447e-02
2.636030912399291992e-01
3.972421288490295410e-01
-6.276387721300125122e-02
2.670796513557434082e-01
4.509702324867248535e-01
-4.908483475446701050e-02
2.566987276077270508e-01
4.807193577289581299e-01
-3.179483488202095032e-02
