3.937370479106903076e-01
6.590661406517028809e-01
2.773432505875916831e-08
4.550262987613677979e-01
6.303788423538208008e-01
-1.557138562202453613e-02
5.154343247413635254e-01
5.775107145309448242e-01
-2.911773137748241425e-02
5.664506554603576660e-01
5.558037757873535156e-01
-4.769111052155494690e-02
6.122000217437744141e-01
5.512697696685791016e-01
-6.710702180862426758e-02
4.803970754146575928e-01
4.697996079921722412e-01
-9.868573397397994995e-03
5.147896409034729004e-01
3.735584616661071777e-01
-3.398801386356353760e-02
5.329110622406005859e-01
3.198928833007812500e-01
-4.722029715776443481e-02
5.476119518280029297e-01
2.697098851203918457e-01
-5.560219660401344299e-02
4.504215121269226074e-01
4.636336863040924072e-01
-1.784250326454639435e-02
4.971330165863037109e-01
4.498789906501770020e-01
-5.944592133164405823e-02
4.770507216453552246e-01
5.222699046134948730e-01
-6.711920350790023804e-02
4.501823782920837402e-01
5.506709218025207520e-01
-6.221864745020866394e-02
4.178296327590942383e-01
4.622864127159118652e-01
-2.895430661737918854e-02
4.651997387409210205e-01
4.447865784168243408e-01
-7.125365734100341797e-02
4.468955099582672119e-01
5.158022046089172363e-01
-6.162029504776000977e-02
4.225400984287261963e-01
5.407115221023559570e-01
-4.295928776264190674e-02
3.805975317955017090e-01
4.642539024353027344e-01
-4.120285809040069580e-02
4.276982843875885010e-01
4.363244771957397461e-01
-6.559406220912933350e-02
4.255693554878234863e-01
4.880349636077880859e-01
-5.182549729943275452e-02
4.075829386711120605e-01
5.154249668121337891e-01
-3.420291841030120850e-02
