1.916867792606353760e-01
6.421858072280883789e-01
3.495588174473596155e-08
2.497656047344207764e-01
6.217338442802429199e-01
-3.028695844113826752e-02
3.087843656539916992e-01
5.760691165924072266e-01
-5.067124962806701660e-02
3.628385663032531738e-01
5.526620149612426758e-01
-7.092560082674026489e-02
4.090739488601684570e-01
5.544181466102600098e-01
-9.046433120965957642e-02
2.723790109157562256e-01
4.577256441116333008e-01
-3.113579191267490387e-02
2.835100889205932617e-01
3.589515388011932373e-01
-5.780601128935813904e-02
2.869600355625152588e-01
2.998657524585723877e-01
-6.940934062004089355e-02
2.869457602500915527e-01
2.473938912153244019e-01
-7.582928985357284546e-02
2.347859144210815430e-01
4.576045274734497070e-01
-3.069023229181766510e-02
2.521312832832336426e-01
4.377640783786773682e-01
-6.604246795177459717e-02
2.456717193126678467e-01
5.189509987831115723e-01
-6.402456760406494141e-02
2.374191582202911377e-01
5.388535857200622559e-01
-5.398000031709671021e-02
1.970897912979125977e-01
4.642376899719238281e-01
-3.464306890964508057e-02
2.120307832956314087e-01
4.453994333744049072e-01
-7.695813477039337158e-02
2.122792899608612061e-01
5.221818685531616211e-01
-6.319420784711837769e-02
2.058859765529632568e-01
5.402023792266845703e-01
-4.256329312920570374e-02
1.586249470710754395e-01
4.747806489467620850e-01
-4.068259894847869873e-02
1.697601974010467529e-01
4.387232959270477295e-01
-6.579294800758361816e-02
1.809128075838088989e-01
4.945339560508728027e-01
-5.042916163802146912e-02
1.796893179416656494e-01
5.232578516006469727e-01
-3.218366578221321106e-02
