3.197285234928131104e-01
6.160350441932678223e-01
6.816459574565669755e-08
3.766811192035675049e-01
5.977791547775268555e-01
-2.148829028010368347e-02
4.405489563941955566e-01
5.478750467300415039e-01
-3.972702473402023315e-02
4.965927600860595703e-01
5.261405110359191895e-01
-6.110246106982231140e-02
5.428412556648254395e-01
5.365344285964965820e-01
-8.366236835718154907e-02
3.960117101669311523e-01
4.272791445255279541e-01
-2.026543021202087402e-02
4.165844917297363281e-01
3.269598484039306641e-01
-4.478836059570312500e-02
4.282706081867218018e-01
2.691850066184997559e-01
-5.753533914685249329e-02
4.369557201862335205e-01
2.170563638210296631e-01
-6.584224104881286621e-02
3.641519844532012939e-01
4.245057106018066406e-01
-2.508830279111862183e-02
4.077157080173492432e-01
4.068815410137176514e-01
-6.531668454408645630e-02
3.921219706535339355e-01
4.858378767967224121e-01
-7.050319015979766846e-02
3.695090711116790771e-01
5.096333026885986328e-01
-6.413585692644119263e-02
3.308331966400146484e-01
4.273844659328460693e-01
-3.280702233314514160e-02
3.704249262809753418e-01
4.077548384666442871e-01
-7.651054859161376953e-02
3.596685230731964111e-01
4.838523864746093750e-01
-6.525558978319168091e-02
3.408956527709960938e-01
5.080171227455139160e-01
-4.519324004650115967e-02
2.929025292396545410e-01
4.325914978981018066e-01
-4.174637049436569214e-02
3.277131319046020508e-01
3.960303962230682373e-01
-6.784896552562713623e-02
3.331625759601593018e-01
4.531041383743286133e-01
-5.277880653738975525e-02
3.251237869262695312e-01
4.850990772247314453e-01
-3.393205627799034119e-02
