1.924396604299545288e-01
6.114476323127746582e-01
1.733372556600443204e-08
2.517957985401153564e-01
5.899074077606201172e-01
-2.654127590358257294e-02
3.125382065773010254e-01
5.386648178100585938e-01
-4.386712610721588135e-02
3.678616881370544434e-01
5.105842351913452148e-01
-6.232185661792755127e-02
4.137955605983734131e-01
5.100840926170349121e-01
-8.072644472122192383e-02
2.770781219005584717e-01
4.256483912467956543e-01
-2.456552162766456604e-02
2.940181195735931396e-01
3.275961279869079590e-01
-5.013488233089447021e-02
3.023463487625122070e-01
2.700808644294738770e-01
-6.117014214396476746e-02
3.065914511680603027e-01
2.180195897817611694e-01
-6.722664833068847656e-02
2.400891035795211792e-01
4.234951436519622803e-01
-2.576779201626777649e-02
2.602029144763946533e-01
4.005392193794250488e-01
-6.241058558225631714e-02
2.516612410545349121e-01
4.832792580127716064e-01
-6.167308241128921509e-02
2.414512187242507935e-01
5.045893788337707520e-01
-5.155998840928077698e-02
2.022289931774139404e-01
4.278022348880767822e-01
-3.114352189004421234e-02
2.192197889089584351e-01
4.043911993503570557e-01
-7.451707124710083008e-02
2.166066914796829224e-01
4.851313233375549316e-01
-6.099113449454307556e-02
2.072227299213409424e-01
5.069245696067810059e-01
-3.951608017086982727e-02
1.628813743591308594e-01
4.364807903766632080e-01
-3.824862465262413025e-02
1.769337058067321777e-01
3.935714662075042725e-01
-6.454388797283172607e-02
1.862388849258422852e-01
4.511718451976776123e-01
-4.944213107228279114e-02
1.830494999885559082e-01
4.835516214370727539e-01
-3.059651702642440796e-02
