2.496129572391510010e-01
6.740010976791381836e-01
1.289280415761595577e-08
3.034026026725769043e-01
6.544463038444519043e-01
-1.798214577138423920e-02
3.595165610313415527e-01
6.030195355415344238e-01
-3.092861361801624298e-02
4.082260429859161377e-01
5.777401328086853027e-01
-4.652423039078712463e-02
4.481778144836425781e-01
5.772135257720947266e-01
-6.324859708547592163e-02
3.206585049629211426e-01
5.025240182876586914e-01
-1.700261607766151428e-02
3.416777253150939941e-01
4.140467643737792969e-01
-3.752096742391586304e-02
3.533020019531250000e-01
3.641403913497924805e-01
-4.811296239495277405e-02
3.603073060512542725e-01
3.184340596199035645e-01
-5.512610822916030884e-02
2.885134220123291016e-01
5.004702210426330566e-01
-2.049326151609420776e-02
3.162497878074645996e-01
4.851763844490051270e-01
-5.535541102290153503e-02
3.052256703376770020e-01
5.578228831291198730e-01
-5.981685593724250793e-02
2.887772917747497559e-01
5.814220309257507324e-01
-5.455910786986351013e-02
2.556591033935546875e-01
5.052215456962585449e-01
-2.642155997455120087e-02
2.813522517681121826e-01
4.870144724845886230e-01
-6.490151584148406982e-02
2.744370698928833008e-01
5.560681223869323730e-01
-5.498297512531280518e-02
2.599594295024871826e-01
5.776813626289367676e-01
-3.769154101610183716e-02
2.200406342744827271e-01
5.126481652259826660e-01
-3.327045962214469910e-02
2.453908473253250122e-01
4.777171313762664795e-01
-5.730531364679336548e-02
2.511827051639556885e-01
5.271285176277160645e-01
-4.472639039158821106e-02
2.444049119949340820e-01
5.537133812904357910e-01
-2.856355346739292145e-02
