1.732710897922515869e-01
6.246778964996337891e-01
-2.860380377001092711e-08
2.356223315000534058e-01
5.964939594268798828e-01
-2.903516218066215515e-02
2.940586805343627930e-01
5.363430380821228027e-01
-4.547809809446334839e-02
3.491498231887817383e-01
5.001976490020751953e-01
-6.210877373814582825e-02
3.964210748672485352e-01
4.915230572223663330e-01
-7.791263610124588013e-02
2.586098015308380127e-01
4.226833879947662354e-01
-2.951505593955516815e-02
2.785362601280212402e-01
3.176317811012268066e-01
-6.038667634129524231e-02
2.871598005294799805e-01
2.579633295536041260e-01
-7.398553937673568726e-02
2.920612990856170654e-01
2.020243257284164429e-01
-8.075624704360961914e-02
2.188842147588729858e-01
4.233397543430328369e-01
-3.069898858666419983e-02
2.400282323360443115e-01
3.953599631786346436e-01
-7.083434611558914185e-02
2.311805039644241333e-01
4.834984540939331055e-01
-6.953391432762145996e-02
2.200763225555419922e-01
5.058991312980651855e-01
-5.830146372318267822e-02
1.773114502429962158e-01
4.288345277309417725e-01
-3.678506612777709961e-02
1.950090825557708740e-01
4.024545252323150635e-01
-8.525106310844421387e-02
1.933153420686721802e-01
4.899473190307617188e-01
-7.103669643402099609e-02
1.836525797843933105e-01
5.106917023658752441e-01
-4.776019975543022156e-02
1.345246434211730957e-01
4.410568177700042725e-01
-4.469314217567443848e-02
1.473581492900848389e-01
3.949584960937500000e-01
-7.334717363119125366e-02
1.607376039028167725e-01
4.569233059883117676e-01
-5.627095326781272888e-02
1.585210561752319336e-01
4.931336939334869385e-01
-3.525670990347862244e-02
