1.913114339113235474e-01
6.921705007553100586e-01
5.554869630941539072e-08
2.802138626575469971e-01
6.806786060333251953e-01
-4.401722922921180725e-02
3.740804195404052734e-01
6.252349615097045898e-01
-7.454405725002288818e-02
4.559542834758758545e-01
5.974748730659484863e-01
-1.051789000630378723e-01
5.228534340858459473e-01
6.021382212638854980e-01
-1.349061727523803711e-01
3.480973541736602783e-01
4.413364827632904053e-01
-4.811780527234077454e-02
3.969435393810272217e-01
3.161628246307373047e-01
-9.287596493959426880e-02
4.226250648498535156e-01
2.339523881673812866e-01
-1.127471402287483215e-01
4.403689503669738770e-01
1.600268781185150146e-01
-1.230111494660377502e-01
2.910525500774383545e-01
4.247806668281555176e-01
-4.913867637515068054e-02
3.337193727493286133e-01
4.172032177448272705e-01
-1.057872697710990906e-01
3.003599941730499268e-01
5.314210653305053711e-01
-1.038754954934120178e-01
2.751350104808807373e-01
5.480116605758666992e-01
-8.821471035480499268e-02
2.323977649211883545e-01
4.212865829467773438e-01
-5.660077184438705444e-02
2.711004018783569336e-01
4.185138046741485596e-01
-1.241011023521423340e-01
2.493052482604980469e-01
5.279769897460937500e-01
-1.038950905203819275e-01
2.288792133331298828e-01
5.379421710968017578e-01
-7.212550193071365356e-02
1.715978980064392090e-01
4.256345331668853760e-01
-6.673847883939743042e-02
2.077434360980987549e-01
3.958603739738464355e-01
-1.064889430999755859e-01
2.105380296707153320e-01
4.808726906776428223e-01
-8.200953900814056396e-02
1.970619559288024902e-01
5.126590728759765625e-01
-5.257378146052360535e-02
