3.473400175571441650e-01
6.272462010383605957e-01
8.016920105546887498e-08
4.058267474174499512e-01
6.047047376632690430e-01
-2.116570435464382172e-02
4.684666395187377930e-01
5.477540493011474609e-01
-3.795268759131431580e-02
5.239421129226684570e-01
5.223259329795837402e-01
-5.801630765199661255e-02
5.705120563507080078e-01
5.253165960311889648e-01
-7.917962223291397095e-02
4.226008057594299316e-01
4.290724694728851318e-01
-1.942359842360019684e-02
4.490970671176910400e-01
3.310850858688354492e-01
-4.421320185065269470e-02
4.636850357055664062e-01
2.741216123104095459e-01
-5.674660578370094299e-02
4.746454060077667236e-01
2.217260599136352539e-01
-6.525241583585739136e-02
3.880249261856079102e-01
4.267570674419403076e-01
-2.475203573703765869e-02
4.338256716728210449e-01
4.099629223346710205e-01
-6.599260866641998291e-02
4.184874892234802246e-01
4.911366403102874756e-01
-7.081916183233261108e-02
3.956266343593597412e-01
5.164571404457092285e-01
-6.436160951852798462e-02
3.526006937026977539e-01
4.321264326572418213e-01
-3.322910144925117493e-02
3.975218236446380615e-01
4.166376292705535889e-01
-7.856059819459915161e-02
3.852940201759338379e-01
4.931066334247589111e-01
-6.736468523740768433e-02
3.642175793647766113e-01
5.143221616744995117e-01
-4.769172519445419312e-02
3.133946061134338379e-01
4.409715235233306885e-01
-4.291527345776557922e-02
3.547054231166839600e-01
4.137457907199859619e-01
-7.110232859849929810e-02
3.578489422798156738e-01
4.686517417430877686e-01
-5.735932290554046631e-02
3.457913398742675781e-01
4.924567937850952148e-01
-3.960981592535972595e-02
