1.068021059036254883e-01
6.132794022560119629e-01
-1.256583193054439107e-08
1.623194813728332520e-01
5.934247374534606934e-01
-3.408044576644897461e-02
2.186409085988998413e-01
5.364707708358764648e-01
-5.304938182234764099e-02
2.705022394657135010e-01
5.017950534820556641e-01
-7.154400646686553955e-02
3.173967003822326660e-01
4.941928386688232422e-01
-8.856844156980514526e-02
1.995007842779159546e-01
4.205478131771087646e-01
-3.061159700155258179e-02
2.191783785820007324e-01
3.215553164482116699e-01
-6.198531389236450195e-02
2.273484766483306885e-01
2.643098235130310059e-01
-7.496553659439086914e-02
2.343840450048446655e-01
2.092809230089187622e-01
-8.169343322515487671e-02
1.591724008321762085e-01
4.186993539333343506e-01
-2.875568531453609467e-02
1.648288220167160034e-01
3.916227221488952637e-01
-7.189115881919860840e-02
1.547328531742095947e-01
4.785627424716949463e-01
-7.137386500835418701e-02
1.525567770004272461e-01
4.995799660682678223e-01
-6.009299308061599731e-02
1.172073185443878174e-01
4.224276840686798096e-01
-3.230743482708930969e-02
1.199522539973258972e-01
4.011438786983489990e-01
-8.101505041122436523e-02
1.192058771848678589e-01
4.853520393371582031e-01
-6.591979414224624634e-02
1.203040629625320435e-01
5.059226155281066895e-01
-4.229146242141723633e-02
7.335605472326278687e-02
4.306076765060424805e-01
-3.850214555859565735e-02
7.613843679428100586e-02
3.898610472679138184e-01
-6.841957569122314453e-02
8.483997732400894165e-02
4.512472748756408691e-01
-5.353730171918869019e-02
8.740942925214767456e-02
4.848832786083221436e-01
-3.383597359061241150e-02
