3.027115762233734131e-01
6.009909510612487793e-01
3.833280004528205609e-08
3.542447388172149658e-01
5.815347433090209961e-01
-1.785622537136077881e-02
4.092252850532531738e-01
5.337592959403991699e-01
-3.175626695156097412e-02
4.577788114547729492e-01
5.091196894645690918e-01
-4.858117178082466125e-02
4.975593686103820801e-01
5.091940164566040039e-01
-6.678743660449981689e-02
3.720926940441131592e-01
4.351819455623626709e-01
-1.663609780371189117e-02
3.958677351474761963e-01
3.480383157730102539e-01
-3.801365196704864502e-02
4.087307453155517578e-01
2.982038259506225586e-01
-4.997241869568824768e-02
4.171147644519805908e-01
2.522462010383605957e-01
-5.779529735445976257e-02
3.420174717903137207e-01
4.328101575374603271e-01
-2.058649808168411255e-02
3.717513680458068848e-01
4.143136441707611084e-01
-5.696286261081695557e-02
3.604739308357238770e-01
4.837459921836853027e-01
-6.328990310430526733e-02
3.433637022972106934e-01
5.095212459564208984e-01
-5.890605598688125610e-02
3.102083802223205566e-01
4.358736574649810791e-01
-2.690198644995689392e-02
3.387249410152435303e-01
4.131487309932708740e-01
-6.569494307041168213e-02
3.316738903522491455e-01
4.802997112274169922e-01
-5.685270577669143677e-02
3.170514106750488281e-01
5.047748088836669922e-01
-3.993485495448112488e-02
2.753498554229736328e-01
4.411875605583190918e-01
-3.414993360638618469e-02
3.039530515670776367e-01
4.034670293331146240e-01
-5.771734192967414856e-02
3.096677660942077637e-01
4.509380161762237549e-01
-4.541768878698348999e-02
3.022910654544830322e-01
4.791800379753112793e-01
-2.943153306841850281e-02
