8.420273065567016602e-01
6.840540766716003418e-01
-5.226893051712977467e-08
7.849507927894592285e-01
6.538777351379394531e-01
-1.791678741574287415e-02
7.283207178115844727e-01
5.994645953178405762e-01
-3.840597718954086304e-02
6.718638539314270020e-01
5.739896297454833984e-01
-6.342013180255889893e-02
6.283539533615112305e-01
5.768831372261047363e-01
-8.945606648921966553e-02
7.714000344276428223e-01
4.765470027923583984e-01
-1.863365061581134796e-02
7.618755698204040527e-01
3.805216252803802490e-01
-4.539200663566589355e-02
7.588902711868286133e-01
3.136028647422790527e-01
-5.698178708553314209e-02
7.587909102439880371e-01
2.607476115226745605e-01
-6.503630429506301880e-02
8.096181154251098633e-01
4.733129143714904785e-01
-2.768979407846927643e-02
7.735121846199035645e-01
4.673931002616882324e-01
-6.520415842533111572e-02
7.759460210800170898e-01
5.439156889915466309e-01
-6.187738850712776184e-02
7.918620109558105469e-01
5.565384626388549805e-01
-5.041005834937095642e-02
8.496647477149963379e-01
4.839567542076110840e-01
-4.112669080495834351e-02
8.132538199424743652e-01
4.947153329849243164e-01
-7.555962353944778442e-02
8.147835731506347656e-01
5.593834519386291504e-01
-5.585692822933197021e-02
8.297719955444335938e-01
5.609909296035766602e-01
-3.470787405967712402e-02
8.883146643638610840e-01
5.035555362701416016e-01
-5.729231238365173340e-02
8.563519120216369629e-01
5.065776705741882324e-01
-7.305698841810226440e-02
8.509064316749572754e-01
5.548163056373596191e-01
-5.568137019872665405e-02
8.638893961906433105e-01
5.613818764686584473e-01
-3.863002732396125793e-02
