6.767371296882629395e-01
7.184180021286010742e-01
-1.531568898371915566e-07
6.193539500236511230e-01
6.744663715362548828e-01
-1.103762816637754440e-02
5.738139152526855469e-01
6.073130965232849121e-01
-2.948798984289169312e-02
5.244322419166564941e-01
5.738005638122558594e-01
-5.369539186358451843e-02
4.754623472690582275e-01
5.677421689033508301e-01
-7.928309589624404907e-02
6.317050457000732422e-01
4.936637282371520996e-01
-1.319704484194517136e-02
6.232058405876159668e-01
3.968634605407714844e-01
-3.938889503479003906e-02
6.225791573524475098e-01
3.309136033058166504e-01
-5.303836986422538757e-02
6.244619488716125488e-01
2.757756710052490234e-01
-6.381914019584655762e-02
6.694681644439697266e-01
4.954028725624084473e-01
-2.658836357295513153e-02
6.142362356185913086e-01
4.895849823951721191e-01
-6.450314819812774658e-02
6.151937246322631836e-01
5.674372911453247070e-01
-6.417060643434524536e-02
6.374431848526000977e-01
5.863736867904663086e-01
-5.621340498328208923e-02
7.050684690475463867e-01
5.131082534790039062e-01
-4.357556998729705811e-02
6.467865109443664551e-01
5.214568972587585449e-01
-7.548154145479202271e-02
6.496735811233520508e-01
5.868940949440002441e-01
-5.557378754019737244e-02
6.703758239746093750e-01
5.946384668350219727e-01
-3.635769337415695190e-02
7.365653514862060547e-01
5.407552123069763184e-01
-6.320127844810485840e-02
6.851342320442199707e-01
5.406646728515625000e-01
-7.838203012943267822e-02
6.807310581207275391e-01
5.880533456802368164e-01
-6.123701855540275574e-02
6.973149180412292480e-01
5.991942882537841797e-01
-4.535469040274620056e-02
