7.418492436408996582e-01
7.251688838005065918e-01
-1.191561267432916793e-07
6.909517645835876465e-01
6.700209379196166992e-01
-1.551695074886083603e-02
6.523044705390930176e-01
5.844638943672180176e-01
-3.339245170354843140e-02
6.068938374519348145e-01
5.302962064743041992e-01
-5.621932074427604675e-02
5.634338855743408203e-01
5.130513310432434082e-01
-8.031243085861206055e-02
7.263276576995849609e-01
4.883921742439270020e-01
-1.532099582254886627e-02
7.341778874397277832e-01
3.874935805797576904e-01
-4.252284020185470581e-02
7.447107434272766113e-01
3.213903605937957764e-01
-5.627600476145744324e-02
7.564830780029296875e-01
2.676082253456115723e-01
-6.689442694187164307e-02
7.647575736045837402e-01
5.000619888305664062e-01
-2.652696892619132996e-02
7.229000329971313477e-01
4.747757613658905029e-01
-6.620898097753524780e-02
7.087516784667968750e-01
5.534707307815551758e-01
-6.534077227115631104e-02
7.262147068977355957e-01
5.776873826980590820e-01
-5.574915930628776550e-02
7.996990084648132324e-01
5.277999043464660645e-01
-4.194157570600509644e-02
7.522875666618347168e-01
5.162902474403381348e-01
-7.731042802333831787e-02
7.388071417808532715e-01
5.839038491249084473e-01
-5.693470686674118042e-02
7.567982077598571777e-01
5.962789654731750488e-01
-3.560550883412361145e-02
8.296018242835998535e-01
5.652508735656738281e-01
-6.012541800737380981e-02
7.887164950370788574e-01
5.503232479095458984e-01
-7.676197588443756104e-02
7.720111012458801270e-01
5.971588492393493652e-01
-5.881303176283836365e-02
7.855711579322814941e-01
6.116837263107299805e-01
-4.161199182271957397e-02
