7.478291392326354980e-01
7.162781953811645508e-01
-1.405021947675777483e-07
6.974899768829345703e-01
6.614241003990173340e-01
-1.517152413725852966e-02
6.611367464065551758e-01
5.728749632835388184e-01
-3.211873397231101990e-02
6.191395521163940430e-01
5.144936442375183105e-01
-5.414461717009544373e-02
5.779409408569335938e-01
4.934210777282714844e-01
-7.731420546770095825e-02
7.340505719184875488e-01
4.747849106788635254e-01
-1.493828836828470230e-02
7.442870140075683594e-01
3.741155862808227539e-01
-4.412851855158805847e-02
7.559125423431396484e-01
3.082815110683441162e-01
-5.932531505823135376e-02
7.680941820144653320e-01
2.539578378200531006e-01
-7.062027603387832642e-02
7.737707495689392090e-01
4.879582822322845459e-01
-2.612927556037902832e-02
7.296437025070190430e-01
4.636960029602050781e-01
-6.673481315374374390e-02
7.158809900283813477e-01
5.436123609542846680e-01
-6.592600047588348389e-02
7.339363098144531250e-01
5.668272972106933594e-01
-5.622335895895957947e-02
8.089147806167602539e-01
5.172834396362304688e-01
-4.170643538236618042e-02
7.595770955085754395e-01
5.085454583168029785e-01
-7.763262838125228882e-02
7.457137703895568848e-01
5.757043361663818359e-01
-5.665076896548271179e-02
7.633702754974365234e-01
5.877981781959533691e-01
-3.461334109306335449e-02
8.380498290061950684e-01
5.558543205261230469e-01
-6.018046289682388306e-02
7.967458367347717285e-01
5.417451858520507812e-01
-7.722152024507522583e-02
7.792460322380065918e-01
5.871344208717346191e-01
-5.922311544418334961e-02
7.920579314231872559e-01
6.017726659774780273e-01
-4.158544912934303284e-02
