1.518433094024658203e-01
7.493247389793395996e-01
1.779983023197928560e-07
2.334647178649902344e-01
7.526034116744995117e-01
-3.667498379945755005e-02
3.244081139564514160e-01
7.289208769798278809e-01
-7.006374001502990723e-02
4.026669263839721680e-01
7.401922345161437988e-01
-1.055398210883140564e-01
4.603188335895538330e-01
7.739462852478027344e-01
-1.420000940561294556e-01
3.194888830184936523e-01
5.396853685379028320e-01
-4.952679201960563660e-02
3.743926882743835449e-01
4.371892213821411133e-01
-8.794058114290237427e-02
4.066154062747955322e-01
3.616392016410827637e-01
-1.074794381856918335e-01
4.289528727531433105e-01
2.965896427631378174e-01
-1.202683746814727783e-01
2.677868902683258057e-01
5.029920935630798340e-01
-5.346560478210449219e-02
3.021318614482879639e-01
5.312103629112243652e-01
-1.028351113200187683e-01
2.654417753219604492e-01
6.255842447280883789e-01
-1.035735830664634705e-01
2.412354201078414917e-01
6.374637484550476074e-01
-9.393369406461715698e-02
2.107738256454467773e-01
4.917029142379760742e-01
-6.131001934409141541e-02
2.435240745544433594e-01
5.227243304252624512e-01
-1.187587752938270569e-01
2.181584835052490234e-01
6.105531454086303711e-01
-1.017125993967056274e-01
1.990276575088500977e-01
6.196995377540588379e-01
-7.680311799049377441e-02
1.530069410800933838e-01
4.915695488452911377e-01
-7.152958214282989502e-02
1.879427134990692139e-01
4.965031743049621582e-01
-1.079455390572547913e-01
1.821920424699783325e-01
5.729870796203613281e-01
-8.728381246328353882e-02
1.689506471157073975e-01
5.976869463920593262e-01
-6.246926262974739075e-02
