6.335753798484802246e-01
7.802830934524536133e-01
-2.464506394517229637e-07
5.499823689460754395e-01
7.401980161666870117e-01
-1.348053757101297379e-02
4.752563834190368652e-01
6.616171598434448242e-01
-3.068616054952144623e-02
4.079813957214355469e-01
6.319452524185180664e-01
-5.424109473824501038e-02
3.502236604690551758e-01
6.330677866935729980e-01
-7.911849021911621094e-02
5.277097225189208984e-01
4.984599947929382324e-01
-1.489967200905084610e-02
5.023117661476135254e-01
3.828952014446258545e-01
-4.819269478321075439e-02
4.932271838188171387e-01
3.025736808776855469e-01
-6.584563106298446655e-02
4.868921041488647461e-01
2.331653833389282227e-01
-7.982829958200454712e-02
5.819376707077026367e-01
4.883274137973785400e-01
-2.984740957617759705e-02
5.027255415916442871e-01
5.161615610122680664e-01
-7.747513800859451294e-02
5.171441435813903809e-01
6.087309718132019043e-01
-7.841732352972030640e-02
5.503857135772705078e-01
6.211993694305419922e-01
-6.972139328718185425e-02
6.326674818992614746e-01
5.046930909156799316e-01
-4.942049086093902588e-02
5.524652004241943359e-01
5.465030670166015625e-01
-9.216263890266418457e-02
5.674071311950683594e-01
6.264920234680175781e-01
-6.985699385404586792e-02
5.971536636352539062e-01
6.266041994094848633e-01
-4.662557318806648254e-02
6.774672269821166992e-01
5.366975665092468262e-01
-7.196017354726791382e-02
6.092633605003356934e-01
5.673788785934448242e-01
-9.673706442117691040e-02
6.122521758079528809e-01
6.253063082695007324e-01
-8.006763458251953125e-02
6.367962956428527832e-01
6.282918453216552734e-01
-6.203505024313926697e-02
