7.824205756187438965e-01
7.341523170471191406e-01
-1.903331821040410432e-07
7.193107604980468750e-01
6.978900432586669922e-01
-1.517278980463743210e-02
6.624983549118041992e-01
6.203500628471374512e-01
-3.204298391938209534e-02
6.096211671829223633e-01
5.747170448303222656e-01
-5.405416339635848999e-02
5.621210336685180664e-01
5.622889399528503418e-01
-7.728394120931625366e-02
7.154067158699035645e-01
4.935972988605499268e-01
-1.618230715394020081e-02
7.018234133720397949e-01
3.892245292663574219e-01
-4.696439579129219055e-02
6.983271241188049316e-01
3.189570307731628418e-01
-6.251229345798492432e-02
6.981600522994995117e-01
2.599056959152221680e-01
-7.396765798330307007e-02
7.581933140754699707e-01
4.926545619964599609e-01
-2.804152667522430420e-02
7.089030146598815918e-01
4.813639521598815918e-01
-7.139543443918228149e-02
7.117323875427246094e-01
5.701876282691955566e-01
-6.970727443695068359e-02
7.341592311859130859e-01
5.876380801200866699e-01
-5.857836827635765076e-02
8.006626963615417480e-01
5.088923573493957520e-01
-4.448132216930389404e-02
7.505001425743103027e-01
5.141083598136901855e-01
-8.353935927152633667e-02
7.514330744743347168e-01
5.899287462234497070e-01
-6.044812500476837158e-02
7.719945907592773438e-01
5.946741104125976562e-01
-3.633914142847061157e-02
8.401760458946228027e-01
5.362526178359985352e-01
-6.367170065641403198e-02
7.967278361320495605e-01
5.339014530181884766e-01
-8.350290358066558838e-02
7.898442745208740234e-01
5.878496766090393066e-01
-6.458632647991180420e-02
8.069212436676025391e-01
5.961291193962097168e-01
-4.583622887730598450e-02
