6.142274141311645508e-01
6.695308685302734375e-01
-2.140711643505710526e-07
5.514819025993347168e-01
6.319546699523925781e-01
-5.851760972291231155e-03
4.994010925292968750e-01
5.739014148712158203e-01
-2.101119421422481537e-02
4.505867958068847656e-01
5.488361716270446777e-01
-4.236141964793205261e-02
4.072237014770507812e-01
5.438275933265686035e-01
-6.457162648439407349e-02
5.511058568954467773e-01
4.543407261371612549e-01
-8.360876701772212982e-03
5.281859636306762695e-01
3.716109991073608398e-01
-3.382105007767677307e-02
5.191029906272888184e-01
3.149010837078094482e-01
-4.671996086835861206e-02
5.131768584251403809e-01
2.647155225276947021e-01
-5.685959011316299438e-02
5.864363312721252441e-01
4.497263729572296143e-01
-2.275725267827510834e-02
5.203423500061035156e-01
4.636118412017822266e-01
-5.687255412340164185e-02
5.310150384902954102e-01
5.358174443244934082e-01
-5.505958944559097290e-02
5.575945973396301270e-01
5.419735312461853027e-01
-4.758404567837715149e-02
6.194866299629211426e-01
4.622209370136260986e-01
-4.062693566083908081e-02
5.528005957603454590e-01
4.863153696060180664e-01
-7.008628547191619873e-02
5.646541714668273926e-01
5.476902723312377930e-01
-5.036872625350952148e-02
5.892679095268249512e-01
5.465083122253417969e-01
-3.234635666012763977e-02
6.482197046279907227e-01
4.864429831504821777e-01
-6.067204102873802185e-02
5.904085636138916016e-01
4.995657503604888916e-01
-7.643827050924301147e-02
5.934084057807922363e-01
5.432341098785400391e-01
-6.148703023791313171e-02
6.142615079879760742e-01
5.469201803207397461e-01
-4.732302203774452209e-02
