8.173993825912475586e-01
6.677805185317993164e-01
-1.055494252000244160e-07
7.636650204658508301e-01
6.339106559753417969e-01
-1.651971973478794098e-02
7.153485417366027832e-01
5.684883594512939453e-01
-3.462067991495132446e-02
6.663531661033630371e-01
5.274537801742553711e-01
-5.767022818326950073e-02
6.224094033241271973e-01
5.172013640403747559e-01
-8.145224303007125854e-02
7.563041448593139648e-01
4.569891393184661865e-01
-1.389626041054725647e-02
7.458209395408630371e-01
3.629524111747741699e-01
-4.374012723565101624e-02
7.429911494255065918e-01
2.980872392654418945e-01
-5.619063973426818848e-02
7.441415190696716309e-01
2.455057948827743530e-01
-6.365124136209487915e-02
7.937501072883605957e-01
4.591505229473114014e-01
-2.295569889247417450e-02
7.579486370086669922e-01
4.400080144405364990e-01
-6.196217983961105347e-02
7.586947083473205566e-01
5.227765440940856934e-01
-5.615843459963798523e-02
7.754494547843933105e-01
5.340579748153686523e-01
-4.150350019335746765e-02
8.331484794616699219e-01
4.727583527565002441e-01
-3.713646158576011658e-02
7.962265610694885254e-01
4.697256982326507568e-01
-7.444791495800018311e-02
7.948371171951293945e-01
5.405840873718261719e-01
-5.170519277453422546e-02
8.105614781379699707e-01
5.419482588768005371e-01
-2.678273059427738190e-02
8.703879117965698242e-01
4.950989782810211182e-01
-5.377251282334327698e-02
8.380687236785888672e-01
4.854944050312042236e-01
-7.054602354764938354e-02
8.304269313812255859e-01
5.350177884101867676e-01
-5.097923055291175842e-02
8.439567685127258301e-01
5.421625375747680664e-01
-3.162166103720664978e-02
