6.839765310287475586e-01
6.368923783302307129e-01
-1.527168933534994721e-07
6.315254569053649902e-01
6.052908897399902344e-01
-6.914242636412382126e-03
5.859647989273071289e-01
5.509884953498840332e-01
-2.337765507400035858e-02
5.409258604049682617e-01
5.212863087654113770e-01
-4.604258015751838684e-02
4.999422430992126465e-01
5.181018710136413574e-01
-6.971533596515655518e-02
6.338481307029724121e-01
4.492334723472595215e-01
-9.660239331424236298e-03
6.164108514785766602e-01
3.652163147926330566e-01
-3.441995382308959961e-02
6.107847094535827637e-01
3.088992834091186523e-01
-4.534894227981567383e-02
6.081581711769104004e-01
2.600430548191070557e-01
-5.339809507131576538e-02
6.645452380180358887e-01
4.480506181716918945e-01
-2.295371703803539276e-02
6.129046082496643066e-01
4.407143294811248779e-01
-5.543216690421104431e-02
6.196672916412353516e-01
5.139039754867553711e-01
-4.974545538425445557e-02
6.429687142372131348e-01
5.221459865570068359e-01
-3.877449408173561096e-02
6.963394880294799805e-01
4.580849409103393555e-01
-3.990049287676811218e-02
6.458924412727355957e-01
4.587855935096740723e-01
-6.743529438972473145e-02
6.518780589103698730e-01
5.208534598350524902e-01
-4.408289119601249695e-02
6.728646159172058105e-01
5.222147703170776367e-01
-2.338520996272563934e-02
7.261337637901306152e-01
4.773981571197509766e-01
-5.914110690355300903e-02
6.824415922164916992e-01
4.708723723888397217e-01
-7.165908813476562500e-02
6.798549890518188477e-01
5.150206089019775391e-01
-5.350678786635398865e-02
6.968874931335449219e-01
5.220323801040649414e-01
-3.758120164275169373e-02
