8.590705394744873047e-01
6.343719959259033203e-01
-1.033463590260907949e-07
8.088460564613342285e-01
6.111543178558349609e-01
-1.549234706908464432e-02
7.566767930984497070e-01
5.600888729095458984e-01
-2.951030246913433075e-02
7.097555398941040039e-01
5.342738628387451172e-01
-4.709161445498466492e-02
6.716537475585937500e-01
5.315814018249511719e-01
-6.535711139440536499e-02
7.920202016830444336e-01
4.567015469074249268e-01
-1.246252842247486115e-02
7.822746634483337402e-01
3.730472624301910400e-01
-3.600801900029182434e-02
7.786272764205932617e-01
3.179285526275634766e-01
-4.535998031497001648e-02
7.779576182365417480e-01
2.716031372547149658e-01
-5.130503699183464050e-02
8.251419067382812500e-01
4.564255774021148682e-01
-1.972574554383754730e-02
7.982369661331176758e-01
4.392664134502410889e-01
-5.445058271288871765e-02
8.022601604461669922e-01
5.114920735359191895e-01
-5.193760991096496582e-02
8.161736130714416504e-01
5.228137969970703125e-01
-4.092850163578987122e-02
8.613969087600708008e-01
4.647534787654876709e-01
-3.111611492931842804e-02
8.351762294769287109e-01
4.569122791290283203e-01
-6.565350294113159180e-02
8.369626998901367188e-01
5.208587050437927246e-01
-4.841888323426246643e-02
8.495498895645141602e-01
5.232800841331481934e-01
-2.779682353138923645e-02
8.979587554931640625e-01
4.795626103878021240e-01
-4.431170597672462463e-02
8.741183876991271973e-01
4.629451036453247070e-01
-6.147943809628486633e-02
8.681239485740661621e-01
5.100095272064208984e-01
-4.551820456981658936e-02
8.779007196426391602e-01
5.201462507247924805e-01
-2.883375808596611023e-02
