2.047283351421356201e-01
5.873103141784667969e-01
2.788605613091021951e-08
2.570622265338897705e-01
5.707436800003051758e-01
-1.979678124189376831e-02
3.098349571228027344e-01
5.208262801170349121e-01
-3.226948156952857971e-02
3.566208779811859131e-01
4.929317533969879150e-01
-4.636799916625022888e-02
3.950893282890319824e-01
4.890646934509277344e-01
-6.115807220339775085e-02
2.818618714809417725e-01
4.309581518173217773e-01
-1.824010163545608521e-02
3.032900393009185791e-01
3.490413129329681396e-01
-3.822568804025650024e-02
3.156151771545410156e-01
3.015098571777343750e-01
-4.828437790274620056e-02
3.235374689102172852e-01
2.576633095741271973e-01
-5.529491230845451355e-02
2.501784265041351318e-01
4.263268709182739258e-01
-2.067552506923675537e-02
2.711892724037170410e-01
4.047487378120422363e-01
-5.460788682103157043e-02
2.598121762275695801e-01
4.756621420383453369e-01
-5.781034752726554871e-02
2.461404800415039062e-01
5.002292394638061523e-01
-5.167130008339881897e-02
2.168205380439758301e-01
4.277864098548889160e-01
-2.588496915996074677e-02
2.349495440721511841e-01
4.069110751152038574e-01
-6.222543492913246155e-02
2.285768240690231323e-01
4.740076661109924316e-01
-5.120015144348144531e-02
2.166616320610046387e-01
4.952303469181060791e-01
-3.386092185974121094e-02
1.799598634243011475e-01
4.325261116027832031e-01
-3.245361149311065674e-02
1.999868452548980713e-01
3.993039131164550781e-01
-5.540233105421066284e-02
2.036007046699523926e-01
4.480208158493041992e-01
-4.355019330978393555e-02
1.962040364742279053e-01
4.731624126434326172e-01
-2.851807512342929840e-02
