3.843125402927398682e-01
6.072626709938049316e-01
4.106824391669761098e-08
4.387282133102416992e-01
5.810594558715820312e-01
-1.204415597021579742e-02
4.931750893592834473e-01
5.255478620529174805e-01
-2.290598489344120026e-02
5.392479300498962402e-01
4.986126422882080078e-01
-3.944621235132217407e-02
5.816825628280639648e-01
4.961820244789123535e-01
-5.715289339423179626e-02
4.562740027904510498e-01
4.304441511631011963e-01
-3.319568000733852386e-03
4.887183606624603271e-01
3.432672619819641113e-01
-2.544651739299297333e-02
5.083001255989074707e-01
2.966588735580444336e-01
-3.782976791262626648e-02
5.267630219459533691e-01
2.523477673530578613e-01
-4.577146843075752258e-02
4.286023080348968506e-01
4.252571463584899902e-01
-1.212854124605655670e-02
4.754492044448852539e-01
4.049741625785827637e-01
-5.242041498422622681e-02
4.567653238773345947e-01
4.737213551998138428e-01
-6.079753488302230835e-02
4.313226938247680664e-01
5.030835270881652832e-01
-5.628864467144012451e-02
3.986027538776397705e-01
4.246300458908081055e-01
-2.391012199223041534e-02
4.440845847129821777e-01
4.024293720722198486e-01
-6.438885629177093506e-02
4.278250038623809814e-01
4.706534147262573242e-01
-5.607800185680389404e-02
4.047069549560546875e-01
4.967412948608398438e-01
-3.854619711637496948e-02
3.637829422950744629e-01
4.273887276649475098e-01
-3.665008768439292908e-02
4.045240283012390137e-01
3.938641846179962158e-01
-6.007830426096916199e-02
4.048938155174255371e-01
4.415100812911987305e-01
-4.810840636491775513e-02
3.910532891750335693e-01
4.689652621746063232e-01
-3.216750919818878174e-02
