2.128842622041702271e-01
5.636303424835205078e-01
3.530247028038502322e-08
2.668311595916748047e-01
5.426797866821289062e-01
-1.737898774445056915e-02
3.184720575809478760e-01
4.946238398551940918e-01
-2.710812352597713470e-02
3.651519119739532471e-01
4.679994285106658936e-01
-3.933673352003097534e-02
4.041177630424499512e-01
4.632976651191711426e-01
-5.252937600016593933e-02
2.913224697113037109e-01
4.066741466522216797e-01
-1.162117347121238708e-02
3.142608106136322021e-01
3.221064209938049316e-01
-3.008350916206836700e-02
3.273352384567260742e-01
2.732097506523132324e-01
-4.048880562186241150e-02
3.367538154125213623e-01
2.275763154029846191e-01
-4.773661121726036072e-02
2.603417634963989258e-01
3.990461528301239014e-01
-1.458142418414354324e-02
2.792838215827941895e-01
3.739997744560241699e-01
-4.726888984441757202e-02
2.664102613925933838e-01
4.427084326744079590e-01
-5.207628384232521057e-02
2.536974549293518066e-01
4.721399545669555664e-01
-4.701247066259384155e-02
2.267507165670394897e-01
3.987837135791778564e-01
-2.031585946679115295e-02
2.437378168106079102e-01
3.737754821777343750e-01
-5.536022037267684937e-02
2.361318469047546387e-01
4.400951862335205078e-01
-4.574783146381378174e-02
2.264331877231597900e-01
4.675835072994232178e-01
-2.888599038124084473e-02
1.914289891719818115e-01
4.025030732154846191e-01
-2.736555784940719604e-02
2.080453783273696899e-01
3.631372153759002686e-01
-4.895852506160736084e-02
2.113381624221801758e-01
4.084959328174591064e-01
-3.763410449028015137e-02
2.068027406930923462e-01
4.372983574867248535e-01
-2.255547419190406799e-02
