8.443252444267272949e-01
7.566669583320617676e-01
-6.254112605574846384e-08
7.719104886054992676e-01
7.456951141357421875e-01
-4.269737377762794495e-02
6.923888921737670898e-01
6.944127082824707031e-01
-7.380280643701553345e-02
6.204481124877929688e-01
6.834613084793090820e-01
-1.059918701648712158e-01
5.620352029800415039e-01
7.077962756156921387e-01
-1.389250159263610840e-01
7.067153453826904297e-01
4.883264005184173584e-01
-5.239260941743850708e-02
7.053049802780151367e-01
3.509632050991058350e-01
-9.442176669836044312e-02
7.091413736343383789e-01
2.549908459186553955e-01
-1.152999699115753174e-01
7.147603034973144531e-01
1.754315197467803955e-01
-1.287371814250946045e-01
7.643651366233825684e-01
4.612003564834594727e-01
-5.363373458385467529e-02
7.740904092788696289e-01
4.937066435813903809e-01
-1.142768189311027527e-01
7.745820283889770508e-01
6.060420274734497070e-01
-1.182525977492332458e-01
7.709172368049621582e-01
6.336175799369812012e-01
-1.073175817728042603e-01
8.257398009300231934e-01
4.682659804821014404e-01
-6.041789054870605469e-02
8.356509804725646973e-01
5.279809832572937012e-01
-1.181992664933204651e-01
8.235493302345275879e-01
6.246343255043029785e-01
-1.028901487588882446e-01
8.096421360969543457e-01
6.372193098068237305e-01
-7.882381230592727661e-02
8.835030794143676758e-01
4.901633560657501221e-01
-7.141762226819992065e-02
8.902252912521362305e-01
5.340615510940551758e-01
-1.023597270250320435e-01
8.733080029487609863e-01
6.121152043342590332e-01
-8.653739839792251587e-02
8.565783500671386719e-01
6.311933994293212891e-01
-6.597045809030532837e-02
