8.727529048919677734e-01
7.153552770614624023e-01
-1.701008898180589313e-07
7.942402362823486328e-01
6.988028287887573242e-01
-2.184082195162773132e-02
7.073125839233398438e-01
6.447976827621459961e-01
-4.148035123944282532e-02
6.330133080482482910e-01
6.350508332252502441e-01
-6.515798717737197876e-02
5.812255740165710449e-01
6.475158333778381348e-01
-9.033734351396560669e-02
7.428801059722900391e-01
4.791892766952514648e-01
-2.279569022357463837e-02
7.140250205993652344e-01
3.598266839981079102e-01
-5.529396981000900269e-02
7.033026218414306641e-01
2.781641483306884766e-01
-7.339599728584289551e-02
6.965924501419067383e-01
2.101483047008514404e-01
-8.737128973007202148e-02
7.915562987327575684e-01
4.575808644294738770e-01
-3.395725786685943604e-02
7.402610778808593750e-01
4.692644774913787842e-01
-8.879414945840835571e-02
7.605417966842651367e-01
5.680142045021057129e-01
-9.539284557104110718e-02
7.887670993804931641e-01
6.019259095191955566e-01
-8.680389821529388428e-02
8.438630104064941406e-01
4.585615396499633789e-01
-4.956132173538208008e-02
7.964827418327331543e-01
4.977510571479797363e-01
-9.922812134027481079e-02
8.139180541038513184e-01
5.820407271385192871e-01
-8.319650590419769287e-02
8.358554840087890625e-01
5.933221578598022461e-01
-6.003238260746002197e-02
8.968364000320434570e-01
4.721571207046508789e-01
-6.774468719959259033e-02
8.521589636802673340e-01
4.951302409172058105e-01
-9.302656352519989014e-02
8.568015098571777344e-01
5.599315166473388672e-01
-7.621119171380996704e-02
8.742067813873291016e-01
5.686884522438049316e-01
-5.697079747915267944e-02
