6.822993159294128418e-01
7.208077907562255859e-01
-3.003521555910992902e-07
5.871688723564147949e-01
7.010373473167419434e-01
-1.196901872754096985e-02
4.972219765186309814e-01
6.410838961601257324e-01
-2.725472301244735718e-02
4.254376292228698730e-01
6.305382251739501953e-01
-4.825612530112266541e-02
3.684431910514831543e-01
6.548880338668823242e-01
-7.129265367984771729e-02
5.393812656402587891e-01
4.629924893379211426e-01
-1.593825966119766235e-02
5.012803077697753906e-01
3.494035601615905762e-01
-4.757478833198547363e-02
4.867941141128540039e-01
2.694801688194274902e-01
-6.573951989412307739e-02
4.764877259731292725e-01
1.972230374813079834e-01
-8.087911456823348999e-02
5.900192260742187500e-01
4.396522641181945801e-01
-3.153490647673606873e-02
5.190986394882202148e-01
4.823586940765380859e-01
-8.389775454998016357e-02
5.482060313224792480e-01
5.760137438774108887e-01
-8.930920064449310303e-02
5.839418768882751465e-01
6.001614332199096680e-01
-8.282081782817840576e-02
6.406593322753906250e-01
4.422779977321624756e-01
-5.085273459553718567e-02
5.688176751136779785e-01
5.029664039611816406e-01
-9.813413769006729126e-02
5.989290475845336914e-01
5.841496586799621582e-01
-7.956160604953765869e-02
6.288915276527404785e-01
5.945311784744262695e-01
-5.740274861454963684e-02
6.901791691780090332e-01
4.588406383991241455e-01
-7.245962321758270264e-02
6.240822672843933105e-01
5.016354322433471680e-01
-1.015179008245468140e-01
6.373530030250549316e-01
5.629035234451293945e-01
-8.705499023199081421e-02
6.601608991622924805e-01
5.715081095695495605e-01
-6.982059776782989502e-02
