3.984901309013366699e-01
9.753861427307128906e-01
9.303144565819820855e-07
4.563895165920257568e-01
8.837021589279174805e-01
-3.981908038258552551e-02
4.604811668395996094e-01
7.279350161552429199e-01
-4.680028185248374939e-02
4.285860061645507812e-01
6.112621426582336426e-01
-5.431986227631568909e-02
4.086581766605377197e-01
5.192178487777709961e-01
-5.823927372694015503e-02
4.344112575054168701e-01
6.604760289192199707e-01
-6.363865919411182404e-03
4.615605473518371582e-01
5.330575108528137207e-01
-3.505020588636398315e-02
4.799996614456176758e-01
4.514589607715606689e-01
-5.065514519810676575e-02
4.956581592559814453e-01
3.774295449256896973e-01
-5.735538899898529053e-02
3.813396692276000977e-01
6.583405733108520508e-01
-7.683944422751665115e-03
3.792317211627960205e-01
5.044467449188232422e-01
-4.608946293592453003e-02
3.774627149105072021e-01
4.043617248535156250e-01
-6.609495729207992554e-02
3.760674893856048584e-01
3.214667141437530518e-01
-7.230971753597259521e-02
3.276990950107574463e-01
6.840026378631591797e-01
-1.620177179574966431e-02
3.459411263465881348e-01
5.997773408889770508e-01
-8.066000044345855713e-02
3.841535747051239014e-01
6.947898864746093750e-01
-8.286601305007934570e-02
4.032614231109619141e-01
7.730736732482910156e-01
-6.147696077823638916e-02
2.768223583698272705e-01
7.239816784858703613e-01
-2.702090702950954437e-02
3.006342351436614990e-01
6.373475790023803711e-01
-7.248254865407943726e-02
3.344763219356536865e-01
7.013750672340393066e-01
-6.279317289590835571e-02
3.486561775207519531e-01
7.650710940361022949e-01
-4.227212071418762207e-02
