5.557397007942199707e-01
1.004566192626953125e+00
1.306829744862625375e-06
6.095873117446899414e-01
8.756053447723388672e-01
-3.766683116555213928e-02
5.986449718475341797e-01
6.994454860687255859e-01
-4.938220977783203125e-02
5.619058609008789062e-01
5.697566270828247070e-01
-6.487358361482620239e-02
5.423171520233154297e-01
4.610648751258850098e-01
-7.708273828029632568e-02
5.599038004875183105e-01
6.223697662353515625e-01
-1.006995234638452530e-02
6.034749746322631836e-01
4.734839200973510742e-01
-5.488515645265579224e-02
6.278239488601684570e-01
3.764199316501617432e-01
-8.096300810575485229e-02
6.444083452224731445e-01
2.854609191417694092e-01
-9.258525073528289795e-02
4.968017339706420898e-01
6.287566423416137695e-01
-1.862697862088680267e-02
5.070108175277709961e-01
4.493981003761291504e-01
-7.463417947292327881e-02
5.120981931686401367e-01
3.304565846920013428e-01
-1.007524356245994568e-01
5.122817158699035645e-01
2.244493663311004639e-01
-1.078244298696517944e-01
4.324112534523010254e-01
6.692501902580261230e-01
-3.491556271910667419e-02
4.708297848701477051e-01
5.694392323493957520e-01
-1.204520687460899353e-01
5.259835124015808105e-01
6.866679191589355469e-01
-1.201416552066802979e-01
5.549669861793518066e-01
7.809609770774841309e-01
-8.997231721878051758e-02
3.741110563278198242e-01
7.310402393341064453e-01
-5.316093564033508301e-02
4.136983156204223633e-01
6.313698887825012207e-01
-1.133996322751045227e-01
4.640986025333404541e-01
7.072793245315551758e-01
-1.003345325589179993e-01
4.894157648086547852e-01
7.838349342346191406e-01
-7.240209728479385376e-02
