6.022601127624511719e-01
9.894250631332397461e-01
1.475468422995618312e-07
5.544599890708923340e-01
8.804577589035034180e-01
-2.196195349097251892e-02
5.716879367828369141e-01
7.144265770912170410e-01
-2.743915654718875885e-02
6.173776984214782715e-01
6.018258333206176758e-01
-3.877872973680496216e-02
6.321148276329040527e-01
4.978258013725280762e-01
-4.695023596286773682e-02
6.324009895324707031e-01
6.344574689865112305e-01
7.709165569394826889e-03
6.032380461692810059e-01
4.904139935970306396e-01
-2.987877652049064636e-02
5.798363685607910156e-01
4.026437997817993164e-01
-5.342421680688858032e-02
5.655144453048706055e-01
3.213717937469482422e-01
-6.712735444307327271e-02
6.908961534500122070e-01
6.569541096687316895e-01
-9.172703139483928680e-03
6.773474216461181641e-01
4.875494837760925293e-01
-5.988104641437530518e-02
6.670999526977539062e-01
3.758452832698822021e-01
-9.151732921600341797e-02
6.686341166496276855e-01
2.755543589591979980e-01
-1.043911799788475037e-01
7.431978583335876465e-01
7.096378803253173828e-01
-3.188387304544448853e-02
6.900833845138549805e-01
6.207558512687683105e-01
-1.017121970653533936e-01
6.407013535499572754e-01
7.344806194305419922e-01
-9.756579995155334473e-02
6.214733719825744629e-01
8.163292407989501953e-01
-7.150480896234512329e-02
7.844057679176330566e-01
7.782813906669616699e-01
-5.681664496660232544e-02
7.220200300216674805e-01
6.974261999130249023e-01
-1.035570204257965088e-01
6.746804118156433105e-01
7.716712951660156250e-01
-8.896600455045700073e-02
6.609598994255065918e-01
8.334543108940124512e-01
-6.444578617811203003e-02
