6.417803764343261719e-01
9.851131439208984375e-01
1.682160473137628287e-07
5.834518074989318848e-01
8.291013240814208984e-01
-2.500382019206881523e-03
5.948992371559143066e-01
7.152398824691772461e-01
-2.340041659772396088e-02
6.114888191223144531e-01
6.246626973152160645e-01
-5.301475897431373596e-02
6.243784427642822266e-01
5.594257116317749023e-01
-8.121363073587417603e-02
7.121184468269348145e-01
6.185421347618103027e-01
-2.523532882332801819e-02
6.543474197387695312e-01
4.642004966735839844e-01
-6.804779171943664551e-02
6.264256834983825684e-01
3.615735173225402832e-01
-9.511404484510421753e-02
6.075471043586730957e-01
2.774950563907623291e-01
-1.139652580022811890e-01
7.372252345085144043e-01
6.599473357200622559e-01
-5.547807738184928894e-02
6.570118665695190430e-01
4.725174903869628906e-01
-1.188008636236190796e-01
6.125715374946594238e-01
3.569187521934509277e-01
-1.557748764753341675e-01
5.864850878715515137e-01
2.711338996887207031e-01
-1.753270030021667480e-01
7.347157001495361328e-01
7.189382910728454590e-01
-8.471896499395370483e-02
5.964715480804443359e-01
6.117230653762817383e-01
-1.423924565315246582e-01
5.606766939163208008e-01
6.923668980598449707e-01
-1.288764923810958862e-01
5.681087374687194824e-01
7.549036741256713867e-01
-1.049808710813522339e-01
7.089905142784118652e-01
7.836086153984069824e-01
-1.153919920325279236e-01
5.922218561172485352e-01
6.907728314399719238e-01
-1.477871388196945190e-01
5.578820109367370605e-01
7.464044690132141113e-01
-1.275658905506134033e-01
5.602697134017944336e-01
8.023593425750732422e-01
-1.037793159484863281e-01
