7.228026986122131348e-01
9.333723783493041992e-01
1.284336349272052757e-06
7.824133634567260742e-01
8.036587834358215332e-01
-3.765224944800138474e-03
7.778984904289245605e-01
6.629809737205505371e-01
-1.945302076637744904e-02
7.371442317962646484e-01
5.583839416503906250e-01
-3.114159032702445984e-02
6.999081969261169434e-01
4.969999194145202637e-01
-4.341521486639976501e-02
7.499446868896484375e-01
6.434974670410156250e-01
-8.180470019578933716e-02
7.654381394386291504e-01
4.430531859397888184e-01
-1.101643517613410950e-01
7.791179418563842773e-01
3.450054824352264404e-01
-1.162448301911354065e-01
7.890126109123229980e-01
2.693366110324859619e-01
-1.125537902116775513e-01
6.773145198822021484e-01
6.643381714820861816e-01
-8.537269383668899536e-02
6.720727682113647461e-01
4.486508369445800781e-01
-1.043431535363197327e-01
6.711584329605102539e-01
3.299031853675842285e-01
-9.923091530799865723e-02
6.642595529556274414e-01
2.518965601921081543e-01
-9.307061135768890381e-02
6.132976412773132324e-01
6.924650669097900391e-01
-8.228308707475662231e-02
6.248360872268676758e-01
5.334830880165100098e-01
-8.834086358547210693e-02
6.542907953262329102e-01
5.533707737922668457e-01
-6.376007199287414551e-02
6.649464368820190430e-01
6.042428612709045410e-01
-4.326069355010986328e-02
5.672336816787719727e-01
7.213903069496154785e-01
-7.892026007175445557e-02
5.944102406501770020e-01
5.985234379768371582e-01
-6.873481720685958862e-02
6.199883222579956055e-01
6.178119182586669922e-01
-3.727453574538230896e-02
6.250497698783874512e-01
6.620266437530517578e-01
-1.165527664124965668e-02
