7.155677676200866699e-01
9.330421686172485352e-01
1.430765564691682812e-06
7.664900422096252441e-01
8.027924895286560059e-01
-2.425094321370124817e-02
7.560877203941345215e-01
6.613751053810119629e-01
-4.359394684433937073e-02
7.011044025421142578e-01
5.721817612648010254e-01
-5.443670973181724548e-02
6.556711792945861816e-01
5.318393707275390625e-01
-6.401940435171127319e-02
6.999932527542114258e-01
6.545673012733459473e-01
-9.014475345611572266e-02
7.121384739875793457e-01
4.527662694454193115e-01
-1.200629025697708130e-01
7.258478403091430664e-01
3.561208844184875488e-01
-1.278313994407653809e-01
7.353903651237487793e-01
2.794347703456878662e-01
-1.252825856208801270e-01
6.305422782897949219e-01
6.778963208198547363e-01
-8.327183127403259277e-02
6.270035505294799805e-01
4.660999774932861328e-01
-1.054377257823944092e-01
6.306695938110351562e-01
3.486928641796112061e-01
-1.033592671155929565e-01
6.315467357635498047e-01
2.728394567966461182e-01
-9.769315272569656372e-02
5.766280889511108398e-01
7.058160901069641113e-01
-7.192602753639221191e-02
6.019086241722106934e-01
5.475874543190002441e-01
-8.547544479370117188e-02
6.369111537933349609e-01
5.647111535072326660e-01
-6.877044588327407837e-02
6.541649103164672852e-01
6.121738553047180176e-01
-5.136881768703460693e-02
5.429572463035583496e-01
7.302564978599548340e-01
-6.173055246472358704e-02
5.805323123931884766e-01
6.119747757911682129e-01
-6.073447689414024353e-02
6.127728223800659180e-01
6.286269426345825195e-01
-3.777609393000602722e-02
6.246493458747863770e-01
6.692270040512084961e-01
-1.642559655010700226e-02
