2.752305865287780762e-01
8.850706219673156738e-01
1.138337324846361298e-06
3.447797894477844238e-01
7.743636965751647949e-01
-4.411218315362930298e-02
3.507239222526550293e-01
6.117442250251770020e-01
-5.762860178947448730e-02
3.175638616085052490e-01
4.806722998619079590e-01
-7.248374074697494507e-02
3.063365817070007324e-01
3.726996779441833496e-01
-8.389090001583099365e-02
3.297751545906066895e-01
5.252028703689575195e-01
-1.792264729738235474e-02
3.717435002326965332e-01
3.722304105758666992e-01
-5.769972875714302063e-02
4.008820652961730957e-01
2.779125273227691650e-01
-7.903081923723220825e-02
4.262089431285858154e-01
1.930096745491027832e-01
-8.752341568470001221e-02
2.678898572921752930e-01
5.223978161811828613e-01
-2.228352800011634827e-02
2.704625725746154785e-01
3.351187705993652344e-01
-7.055263221263885498e-02
2.712870836257934570e-01
2.171989679336547852e-01
-9.420012682676315308e-02
2.696274816989898682e-01
1.188583374023437500e-01
-1.012260615825653076e-01
2.045560777187347412e-01
5.538910031318664551e-01
-3.414253145456314087e-02
2.162494361400604248e-01
4.589839279651641846e-01
-1.116552054882049561e-01
2.609326541423797607e-01
5.716131925582885742e-01
-1.139275506138801575e-01
2.846599817276000977e-01
6.644937992095947266e-01
-8.815770596265792847e-02
1.437700390815734863e-01
6.048367023468017578e-01
-4.834401234984397888e-02
1.578680127859115601e-01
5.040884613990783691e-01
-1.011795401573181152e-01
1.993329524993896484e-01
5.692313313484191895e-01
-8.845243602991104126e-02
2.195870727300643921e-01
6.382772326469421387e-01
-6.319152563810348511e-02
