5.992010608315467834e-02
8.431775569915771484e-01
8.626219596408191137e-07
1.219667941331863403e-01
7.646859884262084961e-01
-4.451746866106987000e-02
1.264481842517852783e-01
6.160723567008972168e-01
-5.036351084709167480e-02
9.335497021675109863e-02
5.012911558151245117e-01
-5.353697761893272400e-02
7.648757845163345337e-02
4.121987819671630859e-01
-5.427398160099983215e-02
1.091232150793075562e-01
5.369491577148437500e-01
-1.889481395483016968e-02
1.267794966697692871e-01
4.102080762386322021e-01
-4.289935156702995300e-02
1.329336464405059814e-01
3.309504985809326172e-01
-5.616780370473861694e-02
1.400661468505859375e-01
2.570785582065582275e-01
-6.316129863262176514e-02
4.875234514474868774e-02
5.400645136833190918e-01
-1.420591864734888077e-02
3.280886262655258179e-02
3.989785611629486084e-01
-5.078666657209396362e-02
1.501029357314109802e-02
3.011003136634826660e-01
-7.339531183242797852e-02
1.322090625762939453e-03
2.171277701854705811e-01
-8.300452679395675659e-02
-5.450300872325897217e-03
5.717294812202453613e-01
-1.492641866207122803e-02
-2.614602819085121155e-02
5.054541230201721191e-01
-8.343590795993804932e-02
9.588532149791717529e-03
6.007000207901000977e-01
-9.682541340589523315e-02
3.670709207653999329e-02
6.809474229812622070e-01
-8.371257781982421875e-02
-5.366588011384010315e-02
6.183040738105773926e-01
-1.725113578140735626e-02
-5.581225082278251648e-02
5.638144016265869141e-01
-7.864391803741455078e-02
-1.853274926543235779e-02
6.241677999496459961e-01
-8.586683124303817749e-02
7.557811215519905090e-03
6.797992587089538574e-01
-7.570408284664154053e-02
