3.045304119586944580e-01
1.079214692115783691e+00
8.380894769288715906e-07
3.640075623989105225e-01
9.951903820037841797e-01
-3.445879742503166199e-02
3.710919916629791260e-01
8.679054379463195801e-01
-4.326863959431648254e-02
3.427293002605438232e-01
7.662505507469177246e-01
-5.305493250489234924e-02
3.349891602993011475e-01
6.848689913749694824e-01
-6.012648716568946838e-02
3.529719710350036621e-01
7.995482683181762695e-01
-1.142213214188814163e-02
3.839415311813354492e-01
6.798416376113891602e-01
-3.962902352213859558e-02
4.026657342910766602e-01
6.064284443855285645e-01
-5.466403067111968994e-02
4.186255335807800293e-01
5.397726297378540039e-01
-6.107719615101814270e-02
3.049589395523071289e-01
7.981718778610229492e-01
-1.322587393224239349e-02
3.094132244586944580e-01
6.607978343963623047e-01
-4.871203750371932983e-02
3.114936351776123047e-01
5.729084014892578125e-01
-6.640326976776123047e-02
3.125308454036712646e-01
4.979678094387054443e-01
-7.188444584608078003e-02
2.559756934642791748e-01
8.206655979156494141e-01
-2.076387591660022736e-02
2.696129381656646729e-01
7.466911077499389648e-01
-7.843552529811859131e-02
2.959382832050323486e-01
8.364059329032897949e-01
-7.910318672657012939e-02
3.076274693012237549e-01
9.095894098281860352e-01
-5.921700596809387207e-02
2.081817388534545898e-01
8.592690229415893555e-01
-3.023233078420162201e-02
2.237766385078430176e-01
7.849663496017456055e-01
-7.097152620553970337e-02
2.510794699192047119e-01
8.416842222213745117e-01
-6.141469627618789673e-02
2.627747654914855957e-01
8.998348116874694824e-01
-4.201005771756172180e-02
