3.117796480655670166e-01
8.435798287391662598e-01
1.058061116054886952e-06
3.688299059867858887e-01
7.353380918502807617e-01
-3.751955926418304443e-02
3.649016022682189941e-01
5.839560627937316895e-01
-4.852833598852157593e-02
3.259146809577941895e-01
4.684372544288635254e-01
-6.122647225856781006e-02
3.097528815269470215e-01
3.722217977046966553e-01
-7.118796557188034058e-02
3.392630517482757568e-01
5.097294449806213379e-01
-1.415591686964035034e-02
3.724762201309204102e-01
3.686961531639099121e-01
-5.012356117367744446e-02
3.944125473499298096e-01
2.806648015975952148e-01
-7.026097178459167480e-02
4.123625159263610840e-01
2.001097500324249268e-01
-7.878607511520385742e-02
2.828603386878967285e-01
5.126687884330749512e-01
-1.840138062834739685e-02
2.793185710906982422e-01
3.436501026153564453e-01
-6.146902963519096375e-02
2.781419754028320312e-01
2.381072640419006348e-01
-8.301180601119995117e-02
2.750730216503143311e-01
1.487111449241638184e-01
-8.982159942388534546e-02
2.270523905754089355e-01
5.474178791046142578e-01
-2.902203798294067383e-02
2.324822694063186646e-01
4.590942561626434326e-01
-9.727772325277328491e-02
2.793001532554626465e-01
5.514026880264282227e-01
-9.905371069908142090e-02
3.060848414897918701e-01
6.306231021881103516e-01
-7.628386467695236206e-02
1.741900742053985596e-01
6.001858115196228027e-01
-4.163257032632827759e-02
1.830986440181732178e-01
5.077378153800964355e-01
-8.834501355886459351e-02
2.261354774236679077e-01
5.621079206466674805e-01
-7.631018012762069702e-02
2.495136409997940063e-01
6.237838268280029297e-01
-5.320682376623153687e-02
