6.754574775695800781e-01
8.795995712280273438e-01
4.493214476042339811e-07
6.055988073348999023e-01
7.872227430343627930e-01
-2.921974658966064453e-02
6.053828597068786621e-01
6.149937510490417480e-01
-3.780437633395195007e-02
6.500257253646850586e-01
4.927191138267517090e-01
-5.090994387865066528e-02
6.694207787513732910e-01
3.989621400833129883e-01
-6.008813157677650452e-02
6.559928655624389648e-01
5.126838684082031250e-01
-5.458115134388208389e-03
6.242383122444152832e-01
3.615753352642059326e-01
-4.449344053864479065e-02
6.008004546165466309e-01
2.689025402069091797e-01
-6.759346276521682739e-02
5.858698487281799316e-01
1.876548826694488525e-01
-8.110138028860092163e-02
7.162441015243530273e-01
5.236532092094421387e-01
-1.925189606845378876e-02
7.061305642127990723e-01
3.440300822257995605e-01
-7.426142692565917969e-02
6.956692337989807129e-01
2.288766503334045410e-01
-1.083395108580589294e-01
6.989718079566955566e-01
1.297151148319244385e-01
-1.221731379628181458e-01
7.716037034988403320e-01
5.696730017662048340e-01
-3.808692842721939087e-02
7.319999933242797852e-01
4.856971502304077148e-01
-1.092787384986877441e-01
6.874016523361206055e-01
6.007052063941955566e-01
-1.029810607433319092e-01
6.723607778549194336e-01
6.810784339904785156e-01
-7.537537813186645508e-02
8.184580802917480469e-01
6.314032077789306641e-01
-5.972870066761970520e-02
7.656449675559997559e-01
5.640110373497009277e-01
-1.078058704733848572e-01
7.253201007843017578e-01
6.479674577713012695e-01
-9.153220802545547485e-02
7.157595753669738770e-01
7.090950012207031250e-01
-6.539060920476913452e-02
