6.712021827697753906e-01
8.744462728500366211e-01
4.408195195537700783e-07
6.233394145965576172e-01
7.733525633811950684e-01
-2.149086259305477142e-02
6.383925080299377441e-01
6.290742158889770508e-01
-2.732088416814804077e-02
6.888183951377868652e-01
5.363645553588867188e-01
-3.836148977279663086e-02
7.138341665267944336e-01
4.545234739780426025e-01
-4.640186578035354614e-02
6.849916577339172363e-01
5.554479360580444336e-01
9.957757778465747833e-03
6.660062074661254883e-01
4.370687901973724365e-01
-2.201910875737667084e-02
6.503635644912719727e-01
3.613044619560241699e-01
-4.240321740508079529e-02
6.406461000442504883e-01
2.936001420021057129e-01
-5.379428714513778687e-02
7.371228933334350586e-01
5.715928077697753906e-01
-4.286698531359434128e-03
7.547711730003356934e-01
4.181034564971923828e-01
-4.683142527937889099e-02
7.629830837249755859e-01
3.201089203357696533e-01
-7.429321855306625366e-02
7.814218401908874512e-01
2.379364967346191406e-01
-8.478129655122756958e-02
7.809122800827026367e-01
6.184349656105041504e-01
-2.399745583534240723e-02
7.572860717773437500e-01
5.375393629074096680e-01
-8.492727577686309814e-02
7.088492512702941895e-01
6.252714395523071289e-01
-8.180552721023559570e-02
6.910361647605895996e-01
6.917160153388977051e-01
-5.859141051769256592e-02
8.166265487670898438e-01
6.802228689193725586e-01
-4.558060318231582642e-02
7.809839844703674316e-01
6.041947603225708008e-01
-8.542909473180770874e-02
7.382023334503173828e-01
6.692253351211547852e-01
-6.967500597238540649e-02
7.242069840431213379e-01
7.235970497131347656e-01
-4.569883272051811218e-02
