6.589245796203613281e-01
7.437644004821777344e-01
8.622598670626757666e-07
7.100355625152587891e-01
6.790028214454650879e-01
-1.000614371150732040e-02
7.229593992233276367e-01
5.786643624305725098e-01
-3.436044603586196899e-02
7.094849348068237305e-01
5.012778639793395996e-01
-5.398865044116973877e-02
6.945600509643554688e-01
4.452236294746398926e-01
-7.463495433330535889e-02
7.213517427444458008e-01
5.983347892761230469e-01
-1.038533896207809448e-01
7.407416105270385742e-01
4.560019373893737793e-01
-1.374750733375549316e-01
7.557843327522277832e-01
3.861889243125915527e-01
-1.470275819301605225e-01
7.702577710151672363e-01
3.296244144439697266e-01
-1.491497457027435303e-01
6.682634353637695312e-01
6.170825958251953125e-01
-1.101074889302253723e-01
6.731714010238647461e-01
4.474285244941711426e-01
-1.439398527145385742e-01
6.850010156631469727e-01
3.557326793670654297e-01
-1.464507281780242920e-01
6.908558607101440430e-01
2.860992848873138428e-01
-1.479870826005935669e-01
6.165381073951721191e-01
6.288477182388305664e-01
-1.093415170907974243e-01
6.258597970008850098e-01
4.728612601757049561e-01
-1.315847337245941162e-01
6.447508931159973145e-01
5.017517209053039551e-01
-1.057605445384979248e-01
6.495018005371093750e-01
5.445742607116699219e-01
-8.409685641527175903e-02
5.756518840789794922e-01
6.375595927238464355e-01
-1.081498712301254272e-01
5.928406715393066406e-01
5.173212289810180664e-01
-1.163111329078674316e-01
6.128963232040405273e-01
5.384233593940734863e-01
-9.161239117383956909e-02
6.157965660095214844e-01
5.726706385612487793e-01
-7.128682732582092285e-02
