2.719787955284118652e-01
1.007992506027221680e+00
1.276399416383355856e-06
3.319555521011352539e-01
9.040474891662597656e-01
-4.718431457877159119e-02
3.342214226722717285e-01
7.311960458755493164e-01
-6.312872469425201416e-02
2.992727160453796387e-01
6.029638648033142090e-01
-8.023491501808166504e-02
2.847739756107330322e-01
4.959229528903961182e-01
-9.421624243259429932e-02
2.974782288074493408e-01
6.214870214462280273e-01
-2.461061440408229828e-02
3.414863049983978271e-01
4.671903848648071289e-01
-6.691259145736694336e-02
3.680570721626281738e-01
3.722228705883026123e-01
-9.001773595809936523e-02
3.899369239807128906e-01
2.849319577217102051e-01
-1.002552434802055359e-01
2.298613339662551880e-01
6.312066912651062012e-01
-2.924981527030467987e-02
2.336220592260360718e-01
4.512460529804229736e-01
-8.295393735170364380e-02
2.358147948980331421e-01
3.339134752750396729e-01
-1.093675270676612854e-01
2.341287881135940552e-01
2.294028699398040771e-01
-1.173408105969429016e-01
1.657208204269409180e-01
6.789695024490356445e-01
-4.078823328018188477e-02
1.792563199996948242e-01
5.929318070411682129e-01
-1.257700324058532715e-01
2.380305975675582886e-01
7.124066352844238281e-01
-1.273001730442047119e-01
2.722974121570587158e-01
8.049852252006530762e-01
-9.899874031543731689e-02
1.096300035715103149e-01
7.496486902236938477e-01
-5.458016321063041687e-02
1.242741271853446960e-01
6.610787510871887207e-01
-1.161654144525527954e-01
1.779184937477111816e-01
7.310421466827392578e-01
-1.041542962193489075e-01
2.089767754077911377e-01
8.009440898895263672e-01
-7.694993913173675537e-02
