3.538932204246520996e-01
8.647584915161132812e-01
1.206043293677794281e-06
4.165686368942260742e-01
7.340987324714660645e-01
2.784264273941516876e-03
4.235695600509643555e-01
6.246587038040161133e-01
-1.513940375298261642e-02
4.181882739067077637e-01
5.408738255500793457e-01
-4.231965541839599609e-02
4.148795306682586670e-01
4.758217334747314453e-01
-6.841528415679931641e-02
3.305115997791290283e-01
5.275719165802001953e-01
-2.292782813310623169e-02
3.933955132961273193e-01
4.112557172775268555e-01
-6.602735817432403564e-02
4.275931119918823242e-01
3.305149078369140625e-01
-9.396071732044219971e-02
4.522037804126739502e-01
2.635436952114105225e-01
-1.112174093723297119e-01
3.146091103553771973e-01
5.593419671058654785e-01
-5.100106820464134216e-02
3.881254196166992188e-01
4.185008406639099121e-01
-1.062032282352447510e-01
4.348890185356140137e-01
3.309604227542877197e-01
-1.326044648885726929e-01
4.683363735675811768e-01
2.566460072994232178e-01
-1.454977691173553467e-01
3.148601651191711426e-01
6.115881800651550293e-01
-7.853036373853683472e-02
4.325007796287536621e-01
5.288462638854980469e-01
-1.339827328920364380e-01
4.602405726909637451e-01
5.987317562103271484e-01
-1.243948042392730713e-01
4.570314288139343262e-01
6.512529253959655762e-01
-1.040889546275138855e-01
3.322845399379730225e-01
6.733773946762084961e-01
-1.063046604394912720e-01
4.270997941493988037e-01
5.985383987426757812e-01
-1.390413492918014526e-01
4.518805146217346191e-01
6.416556835174560547e-01
-1.225526183843612671e-01
4.465880990028381348e-01
6.824161410331726074e-01
-1.020717620849609375e-01
