3.413195908069610596e-01
1.027621507644653320e+00
1.226408130605705082e-06
3.966277241706848145e-01
9.352557659149169922e-01
-3.838719427585601807e-02
4.002295732498168945e-01
7.837172746658325195e-01
-5.086268857121467590e-02
3.676760196685791016e-01
6.747997999191284180e-01
-6.525119394063949585e-02
3.600044846534729004e-01
5.815176963806152344e-01
-7.727552950382232666e-02
3.576992452144622803e-01
6.966997981071472168e-01
-1.574901677668094635e-02
3.961628973484039307e-01
5.654547214508056641e-01
-5.634431913495063782e-02
4.237509965896606445e-01
4.798592031002044678e-01
-7.950454950332641602e-02
4.489979147911071777e-01
4.023811519145965576e-01
-8.984421193599700928e-02
2.999995052814483643e-01
7.070171236991882324e-01
-2.026505954563617706e-02
3.117688894271850586e-01
5.549530982971191406e-01
-6.911000609397888184e-02
3.217413127422332764e-01
4.516229629516601562e-01
-9.223237633705139160e-02
3.274681568145751953e-01
3.603762090206146240e-01
-9.863514453172683716e-02
2.433904707431793213e-01
7.480818033218383789e-01
-3.154503181576728821e-02
2.628822624683380127e-01
6.705855727195739746e-01
-1.084355562925338745e-01
3.150950968265533447e-01
7.766965031623840332e-01
-1.095132082700729370e-01
3.466899394989013672e-01
8.587022423744201660e-01
-8.376241475343704224e-02
1.920018494129180908e-01
8.118736743927001953e-01
-4.451328888535499573e-02
2.159351110458374023e-01
7.451881170272827148e-01
-1.027653738856315613e-01
2.652311027050018311e-01
8.109608292579650879e-01
-9.491611272096633911e-02
2.914727330207824707e-01
8.710408806800842285e-01
-7.193395495414733887e-02
