4.869944453239440918e-01
9.444231986999511719e-01
1.260001226910389960e-06
5.475576519966125488e-01
8.335812091827392578e-01
-3.651103749871253967e-02
5.547584295272827148e-01
6.731482744216918945e-01
-4.859401658177375793e-02
5.278176069259643555e-01
5.547133684158325195e-01
-6.383240222930908203e-02
5.151715874671936035e-01
4.537378549575805664e-01
-7.575409114360809326e-02
5.121181011199951172e-01
5.842860937118530273e-01
-9.685569442808628082e-03
5.580029487609863281e-01
4.395037889480590820e-01
-4.999345541000366211e-02
5.903819203376770020e-01
3.529422283172607422e-01
-7.251967489719390869e-02
6.176651120185852051e-01
2.732859551906585693e-01
-8.174257725477218628e-02
4.560451209545135498e-01
5.889358520507812500e-01
-1.560816261917352676e-02
4.798912107944488525e-01
4.244742393493652344e-01
-6.392069160938262939e-02
5.003359913825988770e-01
3.172213733196258545e-01
-8.580184727907180786e-02
5.148836374282836914e-01
2.233256697654724121e-01
-9.123581647872924805e-02
3.980191349983215332e-01
6.235671043395996094e-01
-2.915196307003498077e-02
4.463272988796234131e-01
5.368443727493286133e-01
-1.048607006669044495e-01
4.915275275707244873e-01
6.440120935440063477e-01
-1.065121218562126160e-01
5.124454498291015625e-01
7.304881215095520020e-01
-8.103168010711669922e-02
3.444623351097106934e-01
6.783003807067871094e-01
-4.456611350178718567e-02
3.953975141048431396e-01
5.984150767326354980e-01
-9.935279190540313721e-02
4.389030933380126953e-01
6.702052950859069824e-01
-9.059695899486541748e-02
4.556255638599395752e-01
7.390046119689941406e-01
-6.735567003488540649e-02
