1.928151547908782959e-01
9.349264502525329590e-01
1.011001472761563491e-06
2.515772581100463867e-01
8.242848515510559082e-01
-3.528195619583129883e-02
2.448667734861373901e-01
6.727057695388793945e-01
-4.240219295024871826e-02
2.070393264293670654e-01
5.595582723617553711e-01
-5.162521824240684509e-02
1.926443278789520264e-01
4.629312753677368164e-01
-5.799577012658119202e-02
2.250472009181976318e-01
5.980756282806396484e-01
-5.616721697151660919e-03
2.519716024398803711e-01
4.602508544921875000e-01
-3.369246795773506165e-02
2.667290866374969482e-01
3.747656941413879395e-01
-4.862779378890991211e-02
2.790834009647369385e-01
2.967545986175537109e-01
-5.516001954674720764e-02
1.672340780496597290e-01
6.015574336051940918e-01
-8.765401318669319153e-03
1.636101901531219482e-01
4.447613060474395752e-01
-4.645321145653724670e-02
1.590304970741271973e-01
3.448638916015625000e-01
-6.611919403076171875e-02
1.529994159936904907e-01
2.618017196655273438e-01
-7.244993746280670166e-02
1.090116947889328003e-01
6.370304226875305176e-01
-1.825934834778308868e-02
1.047259867191314697e-01
5.522693395614624023e-01
-8.237824589014053345e-02
1.484975516796112061e-01
6.481040716171264648e-01
-8.558464795351028442e-02
1.751268506050109863e-01
7.274158596992492676e-01
-6.492393463850021362e-02
5.474819988012313843e-02
6.890161037445068359e-01
-2.948416024446487427e-02
5.581681430339813232e-02
6.069324016571044922e-01
-7.604936510324478149e-02
9.848006069660186768e-02
6.627419590950012207e-01
-6.821575015783309937e-02
1.242459714412689209e-01
7.221040725708007812e-01
-4.849816858768463135e-02
