4.016577899456024170e-01
8.797500133514404297e-01
1.103621571019175462e-06
4.613460600376129150e-01
7.718622684478759766e-01
-3.333046287298202515e-02
4.647036492824554443e-01
6.158573031425476074e-01
-4.127701371908187866e-02
4.331200122833251953e-01
4.983177781105041504e-01
-5.245950445532798767e-02
4.167795181274414062e-01
4.042491614818572998e-01
-6.082561239600181580e-02
4.285442531108856201e-01
5.399436950683593750e-01
-3.209094284102320671e-03
4.653003513813018799e-01
4.019339680671691895e-01
-3.715911507606506348e-02
4.915277957916259766e-01
3.168737590312957764e-01
-5.605604499578475952e-02
5.137531757354736328e-01
2.406428456306457520e-01
-6.335747987031936646e-02
3.763964474201202393e-01
5.433155894279479980e-01
-8.619155734777450562e-03
3.880901634693145752e-01
3.803105950355529785e-01
-5.014967918395996094e-02
4.018315672874450684e-01
2.758610844612121582e-01
-6.969098746776580811e-02
4.120897054672241211e-01
1.882997453212738037e-01
-7.459031045436859131e-02
3.224788904190063477e-01
5.749363303184509277e-01
-2.115844190120697021e-02
3.492005169391632080e-01
4.796282649040222168e-01
-8.840207755565643311e-02
3.912423551082611084e-01
5.783105492591857910e-01
-8.925153315067291260e-02
4.130725264549255371e-01
6.636481881141662598e-01
-6.538609415292739868e-02
2.713337838649749756e-01
6.246066093444824219e-01
-3.546134382486343384e-02
3.011286854743957520e-01
5.325957536697387695e-01
-8.236189186573028564e-02
3.404332101345062256e-01
5.967350006103515625e-01
-7.115032523870468140e-02
3.577666878700256348e-01
6.660368442535400391e-01
-4.811990261077880859e-02
