2.253180444240570068e-01
8.459076881408691406e-01
7.013612730588647537e-07
2.733244895935058594e-01
7.668705582618713379e-01
-2.361088059842586517e-02
2.725995182991027832e-01
6.663834452629089355e-01
-2.924586832523345947e-02
2.495058178901672363e-01
5.860936045646667480e-01
-3.627176210284233093e-02
2.390483766794204712e-01
5.212336182594299316e-01
-4.139158502221107483e-02
2.551912963390350342e-01
6.184386610984802246e-01
-9.679595008492469788e-03
2.787936627864837646e-01
5.174081921577453613e-01
-3.137050941586494446e-02
2.926049232482910156e-01
4.558037519454956055e-01
-4.286507144570350647e-02
3.046439886093139648e-01
4.004579186439514160e-01
-4.783898219466209412e-02
2.168112397193908691e-01
6.185752153396606445e-01
-1.164030563086271286e-02
2.161354124546051025e-01
5.058664083480834961e-01
-3.998585417866706848e-02
2.160347849130630493e-01
4.331445395946502686e-01
-5.481766909360885620e-02
2.155246138572692871e-01
3.741073906421661377e-01
-6.059090048074722290e-02
1.774733513593673706e-01
6.393342018127441406e-01
-1.722782477736473083e-02
1.801580935716629028e-01
5.780798792839050293e-01
-6.030879169702529907e-02
2.059575468301773071e-01
6.385877132415771484e-01
-6.175943091511726379e-02
2.199239879846572876e-01
6.920939087867736816e-01
-4.803678765892982483e-02
1.396124809980392456e-01
6.720970273017883301e-01
-2.408123388886451721e-02
1.454235613346099854e-01
6.105716824531555176e-01
-5.477363988757133484e-02
1.723017841577529907e-01
6.485834121704101562e-01
-4.853151738643646240e-02
1.854053735733032227e-01
6.918872594833374023e-01
-3.485649451613426208e-02
