3.673596680164337158e-01
8.349665403366088867e-01
8.924270105126197450e-07
4.103561043739318848e-01
7.437125444412231445e-01
-2.462819591164588928e-02
4.076596200466156006e-01
6.302501559257507324e-01
-3.273817524313926697e-02
3.799089789390563965e-01
5.461830496788024902e-01
-4.393887147307395935e-02
3.676626980304718018e-01
4.743118882179260254e-01
-5.274044722318649292e-02
3.739474117755889893e-01
5.733329057693481445e-01
-1.661538728512823582e-03
4.020080864429473877e-01
4.651085436344146729e-01
-3.006408363580703735e-02
4.230273962020874023e-01
4.001487195491790771e-01
-4.655885323882102966e-02
4.395526051521301270e-01
3.434617817401885986e-01
-5.339359119534492493e-02
3.354885280132293701e-01
5.798112154006958008e-01
-7.474819663912057877e-03
3.430492281913757324e-01
4.513570070266723633e-01
-4.127693548798561096e-02
3.545770943164825439e-01
3.716779649257659912e-01
-5.735950917005538940e-02
3.620984554290771484e-01
3.054822981357574463e-01
-6.194141507148742676e-02
2.967845201492309570e-01
6.069841980934143066e-01
-1.904210820794105530e-02
3.240010738372802734e-01
5.324892997741699219e-01
-7.083027064800262451e-02
3.573355674743652344e-01
6.009871959686279297e-01
-7.118066400289535522e-02
3.725396990776062012e-01
6.606861948966979980e-01
-5.319036543369293213e-02
2.602888047695159912e-01
6.479267477989196777e-01
-3.202725201845169067e-02
2.884846925735473633e-01
5.748698711395263672e-01
-6.782462447881698608e-02
3.209736049175262451e-01
6.212666630744934082e-01
-5.883219093084335327e-02
3.345945179462432861e-01
6.723471283912658691e-01
-4.109107702970504761e-02
