3.388617038726806641e-01
8.588820695877075195e-01
6.275105306485784240e-07
2.960410118103027344e-01
7.734159827232360840e-01
-1.349459029734134674e-02
2.984010279178619385e-01
6.590751409530639648e-01
-3.187144547700881958e-02
3.284721374511718750e-01
5.682445764541625977e-01
-4.754558205604553223e-02
3.546531200408935547e-01
5.057709217071533203e-01
-6.250154227018356323e-02
3.024681508541107178e-01
6.503630876541137695e-01
-7.348190248012542725e-02
3.117868304252624512e-01
4.967511296272277832e-01
-1.032879054546356201e-01
3.220377862453460693e-01
4.127246141433715820e-01
-1.129257082939147949e-01
3.308877348899841309e-01
3.478256762027740479e-01
-1.154372617602348328e-01
3.524280190467834473e-01
6.768431067466735840e-01
-8.067870885133743286e-02
3.832914233207702637e-01
5.025516748428344727e-01
-1.079301387071609497e-01
4.007055759429931641e-01
4.174167513847351074e-01
-1.110130324959754944e-01
4.167472422122955322e-01
3.534083664417266846e-01
-1.101798862218856812e-01
4.032991230487823486e-01
7.099506258964538574e-01
-8.436101675033569336e-02
4.255368411540985107e-01
5.672345161437988281e-01
-1.123481318354606628e-01
4.065937995910644531e-01
5.983150601387023926e-01
-9.624913334846496582e-02
3.943953812122344971e-01
6.401929855346679688e-01
-7.662139832973480225e-02
4.485304355621337891e-01
7.419414520263671875e-01
-8.783944696187973022e-02
4.522983431816101074e-01
6.226510405540466309e-01
-1.011792868375778198e-01
4.324585199356079102e-01
6.422317028045654297e-01
-8.061505854129791260e-02
4.241634905338287354e-01
6.770324110984802246e-01
-6.033796817064285278e-02
