3.017635643482208252e-01
8.759366273880004883e-01
9.001508374240074772e-07
3.424935340881347656e-01
7.751024365425109863e-01
-2.317910082638263702e-02
3.290753066539764404e-01
6.609528660774230957e-01
-2.856654115021228790e-02
2.953608334064483643e-01
5.787785053253173828e-01
-3.693129122257232666e-02
2.786710262298583984e-01
5.080163478851318359e-01
-4.327932000160217285e-02
2.940269112586975098e-01
6.153382062911987305e-01
-1.049667247571051121e-03
3.135070800781250000e-01
5.029537677764892578e-01
-2.732009999454021454e-02
3.262617290019989014e-01
4.326249659061431885e-01
-4.236625507473945618e-02
3.366494178771972656e-01
3.707675635814666748e-01
-4.859516397118568420e-02
2.539838552474975586e-01
6.260329484939575195e-01
-5.460412241518497467e-03
2.507549822330474854e-01
5.026617646217346191e-01
-3.859449177980422974e-02
2.524746060371398926e-01
4.190158247947692871e-01
-5.505858361721038818e-02
2.529812753200531006e-01
3.490357995033264160e-01
-6.025581434369087219e-02
2.140639424324035645e-01
6.582279801368713379e-01
-1.498488616198301315e-02
2.276312112808227539e-01
5.831024646759033203e-01
-6.538574397563934326e-02
2.663167119026184082e-01
6.453444361686706543e-01
-6.625404208898544312e-02
2.889203429222106934e-01
7.027432322502136230e-01
-4.886488243937492371e-02
1.775947809219360352e-01
7.034301757812500000e-01
-2.573730610311031342e-02
1.923804879188537598e-01
6.292253732681274414e-01
-6.073822826147079468e-02
2.273549437522888184e-01
6.690829992294311523e-01
-5.263595283031463623e-02
2.462523281574249268e-01
7.175420522689819336e-01
-3.569644689559936523e-02
