3.353414535522460938e-01
8.619266152381896973e-01
9.149441666522761807e-07
2.971472740173339844e-01
7.753853797912597656e-01
-1.134095899760723114e-02
2.967207431793212891e-01
6.656916737556457520e-01
-3.470396623015403748e-02
3.270968794822692871e-01
5.824908614158630371e-01
-5.619834363460540771e-02
3.546580970287322998e-01
5.232436060905456543e-01
-7.665798068046569824e-02
2.864046990871429443e-01
6.491248011589050293e-01
-8.450246602296829224e-02
3.148679733276367188e-01
4.977605938911437988e-01
-1.180922165513038635e-01
3.305294811725616455e-01
4.143756031990051270e-01
-1.300489008426666260e-01
3.436076641082763672e-01
3.500460982322692871e-01
-1.347755491733551025e-01
3.312919437885284424e-01
6.876341104507446289e-01
-9.546635299921035767e-02
3.729418814182281494e-01
5.138299465179443359e-01
-1.323451697826385498e-01
3.976763188838958740e-01
4.255269169807434082e-01
-1.385102272033691406e-01
4.194910824298858643e-01
3.593629896640777588e-01
-1.402618587017059326e-01
3.818437457084655762e-01
7.264838218688964844e-01
-1.015431359410285950e-01
4.249134361743927002e-01
5.797029137611389160e-01
-1.319881081581115723e-01
4.064156711101531982e-01
6.141766309738159180e-01
-1.102866232395172119e-01
3.871270716190338135e-01
6.589354276657104492e-01
-8.808321505784988403e-02
4.287246167659759521e-01
7.606045007705688477e-01
-1.078644916415214539e-01
4.533524215221405029e-01
6.375729441642761230e-01
-1.202653571963310242e-01
4.344991445541381836e-01
6.594298481941223145e-01
-9.568195044994354248e-02
4.177866578102111816e-01
6.970648765563964844e-01
-7.350383698940277100e-02
