3.273292779922485352e-01
8.774562478065490723e-01
8.597278906563587952e-07
3.700954020023345947e-01
7.845091819763183594e-01
-2.295788377523422241e-02
3.618194460868835449e-01
6.707884073257446289e-01
-2.787598222494125366e-02
3.322650492191314697e-01
5.892685055732727051e-01
-3.548073768615722656e-02
3.190346360206604004e-01
5.184866189956665039e-01
-4.110253602266311646e-02
3.271040320396423340e-01
6.255312561988830566e-01
7.460850756615400314e-04
3.493003249168395996e-01
5.176873803138732910e-01
-2.322534099221229553e-02
3.642287254333496094e-01
4.517776072025299072e-01
-3.640612959861755371e-02
3.759032487869262695e-01
3.934839367866516113e-01
-4.138328507542610168e-02
2.888041138648986816e-01
6.335663795471191406e-01
-3.307688981294631958e-03
2.925378978252410889e-01
5.124130845069885254e-01
-3.293806314468383789e-02
3.006953299045562744e-01
4.343045353889465332e-01
-4.692816361784934998e-02
3.058191239833831787e-01
3.679018616676330566e-01
-5.060506984591484070e-02
2.504337430000305176e-01
6.609243750572204590e-01
-1.283361483365297318e-02
2.737995088100433350e-01
5.889385938644409180e-01
-6.136158108711242676e-02
3.084960877895355225e-01
6.515421867370605469e-01
-6.396762281656265259e-02
3.256494700908660889e-01
7.071414589881896973e-01
-4.843112826347351074e-02
2.148430645465850830e-01
7.004810571670532227e-01
-2.342418581247329712e-02
2.384388595819473267e-01
6.302774548530578613e-01
-5.796815827488899231e-02
2.709110081195831299e-01
6.720891594886779785e-01
-5.182514712214469910e-02
2.861132621765136719e-01
7.193173170089721680e-01
-3.680494055151939392e-02
