3.618354499340057373e-01
8.649609088897705078e-01
7.378993132078903727e-07
3.139553368091583252e-01
7.670964002609252930e-01
-2.212942391633987427e-02
3.178819417953491211e-01
6.392784118652343750e-01
-4.704319685697555542e-02
3.563308119773864746e-01
5.399103164672851562e-01
-6.613463908433914185e-02
3.852662146091461182e-01
4.760305285453796387e-01
-8.310224115848541260e-02
3.283282518386840820e-01
6.561645269393920898e-01
-9.888837486505508423e-02
3.357356786727905273e-01
4.816315770149230957e-01
-1.348384320735931396e-01
3.422931432723999023e-01
3.860459625720977783e-01
-1.457770168781280518e-01
3.482680320739746094e-01
3.107480704784393311e-01
-1.492054462432861328e-01
3.855196237564086914e-01
6.891450881958007812e-01
-1.017598137259483337e-01
4.312000572681427002e-01
4.961614608764648438e-01
-1.352987438440322876e-01
4.604266285896301270e-01
4.003056287765502930e-01
-1.387292146682739258e-01
4.860079586505889893e-01
3.275432586669921875e-01
-1.385022848844528198e-01
4.403709471225738525e-01
7.199798822402954102e-01
-1.003677248954772949e-01
4.614195227622985840e-01
5.477800369262695312e-01
-1.317069381475448608e-01
4.355641901493072510e-01
5.747900605201721191e-01
-1.132607534527778625e-01
4.193039834499359131e-01
6.217941045761108398e-01
-9.158966690301895142e-02
4.885840713977813721e-01
7.433857321739196777e-01
-9.941679984331130981e-02
4.900005161762237549e-01
5.986195802688598633e-01
-1.156383752822875977e-01
4.666264057159423828e-01
6.128584742546081543e-01
-9.579768031835556030e-02
4.575307369232177734e-01
6.516512036323547363e-01
-7.571143656969070435e-02
