5.604805946350097656e-01
9.119604229927062988e-01
2.880059639664978022e-07
5.296252965927124023e-01
7.778593897819519043e-01
-2.384290285408496857e-02
5.598912239074707031e-01
6.651251912117004395e-01
-4.326292499899864197e-02
6.270917654037475586e-01
6.060587167739868164e-01
-5.578486621379852295e-02
6.797641515731811523e-01
5.867497324943542480e-01
-6.755182892084121704e-02
6.118074059486389160e-01
6.832885146141052246e-01
-8.694145083427429199e-02
6.391927599906921387e-01
5.136025547981262207e-01
-1.126199066638946533e-01
6.558794975280761719e-01
4.265261888504028320e-01
-1.186320260167121887e-01
6.736498475074768066e-01
3.561574816703796387e-01
-1.198177263140678406e-01
6.699884533882141113e-01
7.232121229171752930e-01
-8.116250485181808472e-02
7.116300463676452637e-01
5.429918766021728516e-01
-1.052145585417747498e-01
7.384624481201171875e-01
4.525398313999176025e-01
-1.059847697615623474e-01
7.644650936126708984e-01
3.906729817390441895e-01
-1.041644811630249023e-01
7.131488323211669922e-01
7.666347026824951172e-01
-7.109934836626052856e-02
7.202875614166259766e-01
6.305963397026062012e-01
-9.452036023139953613e-02
6.835643053054809570e-01
6.368641853332519531e-01
-8.288916200399398804e-02
6.566286087036132812e-01
6.725996732711791992e-01
-6.675441563129425049e-02
7.408705949783325195e-01
8.015656471252441406e-01
-6.161326542496681213e-02
7.383427619934082031e-01
6.849917769432067871e-01
-7.554655522108078003e-02
7.066484689712524414e-01
6.859014630317687988e-01
-6.175900995731353760e-02
6.884509921073913574e-01
7.184366583824157715e-01
-4.581711813807487488e-02
