4.437655806541442871e-01
8.656342625617980957e-01
1.122750290960539132e-06
4.845819771289825439e-01
7.433511018753051758e-01
-9.713097475469112396e-03
4.823962748050689697e-01
6.249375343322753906e-01
-2.450514398515224457e-02
4.706542789936065674e-01
5.406243205070495605e-01
-4.596361145377159119e-02
4.641526043415069580e-01
4.621201455593109131e-01
-6.664576381444931030e-02
3.894853293895721436e-01
5.428173542022705078e-01
-9.923887439072132111e-03
4.311845004558563232e-01
4.328390359878540039e-01
-5.107913166284561157e-02
4.590883553028106689e-01
3.532604873180389404e-01
-7.814262062311172485e-02
4.797165393829345703e-01
2.838456630706787109e-01
-9.310768544673919678e-02
3.562520146369934082e-01
5.696076154708862305e-01
-2.872757986187934875e-02
4.142139852046966553e-01
4.389740824699401855e-01
-7.469184696674346924e-02
4.579030275344848633e-01
3.576594293117523193e-01
-9.462320059537887573e-02
4.870258271694183350e-01
2.838222980499267578e-01
-1.015542745590209961e-01
3.367442190647125244e-01
6.151831150054931641e-01
-5.097352340817451477e-02
4.366052150726318359e-01
5.376477837562561035e-01
-1.086475476622581482e-01
4.791435003280639648e-01
6.232644319534301758e-01
-1.014901250600814819e-01
4.918389618396759033e-01
6.858242154121398926e-01
-7.953124493360519409e-02
3.343855142593383789e-01
6.728700399398803711e-01
-7.442431151866912842e-02
4.133975207805633545e-01
6.047511696815490723e-01
-1.134356632828712463e-01
4.484582543373107910e-01
6.562259793281555176e-01
-1.009794697165489197e-01
4.544905424118041992e-01
7.011479139328002930e-01
-8.067120611667633057e-02
