2.036569863557815552e-01
9.093170166015625000e-01
9.054392080543038901e-07
2.497076392173767090e-01
7.985008955001831055e-01
-2.852219715714454651e-02
2.338019609451293945e-01
6.699810028076171875e-01
-3.435010835528373718e-02
1.947401911020278931e-01
5.764240026473999023e-01
-4.240236431360244751e-02
1.752427220344543457e-01
4.955857992172241211e-01
-4.811515659093856812e-02
2.047438323497772217e-01
6.175698041915893555e-01
-4.041942767798900604e-03
2.178277224302291870e-01
4.949636161327362061e-01
-3.010134585201740265e-02
2.232519984245300293e-01
4.193429946899414062e-01
-4.500237479805946350e-02
2.273653000593185425e-01
3.489450514316558838e-01
-5.234159156680107117e-02
1.560596823692321777e-01
6.279544830322265625e-01
-7.318879943341016769e-03
1.424053311347961426e-01
4.953056573867797852e-01
-4.308614134788513184e-02
1.332835555076599121e-01
4.070960879325866699e-01
-6.263893097639083862e-02
1.242668777704238892e-01
3.307702839374542236e-01
-7.041316479444503784e-02
1.084222793579101562e-01
6.654751300811767578e-01
-1.569086126983165741e-02
1.046715080738067627e-01
5.843809843063354492e-01
-7.229764014482498169e-02
1.485979259014129639e-01
6.576240062713623047e-01
-7.415164262056350708e-02
1.759981960058212280e-01
7.228229045867919922e-01
-5.592309683561325073e-02
6.525683403015136719e-02
7.159788012504577637e-01
-2.545811980962753296e-02
6.566845625638961792e-02
6.378902792930603027e-01
-6.667084991931915283e-02
1.059757471084594727e-01
6.803747415542602539e-01
-5.947880074381828308e-02
1.300067305564880371e-01
7.311285138130187988e-01
-4.206401109695434570e-02
