3.388341963291168213e-01
8.986257314682006836e-01
1.051741378432780039e-06
3.869757056236267090e-01
7.859411239624023438e-01
-2.927618473768234253e-02
3.765805065631866455e-01
6.486586928367614746e-01
-3.689297661185264587e-02
3.417860269546508789e-01
5.502791404724121094e-01
-4.757724702358245850e-02
3.282887637615203857e-01
4.659294486045837402e-01
-5.556074902415275574e-02
3.372615575790405273e-01
5.898892283439636230e-01
-2.147370483726263046e-03
3.658706545829772949e-01
4.623947739601135254e-01
-3.417870402336120605e-02
3.866318464279174805e-01
3.833696246147155762e-01
-5.241324007511138916e-02
4.040906429290771484e-01
3.140165507793426514e-01
-5.938517674803733826e-02
2.903755605220794678e-01
5.995058417320251465e-01
-7.090863771736621857e-03
2.926653921604156494e-01
4.533063173294067383e-01
-4.584055393934249878e-02
2.991614043712615967e-01
3.580999374389648438e-01
-6.433325260877609253e-02
3.035181164741516113e-01
2.787124812602996826e-01
-6.915107369422912598e-02
2.428995817899703979e-01
6.331694722175598145e-01
-1.859509572386741638e-02
2.678169310092926025e-01
5.496591925621032715e-01
-7.906480878591537476e-02
3.104847073554992676e-01
6.280477643013000488e-01
-8.075243234634399414e-02
3.334956765174865723e-01
6.971308588981628418e-01
-6.008373200893402100e-02
1.987336277961730957e-01
6.812232732772827148e-01
-3.162591904401779175e-02
2.231827974319458008e-01
5.950350761413574219e-01
-7.292362302541732788e-02
2.618915736675262451e-01
6.483682990074157715e-01
-6.259179115295410156e-02
2.806822657585144043e-01
7.084985375404357910e-01
-4.189413785934448242e-02
