1.732069700956344604e-01
8.546714782714843750e-01
1.260455860574438702e-06
1.182642132043838501e-01
7.554615736007690430e-01
-1.878070994280278683e-03
8.829121291637420654e-02
6.352827548980712891e-01
-3.253297880291938782e-02
8.558866381645202637e-02
5.319766998291015625e-01
-6.379564851522445679e-02
6.928426027297973633e-02
4.546044468879699707e-01
-9.347863495349884033e-02
3.127535432577133179e-02
6.455757021903991699e-01
-1.021301969885826111e-01
3.717717528343200684e-02
4.671938419342041016e-01
-1.481208652257919312e-01
3.668394684791564941e-02
3.674082756042480469e-01
-1.699218153953552246e-01
3.422888368368148804e-02
2.865659892559051514e-01
-1.832958310842514038e-01
8.208916336297988892e-02
6.862196326255798340e-01
-1.252708584070205688e-01
1.124892756342887878e-01
4.787332415580749512e-01
-1.783283948898315430e-01
1.363598704338073730e-01
3.657681643962860107e-01
-1.860458999872207642e-01
1.544764935970306396e-01
2.804157733917236328e-01
-1.910794377326965332e-01
1.440774500370025635e-01
7.146664261817932129e-01
-1.421829015016555786e-01
1.833792328834533691e-01
5.333414077758789062e-01
-1.756513267755508423e-01
1.873772144317626953e-01
5.760021805763244629e-01
-1.415779739618301392e-01
1.784408092498779297e-01
6.344943642616271973e-01
-1.157146021723747253e-01
2.062878310680389404e-01
7.334590554237365723e-01
-1.602235287427902222e-01
2.273509502410888672e-01
5.834397077560424805e-01
-1.727272123098373413e-01
2.213353812694549561e-01
6.133232712745666504e-01
-1.412622928619384766e-01
2.092461884021759033e-01
6.665668487548828125e-01
-1.168957650661468506e-01
