3.651414811611175537e-01
8.143461942672729492e-01
1.051524009199056309e-06
3.212282359600067139e-01
7.142556905746459961e-01
-1.910146325826644897e-02
3.225726485252380371e-01
5.862469077110290527e-01
-4.802579432725906372e-02
3.601469993591308594e-01
4.883460998535156250e-01
-7.218513637781143188e-02
3.879400789737701416e-01
4.200369715690612793e-01
-9.507568925619125366e-02
3.131977319717407227e-01
5.938784480094909668e-01
-1.075060591101646423e-01
3.415381908416748047e-01
4.184735417366027832e-01
-1.474396139383316040e-01
3.615145981311798096e-01
3.220972418785095215e-01
-1.621769070625305176e-01
3.801583647727966309e-01
2.467885613441467285e-01
-1.685586720705032349e-01
3.678751587867736816e-01
6.409074664115905762e-01
-1.155462712049484253e-01
4.212669134140014648e-01
4.415998458862304688e-01
-1.557956784963607788e-01
4.543052911758422852e-01
3.404214680194854736e-01
-1.622719019651412964e-01
4.823861718177795410e-01
2.644354403018951416e-01
-1.647885143756866455e-01
4.261102378368377686e-01
6.839787364006042480e-01
-1.179651692509651184e-01
4.662091434001922607e-01
5.119059085845947266e-01
-1.504851132631301880e-01
4.435240626335144043e-01
5.418851971626281738e-01
-1.262959837913513184e-01
4.243903756141662598e-01
5.902853608131408691e-01
-1.022442132234573364e-01
4.792189598083496094e-01
7.162098288536071777e-01
-1.209896951913833618e-01
4.935141503810882568e-01
5.719141364097595215e-01
-1.347136795520782471e-01
4.720664024353027344e-01
5.915842056274414062e-01
-1.079171299934387207e-01
4.593128561973571777e-01
6.316438913345336914e-01
-8.415023237466812134e-02
