4.367802739143371582e-01
8.760002851486206055e-01
9.682719337433809415e-07
4.900575280189514160e-01
7.749671339988708496e-01
-2.657774649560451508e-02
4.909865856170654297e-01
6.380838155746459961e-01
-3.286860883235931396e-02
4.632056355476379395e-01
5.363547205924987793e-01
-4.267702624201774597e-02
4.521866738796234131e-01
4.535890221595764160e-01
-4.984831064939498901e-02
4.554844498634338379e-01
5.758674144744873047e-01
7.634067442268133163e-04
4.892137050628662109e-01
4.560665190219879150e-01
-3.064963780343532562e-02
5.147287249565124512e-01
3.832359910011291504e-01
-4.878094419836997986e-02
5.357054471969604492e-01
3.183874785900115967e-01
-5.591651052236557007e-02
4.105089902877807617e-01
5.787287950515747070e-01
-5.604812875390052795e-03
4.231032431125640869e-01
4.337204694747924805e-01
-4.277635365724563599e-02
4.385211467742919922e-01
3.440772593021392822e-01
-6.042651459574699402e-02
4.498754143714904785e-01
2.676110267639160156e-01
-6.490545719861984253e-02
3.645328879356384277e-01
6.048428416252136230e-01
-1.850440166890621185e-02
3.985209763050079346e-01
5.237309336662292480e-01
-7.760291546583175659e-02
4.338380694389343262e-01
6.071403622627258301e-01
-7.870192080736160278e-02
4.492164254188537598e-01
6.775589585304260254e-01
-5.813919007778167725e-02
3.206897974014282227e-01
6.467629671096801758e-01
-3.282858058810234070e-02
3.544350564479827881e-01
5.657510161399841309e-01
-7.297845184803009033e-02
3.886933624744415283e-01
6.222575902938842773e-01
-6.241209059953689575e-02
4.023001194000244141e-01
6.819476485252380371e-01
-4.195009917020797729e-02
