4.103544354438781738e-01
8.702403306961059570e-01
9.778202638699440286e-07
4.627201855182647705e-01
7.661035656929016113e-01
-2.664609812200069427e-02
4.577720463275909424e-01
6.299694776535034180e-01
-3.342767804861068726e-02
4.273535609245300293e-01
5.299403071403503418e-01
-4.354088753461837769e-02
4.175574779510498047e-01
4.479000568389892578e-01
-5.114937946200370789e-02
4.241081774234771729e-01
5.744277238845825195e-01
-8.829184225760400295e-04
4.574121534824371338e-01
4.563891887664794922e-01
-3.142653405666351318e-02
4.813294112682342529e-01
3.842348456382751465e-01
-4.951911047101020813e-02
5.003852844238281250e-01
3.185593783855438232e-01
-5.766993388533592224e-02
3.786304891109466553e-01
5.776852369308471680e-01
-7.134797982871532440e-03
3.890810608863830566e-01
4.377544522285461426e-01
-4.448935762047767639e-02
4.032339453697204590e-01
3.488323688507080078e-01
-6.290338188409805298e-02
4.125200212001800537e-01
2.697994709014892578e-01
-6.894582509994506836e-02
3.318524956703186035e-01
6.055517792701721191e-01
-1.959093660116195679e-02
3.625778257846832275e-01
5.209706425666809082e-01
-7.791849225759506226e-02
3.998585343360900879e-01
6.025676131248474121e-01
-7.842261344194412231e-02
4.157687723636627197e-01
6.716521978378295898e-01
-5.847191438078880310e-02
2.879540622234344482e-01
6.495131254196166992e-01
-3.352607786655426025e-02
3.198012411594390869e-01
5.665553808212280273e-01
-7.416106760501861572e-02
3.562458753585815430e-01
6.194892525672912598e-01
-6.457383185625076294e-02
3.711585700511932373e-01
6.774829030036926270e-01
-4.532199352979660034e-02
