1.410972028970718384e-01
9.137991070747375488e-01
9.524459301246679388e-07
1.996447741985321045e-01
7.994310855865478516e-01
-3.407142311334609985e-02
1.917379200458526611e-01
6.518508195877075195e-01
-3.654905781149864197e-02
1.550585329532623291e-01
5.389092564582824707e-01
-4.132096096873283386e-02
1.442467570304870605e-01
4.452441036701202393e-01
-4.245000332593917847e-02
1.797028630971908569e-01
5.989768505096435547e-01
7.417532149702310562e-03
1.925505995750427246e-01
4.606454670429229736e-01
-1.588458195328712463e-02
1.969412267208099365e-01
3.693387210369110107e-01
-2.909244038164615631e-02
2.018892168998718262e-01
2.865467071533203125e-01
-3.650257363915443420e-02
1.206639707088470459e-01
6.024644374847412109e-01
4.208285361528396606e-03
1.012320145964622498e-01
4.589764475822448730e-01
-3.503234684467315674e-02
8.237966150045394897e-02
3.559671342372894287e-01
-5.908215045928955078e-02
6.621221452951431274e-02
2.679176926612854004e-01
-6.962671130895614624e-02
6.115818768739700317e-02
6.337363123893737793e-01
-5.729280412197113037e-03
5.112526938319206238e-02
5.454180836677551270e-01
-7.554315030574798584e-02
8.768868446350097656e-02
6.426516771316528320e-01
-8.288525044918060303e-02
1.094888597726821899e-01
7.227886319160461426e-01
-6.427801400423049927e-02
5.109474062919616699e-03
6.784316897392272949e-01
-1.724180392920970917e-02
8.704885840415954590e-04
5.979331731796264648e-01
-7.351614534854888916e-02
3.929471224546432495e-02
6.577908396720886230e-01
-7.344600558280944824e-02
6.163982301950454712e-02
7.194709777832031250e-01
-5.837754532694816589e-02
