3.672826290130615234e-01
1.006505966186523438e+00
1.086302518160664476e-06
4.219096601009368896e-01
8.952875733375549316e-01
-4.171982780098915100e-02
4.104083776473999023e-01
7.343618869781494141e-01
-5.161637812852859497e-02
3.698225021362304688e-01
6.152944564819335938e-01
-6.294833868741989136e-02
3.511173129081726074e-01
5.134451985359191895e-01
-7.115305960178375244e-02
3.791584372520446777e-01
6.605882644653320312e-01
-1.071263384073972702e-02
4.071394801139831543e-01
5.165905952453613281e-01
-4.516198113560676575e-02
4.224677085876464844e-01
4.243877828121185303e-01
-6.363310664892196655e-02
4.353287220001220703e-01
3.397771716117858887e-01
-7.141536474227905273e-02
3.201808333396911621e-01
6.707086563110351562e-01
-1.360399927943944931e-02
3.093577325344085693e-01
5.115189552307128906e-01
-5.964806675910949707e-02
3.056603968143463135e-01
4.062570035457611084e-01
-8.228850364685058594e-02
3.020404875278472900e-01
3.127776086330413818e-01
-8.878666907548904419e-02
2.628980278968811035e-01
7.120003700256347656e-01
-2.375390566885471344e-02
2.762231230735778809e-01
6.233494877815246582e-01
-9.889278560876846313e-02
3.268412649631500244e-01
7.297104597091674805e-01
-1.003518328070640564e-01
3.547940552234649658e-01
8.162559866905212402e-01
-7.462252676486968994e-02
2.107172906398773193e-01
7.693592905998229980e-01
-3.600566089153289795e-02
2.213447391986846924e-01
6.724759936332702637e-01
-8.952394127845764160e-02
2.655779123306274414e-01
7.355100512504577637e-01
-7.802443951368331909e-02
2.905014157295227051e-01
8.038071393966674805e-01
-5.339668691158294678e-02
