1.762121021747589111e-01
9.596905708312988281e-01
9.946026011675712653e-07
2.347445040941238403e-01
8.326437473297119141e-01
-3.277056664228439331e-02
2.199497371912002563e-01
6.760582923889160156e-01
-3.295922651886940002e-02
1.784676909446716309e-01
5.635480880737304688e-01
-3.575059026479721069e-02
1.618913561105728149e-01
4.676530957221984863e-01
-3.533357381820678711e-02
1.976071000099182129e-01
6.228532791137695312e-01
1.029549725353717804e-02
2.136352807283401489e-01
4.819757938385009766e-01
-1.211383473128080368e-02
2.193173468112945557e-01
3.922180235385894775e-01
-2.436874993145465851e-02
2.251469492912292480e-01
3.091211616992950439e-01
-3.080833144485950470e-02
1.383175402879714966e-01
6.275836229324340820e-01
7.208389230072498322e-03
1.218174844980239868e-01
4.787977337837219238e-01
-2.997271716594696045e-02
1.072972416877746582e-01
3.746720254421234131e-01
-5.217543244361877441e-02
9.554368257522583008e-02
2.848936915397644043e-01
-6.118301674723625183e-02
7.807643711566925049e-02
6.636791825294494629e-01
-2.905527129769325256e-03
7.606364786624908447e-02
5.719206929206848145e-01
-7.126975804567337036e-02
1.204073801636695862e-01
6.674141287803649902e-01
-7.844143360853195190e-02
1.462557911872863770e-01
7.455027699470520020e-01
-5.979450047016143799e-02
2.283179014921188354e-02
7.124781608581542969e-01
-1.437477860599756241e-02
2.663943916559219360e-02
6.279423236846923828e-01
-6.971764564514160156e-02
6.964440643787384033e-02
6.900190114974975586e-01
-6.851973384618759155e-02
9.353914856910705566e-02
7.526564002037048340e-01
-5.259092524647712708e-02
