3.750052154064178467e-01
9.452223777770996094e-01
1.201587679133808706e-06
4.497662782669067383e-01
8.104529380798339844e-01
-4.489954933524131775e-02
4.449973106384277344e-01
6.098307371139526367e-01
-5.222304165363311768e-02
3.961691558361053467e-01
4.627554416656494141e-01
-6.237309053540229797e-02
3.753335773944854736e-01
3.400409519672393799e-01
-6.858140975236892700e-02
4.149992465972900391e-01
5.149251818656921387e-01
-1.118347165174782276e-03
4.462927579879760742e-01
3.455871939659118652e-01
-3.786171600222587585e-02
4.671592116355895996e-01
2.376393675804138184e-01
-5.851259455084800720e-02
4.855059981346130371e-01
1.391870081424713135e-01
-6.749890744686126709e-02
3.435547053813934326e-01
5.184962153434753418e-01
-6.875206716358661652e-03
3.371094465255737305e-01
3.154091536998748779e-01
-5.510360375046730042e-02
3.335524499416351318e-01
1.857694387435913086e-01
-8.058060705661773682e-02
3.304022550582885742e-01
7.762476801872253418e-02
-8.856464177370071411e-02
2.721075713634490967e-01
5.597303509712219238e-01
-2.169661596417427063e-02
2.818318605422973633e-01
4.476545751094818115e-01
-1.053070425987243652e-01
3.354983031749725342e-01
5.710225105285644531e-01
-1.084053367376327515e-01
3.652337193489074707e-01
6.740416288375854492e-01
-8.064845949411392212e-02
2.047655880451202393e-01
6.195365190505981445e-01
-3.901868313550949097e-02
2.196619510650634766e-01
4.982120394706726074e-01
-9.817139059305191040e-02
2.675232887268066406e-01
5.785035490989685059e-01
-8.477516472339630127e-02
2.926009297370910645e-01
6.640811562538146973e-01
-5.730996280908584595e-02
