2.881979644298553467e-01
9.087749719619750977e-01
-1.073799609230263741e-07
3.608444333076477051e-01
8.493603467941284180e-01
-3.118620067834854126e-02
4.036280810832977295e-01
7.776295542716979980e-01
-4.510994255542755127e-02
3.805365264415740967e-01
7.053006887435913086e-01
-5.866199731826782227e-02
3.150768280029296875e-01
6.796475648880004883e-01
-7.186485826969146729e-02
3.747349083423614502e-01
5.927178859710693359e-01
-1.667423546314239502e-02
3.890449702739715576e-01
4.558994472026824951e-01
-4.044442996382713318e-02
3.986601233482360840e-01
3.810583949089050293e-01
-5.969809368252754211e-02
4.010354280471801758e-01
3.097610175609588623e-01
-7.467100024223327637e-02
3.127817511558532715e-01
5.982010960578918457e-01
-2.017346210777759552e-02
3.117779791355133057e-01
5.012040138244628906e-01
-5.770260840654373169e-02
3.107888400554656982e-01
6.081062555313110352e-01
-6.962485611438751221e-02
3.130784332752227783e-01
6.779057383537292480e-01
-6.922931224107742310e-02
2.603324055671691895e-01
6.229845881462097168e-01
-2.749390713870525360e-02
2.538858056068420410e-01
5.341122150421142578e-01
-6.204988807439804077e-02
2.656018733978271484e-01
6.326115131378173828e-01
-5.294278264045715332e-02
2.726793587207794189e-01
7.007998228073120117e-01
-3.770313411951065063e-02
2.135074138641357422e-01
6.732136607170104980e-01
-3.799897432327270508e-02
2.095551192760467529e-01
5.903151035308837891e-01
-5.601816251873970032e-02
2.273670881986618042e-01
6.447357535362243652e-01
-3.991814702749252319e-02
2.388806641101837158e-01
6.981346607208251953e-01
-2.323092892765998840e-02
