7.587350010871887207e-01
9.161908626556396484e-01
5.400720315407170347e-09
6.936904191970825195e-01
8.857722282409667969e-01
-4.792056977748870850e-02
6.541672945022583008e-01
8.184286952018737793e-01
-7.608683407306671143e-02
6.848406195640563965e-01
7.357553839683532715e-01
-1.008404716849327087e-01
7.302573323249816895e-01
6.743652224540710449e-01
-1.227057874202728271e-01
6.314870119094848633e-01
6.182957887649536133e-01
-4.360597580671310425e-02
6.218540072441101074e-01
4.758088588714599609e-01
-7.547282427549362183e-02
6.241250038146972656e-01
3.954512476921081543e-01
-9.911919385194778442e-02
6.233651638031005859e-01
3.216865360736846924e-01
-1.185381039977073669e-01
6.888876557350158691e-01
6.059753298759460449e-01
-4.194171354174613953e-02
6.812193393707275391e-01
4.998664855957031250e-01
-8.991117775440216064e-02
6.992622017860412598e-01
5.948736071586608887e-01
-1.034254059195518494e-01
7.066566944122314453e-01
6.651175618171691895e-01
-1.030422896146774292e-01
7.439554333686828613e-01
6.172257661819458008e-01
-4.527242481708526611e-02
7.425417900085449219e-01
5.203740000724792480e-01
-8.973952382802963257e-02
7.521960735321044922e-01
6.133196949958801270e-01
-8.055695891380310059e-02
7.549969553947448730e-01
6.811645030975341797e-01
-6.363695114850997925e-02
7.950993180274963379e-01
6.530445218086242676e-01
-5.341209843754768372e-02
7.949469089508056641e-01
5.730225443840026855e-01
-8.414724469184875488e-02
7.926114201545715332e-01
6.293194890022277832e-01
-7.629249244928359985e-02
7.889644503593444824e-01
6.826613545417785645e-01
-6.360625475645065308e-02
