7.546912431716918945e-01
8.887345194816589355e-01
-1.716643254212613101e-07
6.900538802146911621e-01
8.525019884109497070e-01
-2.383949467912316322e-03
6.369137167930603027e-01
7.803243994712829590e-01
-1.042015943676233292e-02
5.976699590682983398e-01
7.268095016479492188e-01
-2.780861034989356995e-02
5.952119231224060059e-01
6.932122111320495605e-01
-4.527800530195236206e-02
6.769698858261108398e-01
6.458329558372497559e-01
1.156344916671514511e-02
6.589395403861999512e-01
5.266914963722229004e-01
-8.135571144521236420e-03
6.439592838287353516e-01
4.651703238487243652e-01
-1.847070269286632538e-02
6.404598951339721680e-01
4.105193018913269043e-01
-2.564238756895065308e-02
7.020571827888488770e-01
6.453603506088256836e-01
-6.777302827686071396e-03
6.495348215103149414e-01
5.463912487030029297e-01
-4.725091904401779175e-02
6.079800724983215332e-01
6.051890850067138672e-01
-5.793932452797889709e-02
6.020099520683288574e-01
6.608948707580566406e-01
-5.221466720104217529e-02
7.260867357254028320e-01
6.540558934211730957e-01
-2.844008058309555054e-02
6.692671179771423340e-01
5.742073059082031250e-01
-6.721357256174087524e-02
6.305406093597412109e-01
6.370535492897033691e-01
-6.644086539745330811e-02
6.299254894256591797e-01
6.919201016426086426e-01
-5.220633372664451599e-02
7.480610013008117676e-01
6.717846989631652832e-01
-5.105670168995857239e-02
6.931588053703308105e-01
6.024890542030334473e-01
-7.426431030035018921e-02
6.556364893913269043e-01
6.363655328750610352e-01
-7.127773761749267578e-02
6.504526138305664062e-01
6.842125654220581055e-01
-6.112213060259819031e-02
