7.618795633316040039e-01
9.533715844154357910e-01
-2.724174237300758250e-07
6.916415095329284668e-01
8.979003429412841797e-01
-3.948551602661609650e-03
6.360047459602355957e-01
8.160245418548583984e-01
-1.735784299671649933e-02
5.907841920852661133e-01
7.669863104820251465e-01
-4.127113148570060730e-02
5.856026411056518555e-01
7.233759760856628418e-01
-6.543952971696853638e-02
6.972483396530151367e-01
6.454665660858154297e-01
9.709352627396583557e-03
6.748608946800231934e-01
5.154148340225219727e-01
-1.773631572723388672e-02
6.596716642379760742e-01
4.453111886978149414e-01
-3.374077752232551575e-02
6.564643979072570801e-01
3.853989541530609131e-01
-4.465059190988540649e-02
7.272377014160156250e-01
6.524298191070556641e-01
-1.127702556550502777e-02
6.571651697158813477e-01
5.495996475219726562e-01
-5.863611400127410889e-02
6.060056090354919434e-01
6.199828982353210449e-01
-7.043463736772537231e-02
5.985381007194519043e-01
6.784374117851257324e-01
-6.491757929325103760e-02
7.533323764801025391e-01
6.729909777641296387e-01
-3.659782186150550842e-02
6.800215840339660645e-01
5.879358053207397461e-01
-8.168498426675796509e-02
6.312355995178222656e-01
6.592064499855041504e-01
-7.675766199827194214e-02
6.282411217689514160e-01
7.182244658470153809e-01
-5.845693871378898621e-02
7.727580070495605469e-01
7.072373032569885254e-01
-6.324184685945510864e-02
7.052925229072570801e-01
6.366719007492065430e-01
-9.061811864376068115e-02
6.603521108627319336e-01
6.761400103569030762e-01
-8.440310508012771606e-02
6.531564593315124512e-01
7.258206009864807129e-01
-7.034963369369506836e-02
