7.431569695472717285e-01
9.661488533020019531e-01
-3.438030304891981359e-08
6.736959218978881836e-01
9.069608449935913086e-01
-6.261138617992401123e-02
6.427452564239501953e-01
8.313124179840087891e-01
-9.382949024438858032e-02
6.968028545379638672e-01
7.512195110321044922e-01
-1.160337254405021667e-01
7.663531303405761719e-01
6.981275081634521484e-01
-1.331370770931243896e-01
6.417028307914733887e-01
5.997990369796752930e-01
-6.564877927303314209e-02
6.426977515220642090e-01
4.206766784191131592e-01
-1.048865020275115967e-01
6.506698727607727051e-01
3.267631828784942627e-01
-1.368399560451507568e-01
6.551837325096130371e-01
2.361938059329986572e-01
-1.636624336242675781e-01
7.166954874992370605e-01
5.973985791206359863e-01
-5.844539031386375427e-02
7.304224371910095215e-01
4.679652750492095947e-01
-1.070431023836135864e-01
7.432456016540527344e-01
5.865641832351684570e-01
-1.195481419563293457e-01
7.396483421325683594e-01
6.698862910270690918e-01
-1.206192821264266968e-01
7.790016531944274902e-01
6.220437884330749512e-01
-5.752416700124740601e-02
7.955469489097595215e-01
5.156946182250976562e-01
-9.928248077630996704e-02
7.989746332168579102e-01
6.258758306503295898e-01
-8.575505763292312622e-02
7.897781133651733398e-01
7.028365731239318848e-01
-6.787822395563125610e-02
8.307424783706665039e-01
6.810616254806518555e-01
-6.357607245445251465e-02
8.465002179145812988e-01
5.898849964141845703e-01
-9.095522761344909668e-02
8.414689302444458008e-01
6.512925624847412109e-01
-7.837496697902679443e-02
8.275490999221801758e-01
7.162947654724121094e-01
-6.370207667350769043e-02
