7.327607274055480957e-01
9.122262001037597656e-01
-3.679161508785000478e-08
6.703756451606750488e-01
8.522725701332092285e-01
-3.344286978244781494e-02
6.386542916297912598e-01
7.617352604866027832e-01
-5.193201825022697449e-02
6.759935617446899414e-01
6.779891848564147949e-01
-6.998462975025177002e-02
7.293877601623535156e-01
6.341432929039001465e-01
-8.675998449325561523e-02
6.410482525825500488e-01
5.841693282127380371e-01
-2.575339376926422119e-02
6.406116485595703125e-01
4.408034086227416992e-01
-4.795107245445251465e-02
6.472536921501159668e-01
3.643055260181427002e-01
-6.728909909725189209e-02
6.504265069961547852e-01
2.942543923854827881e-01
-8.511097729206085205e-02
6.974388957023620605e-01
5.863139033317565918e-01
-2.975838258862495422e-02
6.997823715209960938e-01
4.591209590435028076e-01
-6.443006545305252075e-02
7.019342780113220215e-01
5.439731478691101074e-01
-7.625184953212738037e-02
6.981276273727416992e-01
6.082128882408142090e-01
-7.779508084058761597e-02
7.482025623321533203e-01
6.098124384880065918e-01
-3.764394670724868774e-02
7.552691102027893066e-01
5.000242590904235840e-01
-6.773979216814041138e-02
7.490301728248596191e-01
5.790055394172668457e-01
-6.139073520898818970e-02
7.423766255378723145e-01
6.430445909500122070e-01
-5.046820268034934998e-02
7.929751873016357422e-01
6.555219888687133789e-01
-4.962775856256484985e-02
7.987037301063537598e-01
5.609205961227416992e-01
-6.731912493705749512e-02
7.865476608276367188e-01
5.998671054840087891e-01
-5.922485515475273132e-02
7.765053510665893555e-01
6.495609879493713379e-01
-5.040038004517555237e-02
