7.470743060111999512e-01
9.090707898139953613e-01
-2.210226028864781256e-07
6.796238422393798828e-01
8.545145392417907715e-01
-8.964749984443187714e-03
6.214413046836853027e-01
7.492470741271972656e-01
-2.070339955389499664e-02
5.780053734779357910e-01
6.682051420211791992e-01
-4.222238808870315552e-02
5.997703075408935547e-01
6.391093134880065918e-01
-6.356206536293029785e-02
6.795824766159057617e-01
6.009850502014160156e-01
1.049754489213228226e-02
6.673321723937988281e-01
4.631533920764923096e-01
-1.444073952734470367e-02
6.548538208007812500e-01
3.926204442977905273e-01
-2.836387045681476593e-02
6.576085686683654785e-01
3.297765552997589111e-01
-3.883197531104087830e-02
7.152517437934875488e-01
6.068853139877319336e-01
-8.082346059381961823e-03
6.701580286026000977e-01
4.792446792125701904e-01
-5.819124728441238403e-02
6.170082688331604004e-01
5.373736619949340820e-01
-7.242900878190994263e-02
6.040348410606384277e-01
5.963600277900695801e-01
-6.693755090236663818e-02
7.497329711914062500e-01
6.252965927124023438e-01
-3.118286095559597015e-02
6.956975460052490234e-01
5.193440914154052734e-01
-7.899041473865509033e-02
6.439445614814758301e-01
5.871693491935729980e-01
-7.941538840532302856e-02
6.366904377937316895e-01
6.503269672393798828e-01
-6.318876147270202637e-02
7.827831506729125977e-01
6.540656089782714844e-01
-5.591663345694541931e-02
7.297163009643554688e-01
5.608364343643188477e-01
-8.301211893558502197e-02
6.781554222106933594e-01
5.886952877044677734e-01
-8.127401769161224365e-02
6.616386175155639648e-01
6.370794177055358887e-01
-7.142663747072219849e-02
