7.737352848052978516e-01
8.790592551231384277e-01
-2.236566274405049626e-07
6.888009309768676758e-01
7.944276928901672363e-01
2.026848122477531433e-02
6.537585258483886719e-01
7.118343710899353027e-01
1.385406218469142914e-02
6.256363987922668457e-01
6.577482223510742188e-01
-3.487313864752650261e-03
6.008023023605346680e-01
6.143253445625305176e-01
-2.274499274790287018e-02
7.466562390327453613e-01
5.817134976387023926e-01
2.724129939451813698e-03
7.291706800460815430e-01
4.563787877559661865e-01
-1.917403750121593475e-02
7.268925309181213379e-01
3.871691823005676270e-01
-3.331181406974792480e-02
7.296193242073059082e-01
3.262464106082916260e-01
-4.367413371801376343e-02
7.639125585556030273e-01
5.964074730873107910e-01
-2.538377977907657623e-02
6.603699922561645508e-01
5.006797909736633301e-01
-5.554955452680587769e-02
6.104604005813598633e-01
5.487089157104492188e-01
-5.909328907728195190e-02
6.009786128997802734e-01
5.962949395179748535e-01
-5.677387863397598267e-02
7.613162994384765625e-01
6.297864317893981934e-01
-5.371873080730438232e-02
6.567180156707763672e-01
5.350322723388671875e-01
-8.219075947999954224e-02
6.154999136924743652e-01
5.865467786788940430e-01
-6.985662877559661865e-02
6.126098632812500000e-01
6.393159031867980957e-01
-5.519761517643928528e-02
7.442715764045715332e-01
6.714275479316711426e-01
-8.138304948806762695e-02
6.663756370544433594e-01
5.881717205047607422e-01
-1.027717888355255127e-01
6.270152926445007324e-01
6.068483591079711914e-01
-9.549339115619659424e-02
6.132473945617675781e-01
6.458910107612609863e-01
-8.455850183963775635e-02
