3.032719790935516357e-01
8.832690715789794922e-01
-5.083924747850687709e-08
3.740363121032714844e-01
8.308007121086120605e-01
-3.355187550187110901e-02
4.179965555667877197e-01
7.589300870895385742e-01
-5.200818181037902832e-02
3.998216390609741211e-01
6.837609410285949707e-01
-7.098162174224853516e-02
3.368306756019592285e-01
6.553466320037841797e-01
-9.027064591646194458e-02
3.840716481208801270e-01
5.727256536483764648e-01
-2.127153240144252777e-02
3.878821432590484619e-01
4.385845661163330078e-01
-4.377207905054092407e-02
3.898101449012756348e-01
3.631495237350463867e-01
-6.082345917820930481e-02
3.863902986049652100e-01
2.928895950317382812e-01
-7.471356540918350220e-02
3.259142339229583740e-01
5.779641270637512207e-01
-2.467478625476360321e-02
3.257765769958496094e-01
4.817393720149993896e-01
-6.357233971357345581e-02
3.282661139965057373e-01
5.837553143501281738e-01
-7.576569914817810059e-02
3.310645520687103271e-01
6.515598297119140625e-01
-7.485711574554443359e-02
2.769074141979217529e-01
6.027008295059204102e-01
-3.142799437046051025e-02
2.718307971954345703e-01
5.140294432640075684e-01
-6.718628108501434326e-02
2.843263745307922363e-01
6.058592796325683594e-01
-5.812999606132507324e-02
2.887192964553833008e-01
6.744036078453063965e-01
-4.240829870104789734e-02
2.311012446880340576e-01
6.480838656425476074e-01
-4.158388450741767883e-02
2.279569208621978760e-01
5.652318000793457031e-01
-6.292483955621719360e-02
2.462415993213653564e-01
6.165156364440917969e-01
-4.925308004021644592e-02
2.567481398582458496e-01
6.709389686584472656e-01
-3.345863893628120422e-02
