7.261127829551696777e-01
8.746874928474426270e-01
-2.372783391990651580e-08
7.814848423004150391e-01
7.641926407814025879e-01
2.881099469959735870e-02
7.950332164764404297e-01
6.541545391082763672e-01
3.092528320848941803e-02
7.778829336166381836e-01
5.797432661056518555e-01
2.735842578113079071e-02
7.443028092384338379e-01
5.378705263137817383e-01
1.941436156630516052e-02
8.088447451591491699e-01
6.163607835769653320e-01
-1.343016512691974640e-02
7.929354310035705566e-01
4.596098661422729492e-01
-2.349869534373283386e-02
7.889192104339599609e-01
3.797393739223480225e-01
-2.540680766105651855e-02
7.879961133003234863e-01
3.127988874912261963e-01
-2.609833143651485443e-02
7.580599784851074219e-01
6.150923371315002441e-01
-3.470316529273986816e-02
7.413250803947448730e-01
4.678551256656646729e-01
-4.338661953806877136e-02
7.304934263229370117e-01
5.059454441070556641e-01
-3.233817592263221741e-02
7.311746478080749512e-01
5.555596947669982910e-01
-2.231458760797977448e-02
7.046051621437072754e-01
6.278355121612548828e-01
-5.092763528227806091e-02
6.967296600341796875e-01
4.929881691932678223e-01
-5.226557329297065735e-02
6.913864016532897949e-01
5.320382118225097656e-01
-2.844460494816303253e-02
6.943310499191284180e-01
5.773844718933105469e-01
-1.229679491370916367e-02
6.540012955665588379e-01
6.503602862358093262e-01
-6.459124386310577393e-02
6.548022031784057617e-01
5.364518165588378906e-01
-5.932243913412094116e-02
6.594442725181579590e-01
5.632590055465698242e-01
-3.448488190770149231e-02
6.630144119262695312e-01
6.029215455055236816e-01
-1.574935950338840485e-02
