6.997573375701904297e-01
8.531141281127929688e-01
-2.606181226383341709e-08
6.427478194236755371e-01
8.308297395706176758e-01
-2.957187034189701080e-02
5.942385792732238770e-01
7.684051990509033203e-01
-5.075764283537864685e-02
6.022081971168518066e-01
6.960564255714416504e-01
-7.326338440179824829e-02
6.480238437652587891e-01
6.578106880187988281e-01
-9.477041661739349365e-02
5.962212085723876953e-01
6.117371320724487305e-01
-2.619825862348079681e-02
5.824339985847473145e-01
4.931979775428771973e-01
-5.366362631320953369e-02
5.795037746429443359e-01
4.250151515007019043e-01
-7.219834625720977783e-02
5.798193812370300293e-01
3.641217052936553955e-01
-8.740265667438507080e-02
6.396377086639404297e-01
6.073760390281677246e-01
-3.153478726744651794e-02
6.180848479270935059e-01
5.135930776596069336e-01
-7.386520504951477051e-02
6.175146698951721191e-01
5.898588299751281738e-01
-8.242169022560119629e-02
6.235690712928771973e-01
6.436538100242614746e-01
-7.887145876884460449e-02
6.836957931518554688e-01
6.193614006042480469e-01
-4.106675088405609131e-02
6.699063777923583984e-01
5.294710993766784668e-01
-7.998806238174438477e-02
6.634975075721740723e-01
6.034261584281921387e-01
-7.061137259006500244e-02
6.669481396675109863e-01
6.593199968338012695e-01
-5.422524735331535339e-02
7.278934717178344727e-01
6.474217772483825684e-01
-5.397379770874977112e-02
7.156345248222351074e-01
5.752590894699096680e-01
-8.018121123313903809e-02
7.022591829299926758e-01
6.180569529533386230e-01
-7.357132434844970703e-02
6.997563838958740234e-01
6.622356176376342773e-01
-6.279800087213516235e-02
