6.929357051849365234e-01
8.591197729110717773e-01
-5.380553247391617333e-08
6.369971036911010742e-01
8.363963365554809570e-01
-2.790001593530178070e-02
5.886637568473815918e-01
7.737262248992919922e-01
-4.888150840997695923e-02
5.956334471702575684e-01
7.027734518051147461e-01
-7.176379114389419556e-02
6.427896618843078613e-01
6.697273850440979004e-01
-9.372319281101226807e-02
5.919265151023864746e-01
6.139476299285888672e-01
-2.409483119845390320e-02
5.778687000274658203e-01
4.964292049407958984e-01
-5.193192139267921448e-02
5.746783018112182617e-01
4.286361336708068848e-01
-7.044714689254760742e-02
5.752114057540893555e-01
3.680250644683837891e-01
-8.553074300289154053e-02
6.354421973228454590e-01
6.111399531364440918e-01
-3.027342259883880615e-02
6.140188574790954590e-01
5.227931141853332520e-01
-7.300817966461181641e-02
6.134335994720458984e-01
6.032432317733764648e-01
-8.001531660556793213e-02
6.201822161674499512e-01
6.561954021453857422e-01
-7.500815391540527344e-02
6.795362234115600586e-01
6.235244870185852051e-01
-4.080805554986000061e-02
6.647888422012329102e-01
5.382438302040100098e-01
-7.991775870323181152e-02
6.576040983200073242e-01
6.156464219093322754e-01
-6.848735362291336060e-02
6.612149477005004883e-01
6.710184216499328613e-01
-5.041873455047607422e-02
7.236243486404418945e-01
6.511881947517395020e-01
-5.475670471787452698e-02
7.100902795791625977e-01
5.829649567604064941e-01
-8.099531382322311401e-02
6.954540014266967773e-01
6.304430365562438965e-01
-7.313235104084014893e-02
6.932584047317504883e-01
6.759986877441406250e-01
-6.115373224020004272e-02
