3.506079316139221191e-01
9.917612075805664062e-01
3.912709090059252048e-08
4.176509082317352295e-01
9.454985857009887695e-01
-3.330051526427268982e-02
4.801258742809295654e-01
8.643532991409301758e-01
-5.999339371919631958e-02
4.890098571777343750e-01
7.912049889564514160e-01
-8.901231735944747925e-02
4.387152493000030518e-01
7.486094236373901367e-01
-1.181874126195907593e-01
4.352729022502899170e-01
6.561293601989746094e-01
-3.533859550952911377e-02
4.341101646423339844e-01
5.073773264884948730e-01
-6.746961921453475952e-02
4.290520548820495605e-01
4.243672192096710205e-01
-8.878804743289947510e-02
4.191059172153472900e-01
3.506726920604705811e-01
-1.046570092439651489e-01
3.796106576919555664e-01
6.695148944854736328e-01
-4.611970484256744385e-02
3.819275796413421631e-01
5.432646274566650391e-01
-9.844677150249481201e-02
4.077199399471282959e-01
6.384082436561584473e-01
-1.178273484110832214e-01
4.198866784572601318e-01
7.161706089973449707e-01
-1.197778210043907166e-01
3.285437226295471191e-01
7.026650309562683105e-01
-5.929346382617950439e-02
3.260217905044555664e-01
5.860388875007629395e-01
-1.066411212086677551e-01
3.648371994495391846e-01
6.710494160652160645e-01
-1.026491746306419373e-01
3.831633031368255615e-01
7.486784458160400391e-01
-8.819381147623062134e-02
2.780912816524505615e-01
7.541316151618957520e-01
-7.572436332702636719e-02
2.842578291893005371e-01
6.520548462867736816e-01
-1.078979596495628357e-01
3.225977420806884766e-01
6.966548562049865723e-01
-1.006951034069061279e-01
3.432763218879699707e-01
7.551403641700744629e-01
-8.800724148750305176e-02
