2.806521952152252197e-01
9.816091060638427734e-01
1.928985504662250605e-08
3.708877563476562500e-01
8.610152006149291992e-01
2.903501875698566437e-02
4.099334478378295898e-01
7.554678916931152344e-01
2.210038714110851288e-02
4.397949874401092529e-01
6.920227408409118652e-01
1.287608756683766842e-03
4.669950306415557861e-01
6.390517354011535645e-01
-2.030154876410961151e-02
2.862759232521057129e-01
6.229031682014465332e-01
7.145353010855615139e-04
3.257483839988708496e-01
4.928329586982727051e-01
-2.627081796526908875e-02
3.408567905426025391e-01
4.078290462493896484e-01
-4.573342576622962952e-02
3.404820859432220459e-01
3.308932185173034668e-01
-6.222014129161834717e-02
2.595276832580566406e-01
6.453539133071899414e-01
-3.936159610748291016e-02
3.801406025886535645e-01
5.213696956634521484e-01
-7.977017015218734741e-02
4.432253539562225342e-01
5.957410335540771484e-01
-8.772700279951095581e-02
4.507070779800415039e-01
6.634000539779663086e-01
-8.617410063743591309e-02
2.610610425472259521e-01
6.873149275779724121e-01
-7.735560834407806396e-02
3.722989261150360107e-01
5.729304552078247070e-01
-1.131322979927062988e-01
4.335827827453613281e-01
6.420283913612365723e-01
-9.795539826154708862e-02
4.411299526691436768e-01
7.068128585815429688e-01
-7.983240485191345215e-02
2.813931405544281006e-01
7.395800352096557617e-01
-1.138886287808418274e-01
3.560979664325714111e-01
6.402812004089355469e-01
-1.312817484140396118e-01
4.091986119747161865e-01
6.631153225898742676e-01
-1.134514287114143372e-01
4.280764162540435791e-01
7.020332813262939453e-01
-9.692315012216567993e-02
