3.028731644153594971e-01
8.610707521438598633e-01
-6.572677069272003791e-09
3.757714927196502686e-01
7.658282518386840820e-01
2.708967402577400208e-02
4.116888046264648438e-01
6.856684088706970215e-01
2.315730415284633636e-02
4.360375404357910156e-01
6.370335817337036133e-01
8.032382465898990631e-03
4.561174511909484863e-01
5.980122685432434082e-01
-7.058394607156515121e-03
3.115210235118865967e-01
5.502532720565795898e-01
-3.747897280845791101e-04
3.406291007995605469e-01
4.357925057411193848e-01
-2.172971703112125397e-02
3.588571548461914062e-01
3.610273897647857666e-01
-3.794141486287117004e-02
3.625510632991790771e-01
2.938094735145568848e-01
-5.174536257982254028e-02
2.934947609901428223e-01
5.722922682762145996e-01
-3.387951105833053589e-02
4.129428565502166748e-01
4.652032256126403809e-01
-6.345371156930923462e-02
4.558050334453582764e-01
5.354987382888793945e-01
-6.666326522827148438e-02
4.471426904201507568e-01
5.868138074874877930e-01
-6.418847292661666870e-02
3.043791055679321289e-01
6.102416515350341797e-01
-6.523602455854415894e-02
4.102569520473480225e-01
5.133780837059020996e-01
-8.969584852457046509e-02
4.477823972702026367e-01
5.739353299140930176e-01
-7.255628705024719238e-02
4.356082677841186523e-01
6.220901012420654297e-01
-5.665208399295806885e-02
3.288292884826660156e-01
6.530848741531372070e-01
-9.539341926574707031e-02
4.065887928009033203e-01
5.752347111701965332e-01
-1.043037474155426025e-01
4.361143112182617188e-01
5.989133715629577637e-01
-8.561431616544723511e-02
4.299540817737579346e-01
6.255303621292114258e-01
-7.077472656965255737e-02
