3.112139105796813965e-01
9.217566251754760742e-01
2.499169937664191821e-08
3.803455829620361328e-01
8.681776523590087891e-01
-3.376358374953269958e-02
4.309473037719726562e-01
7.729730010032653809e-01
-5.676046386361122131e-02
4.264084696769714355e-01
6.844937205314636230e-01
-8.231749385595321655e-02
3.695237338542938232e-01
6.412452459335327148e-01
-1.084407642483711243e-01
3.845151364803314209e-01
5.792099237442016602e-01
-2.339110150933265686e-02
3.777880668640136719e-01
4.324544072151184082e-01
-4.594572633504867554e-02
3.723493814468383789e-01
3.510521948337554932e-01
-6.106038391590118408e-02
3.606800734996795654e-01
2.813867032527923584e-01
-7.368437945842742920e-02
3.305359780788421631e-01
5.873942375183105469e-01
-3.069061413407325745e-02
3.364683091640472412e-01
4.549871981143951416e-01
-7.094626128673553467e-02
3.573183119297027588e-01
5.543845891952514648e-01
-8.510610461235046387e-02
3.623727560043334961e-01
6.214598417282104492e-01
-8.498345315456390381e-02
2.804300189018249512e-01
6.144953370094299316e-01
-4.086974635720252991e-02
2.778974175453186035e-01
4.898132979869842529e-01
-7.792893797159194946e-02
3.062128424644470215e-01
5.708210468292236328e-01
-7.225120067596435547e-02
3.124852180480957031e-01
6.457958221435546875e-01
-5.896721780300140381e-02
2.284934222698211670e-01
6.599887609481811523e-01
-5.470008030533790588e-02
2.287607491016387939e-01
5.462108254432678223e-01
-7.979034632444381714e-02
2.582584619522094727e-01
5.860332250595092773e-01
-7.133426517248153687e-02
2.694558799266815186e-01
6.474573612213134766e-01
-5.965639278292655945e-02
