2.879239618778228760e-01
1.081985473632812500e+00
-1.741200037486123620e-07
3.698481321334838867e-01
1.010732769966125488e+00
-6.708896718919277191e-03
4.132003784179687500e-01
9.418371915817260742e-01
-2.228257060050964355e-02
4.207285940647125244e-01
8.543742895126342773e-01
-4.443269222974777222e-02
3.546768128871917725e-01
8.273196816444396973e-01
-6.917674839496612549e-02
3.747250735759735107e-01
7.488471865653991699e-01
-6.564085837453603745e-03
3.650352358818054199e-01
6.017798781394958496e-01
-3.181182220578193665e-02
3.595945835113525391e-01
5.201208591461181641e-01
-5.416787788271903992e-02
3.441202938556671143e-01
4.495528936386108398e-01
-7.238505035638809204e-02
3.199290335178375244e-01
7.581822872161865234e-01
-2.243940159678459167e-02
3.231439888477325439e-01
6.393663287162780762e-01
-5.601657927036285400e-02
3.398461341857910156e-01
7.541456222534179688e-01
-6.339126825332641602e-02
3.484092354774475098e-01
8.169657588005065918e-01
-6.182058900594711304e-02
2.713062763214111328e-01
7.870125174522399902e-01
-3.939424082636833191e-02
2.650762796401977539e-01
6.749351024627685547e-01
-6.549898535013198853e-02
2.931175529956817627e-01
7.696447968482971191e-01
-4.810568690299987793e-02
3.059140443801879883e-01
8.454092144966125488e-01
-3.105532750487327576e-02
2.225402444601058960e-01
8.434016704559326172e-01
-5.796141549944877625e-02
2.202736735343933105e-01
7.366555333137512207e-01
-7.280039787292480469e-02
2.482472956180572510e-01
7.863878607749938965e-01
-5.280715972185134888e-02
2.651386260986328125e-01
8.480305671691894531e-01
-3.544770926237106323e-02
