3.409509062767028809e-01
8.486067652702331543e-01
-2.524662647829245543e-07
2.710965573787689209e-01
7.648944854736328125e-01
1.866955310106277466e-02
2.491953670978546143e-01
6.611786484718322754e-01
2.138705737888813019e-02
2.753666043281555176e-01
5.866235494613647461e-01
2.080630697309970856e-02
3.165053427219390869e-01
5.660966038703918457e-01
1.695011556148529053e-02
2.899340689182281494e-01
5.688273310661315918e-01
-2.240304090082645416e-02
3.010682761669158936e-01
4.079691767692565918e-01
-3.048102371394634247e-02
3.113273680210113525e-01
3.196535110473632812e-01
-2.961937524378299713e-02
3.218957781791687012e-01
2.524126470088958740e-01
-2.883557230234146118e-02
3.502691388130187988e-01
5.691936612129211426e-01
-3.164290264248847961e-02
3.568147122859954834e-01
4.482735991477966309e-01
-3.261860832571983337e-02
3.382233679294586182e-01
4.850071668624877930e-01
-1.389224920421838760e-02
3.281543552875518799e-01
5.376510620117187500e-01
4.849823890253901482e-04
4.031431078910827637e-01
5.924229621887207031e-01
-3.682522103190422058e-02
3.977710008621215820e-01
4.917660951614379883e-01
-3.269597142934799194e-02
3.817281126976013184e-01
5.199456810951232910e-01
-1.160694658756256104e-02
3.767430484294891357e-01
5.649959444999694824e-01
1.598983420990407467e-03
4.433072805404663086e-01
6.214133501052856445e-01
-4.025692492723464966e-02
4.346024096012115479e-01
5.336605906486511230e-01
-3.070317208766937256e-02
4.191918671131134033e-01
5.543637275695800781e-01
-1.053628325462341309e-02
4.153107106685638428e-01
5.939841270446777344e-01
3.949795383960008621e-03
