2.900488376617431641e-01
1.011736035346984863e+00
1.346995190942834597e-07
3.595575094223022461e-01
9.284203648567199707e-01
2.258030138909816742e-02
3.910113275051116943e-01
8.461359143257141113e-01
1.527464017271995544e-02
4.174945354461669922e-01
7.932994365692138672e-01
-2.005352638661861420e-03
4.430874288082122803e-01
7.606159448623657227e-01
-2.057554200291633606e-02
3.059391975402832031e-01
7.236780524253845215e-01
-1.893301866948604584e-02
3.420631885528564453e-01
6.052753925323486328e-01
-4.519997537136077881e-02
3.630197346210479736e-01
5.254982709884643555e-01
-6.593840569257736206e-02
3.690106868743896484e-01
4.573270380496978760e-01
-8.172434568405151367e-02
2.924174368381500244e-01
7.526099085807800293e-01
-4.873994737863540649e-02
4.039914906024932861e-01
6.559384465217590332e-01
-7.774268090724945068e-02
4.541815221309661865e-01
7.007057666778564453e-01
-8.412777632474899292e-02
4.589599967002868652e-01
7.442463636398315430e-01
-8.592782169580459595e-02
3.071843981742858887e-01
7.995970249176025391e-01
-7.537805289030075073e-02
4.071527123451232910e-01
7.026873826980590820e-01
-9.668920934200286865e-02
4.521351754665374756e-01
7.444685697555541992e-01
-8.199285715818405151e-02
4.533527791500091553e-01
7.907894849777221680e-01
-6.950581818819046021e-02
3.350236415863037109e-01
8.457027673721313477e-01
-1.010755598545074463e-01
4.049868285655975342e-01
7.678313255310058594e-01
-1.067213937640190125e-01
4.384448826313018799e-01
7.825917005538940430e-01
-8.821150660514831543e-02
4.453999400138854980e-01
8.097243905067443848e-01
-7.430402189493179321e-02
