3.020628094673156738e-01
9.875583052635192871e-01
9.378349830058141379e-08
3.786485195159912109e-01
8.923055529594421387e-01
2.292861416935920715e-02
4.170653223991394043e-01
8.127726316452026367e-01
1.423420384526252747e-02
4.448566436767578125e-01
7.646878957748413086e-01
-5.869152955710887909e-03
4.712685942649841309e-01
7.294768095016479492e-01
-2.676946856081485748e-02
3.239693641662597656e-01
6.833986639976501465e-01
-2.341381972655653954e-03
3.672418892383575439e-01
5.764744877815246582e-01
-2.525661699473857880e-02
3.898501098155975342e-01
5.047931671142578125e-01
-4.427236318588256836e-02
3.977967500686645508e-01
4.386662542819976807e-01
-6.040561944246292114e-02
3.046033382415771484e-01
6.999941468238830566e-01
-3.466156870126724243e-02
4.162359833717346191e-01
6.144965291023254395e-01
-6.546790152788162231e-02
4.606410861015319824e-01
6.760396361351013184e-01
-7.403721660375595093e-02
4.579668939113616943e-01
7.234444618225097656e-01
-7.638456672430038452e-02
3.096356987953186035e-01
7.372711300849914551e-01
-6.488431990146636963e-02
4.101060628890991211e-01
6.525094509124755859e-01
-9.107304364442825317e-02
4.537161290645599365e-01
7.073187828063964844e-01
-7.918672263622283936e-02
4.515504539012908936e-01
7.573673725128173828e-01
-6.666602939367294312e-02
3.275825679302215576e-01
7.830666899681091309e-01
-9.414178878068923950e-02
3.973495960235595703e-01
7.097502946853637695e-01
-1.056251302361488342e-01
4.383496344089508057e-01
7.234764099121093750e-01
-9.084311127662658691e-02
4.491066634654998779e-01
7.478690743446350098e-01
-7.830298691987991333e-02
