3.314426541328430176e-01
9.977505207061767578e-01
-4.254564700545415690e-08
4.056216180324554443e-01
9.449275732040405273e-01
-3.492470830678939819e-02
4.590886235237121582e-01
8.554903268814086914e-01
-5.818039923906326294e-02
4.493429660797119141e-01
7.694600820541381836e-01
-8.352088928222656250e-02
3.818631768226623535e-01
7.403641939163208008e-01
-1.097453758120536804e-01
4.079477488994598389e-01
6.453093886375427246e-01
-2.326223254203796387e-02
3.962320983409881592e-01
5.033488273620605469e-01
-4.778397455811500549e-02
3.883530497550964355e-01
4.196533560752868652e-01
-6.473278999328613281e-02
3.760219514369964600e-01
3.472376763820648193e-01
-7.872606813907623291e-02
3.484782874584197998e-01
6.571028232574462891e-01
-2.939658239483833313e-02
3.487513661384582520e-01
5.420039892196655273e-01
-7.101731747388839722e-02
3.639929890632629395e-01
6.538558602333068848e-01
-8.282766491174697876e-02
3.700720965862274170e-01
7.250272631645202637e-01
-8.028838783502578735e-02
2.972639501094818115e-01
6.891668438911437988e-01
-3.875314071774482727e-02
2.912126779556274414e-01
5.843821763992309570e-01
-7.845854014158248901e-02
3.154310882091522217e-01
6.815400719642639160e-01
-6.727870553731918335e-02
3.228683471679687500e-01
7.572697401046752930e-01
-4.892291873693466187e-02
2.463808655738830566e-01
7.426160573959350586e-01
-5.167304724454879761e-02
2.439762502908706665e-01
6.425301432609558105e-01
-7.710727304220199585e-02
2.703161239624023438e-01
6.967234611511230469e-01
-6.309654563665390015e-02
2.833719551563262939e-01
7.574542164802551270e-01
-4.641808941960334778e-02
