2.766230404376983643e-01
8.774224519729614258e-01
-5.593708962692289788e-08
3.561556637287139893e-01
8.047547340393066406e-01
-2.757704257965087891e-02
4.012301266193389893e-01
7.167711853981018066e-01
-4.709309339523315430e-02
3.896440267562866211e-01
6.099306941032409668e-01
-6.950861215591430664e-02
3.174206316471099854e-01
5.813918113708496094e-01
-9.383423626422882080e-02
3.495572507381439209e-01
5.304975509643554688e-01
-1.609331369400024414e-02
3.390468060970306396e-01
3.879168033599853516e-01
-3.742212802171707153e-02
3.293646574020385742e-01
3.024293184280395508e-01
-5.402511358261108398e-02
3.151529729366302490e-01
2.313636839389801025e-01
-6.834315508604049683e-02
2.908711433410644531e-01
5.387470722198486328e-01
-2.266391925513744354e-02
2.891723513603210449e-01
4.126034677028656006e-01
-5.465236678719520569e-02
2.964674532413482666e-01
5.186704397201538086e-01
-6.080320850014686584e-02
3.035067021846771240e-01
5.794718265533447266e-01
-5.667338520288467407e-02
2.403793931007385254e-01
5.669326782226562500e-01
-3.215951099991798401e-02
2.302859127521514893e-01
4.495982825756072998e-01
-6.078030914068222046e-02
2.474143505096435547e-01
5.344530940055847168e-01
-4.702537879347801208e-02
2.550044655799865723e-01
6.088058352470397949e-01
-3.036516159772872925e-02
1.901611834764480591e-01
6.205545663833618164e-01
-4.501035064458847046e-02
1.832820773124694824e-01
5.127744674682617188e-01
-6.272218376398086548e-02
2.040197253227233887e-01
5.543407201766967773e-01
-4.752807691693305969e-02
2.170386314392089844e-01
6.157664656639099121e-01
-3.232247382402420044e-02
