4.299026727676391602e-01
8.498094081878662109e-01
1.235237903074448695e-07
5.236363410949707031e-01
8.105129003524780273e-01
-3.506774082779884338e-02
6.027643084526062012e-01
7.178506851196289062e-01
-6.104055419564247131e-02
6.332508325576782227e-01
6.080290675163269043e-01
-9.045361727476119995e-02
5.728088617324829102e-01
5.567932724952697754e-01
-1.213099062442779541e-01
5.721856951713562012e-01
5.040004849433898926e-01
-2.609572559595108032e-02
5.923467278480529785e-01
3.576160073280334473e-01
-4.928189888596534729e-02
6.068190932273864746e-01
2.699336111545562744e-01
-6.417405605316162109e-02
6.111111044883728027e-01
1.922700405120849609e-01
-7.743160426616668701e-02
5.142644047737121582e-01
4.982904791831970215e-01
-3.590423986315727234e-02
5.361949801445007324e-01
3.594276905059814453e-01
-8.062228560447692871e-02
5.534127950668334961e-01
4.657099246978759766e-01
-9.382864832878112793e-02
5.499187111854553223e-01
5.428157448768615723e-01
-9.124811738729476929e-02
4.582159221172332764e-01
5.162912011146545410e-01
-4.838849976658821106e-02
4.704270362854003906e-01
3.867424726486206055e-01
-8.964689821004867554e-02
5.031344890594482422e-01
4.809151291847229004e-01
-8.209128677845001221e-02
5.041807889938354492e-01
5.650575160980224609e-01
-6.603132188320159912e-02
3.967791795730590820e-01
5.511667728424072266e-01
-6.502092629671096802e-02
4.129374623298645020e-01
4.314542710781097412e-01
-9.432556480169296265e-02
4.491961896419525146e-01
4.821408987045288086e-01
-8.685860782861709595e-02
4.582226872444152832e-01
5.523856878280639648e-01
-7.485500723123550415e-02
