2.792196571826934814e-01
9.354873895645141602e-01
-1.833822693697584327e-08
3.568009734153747559e-01
8.618233799934387207e-01
-2.687906660139560699e-02
4.051524102687835693e-01
7.713435292243957520e-01
-4.672160372138023376e-02
3.977047801017761230e-01
6.653271317481994629e-01
-6.965530663728713989e-02
3.250677287578582764e-01
6.437267661094665527e-01
-9.443180263042449951e-02
3.519409000873565674e-01
5.845769047737121582e-01
-1.622748561203479767e-02
3.471449613571166992e-01
4.422933161258697510e-01
-3.791446238756179810e-02
3.409926891326904297e-01
3.561796247959136963e-01
-5.622604861855506897e-02
3.305356800556182861e-01
2.820381522178649902e-01
-7.207868248224258423e-02
2.915701568126678467e-01
5.944471955299377441e-01
-2.377066761255264282e-02
2.874431610107421875e-01
4.687662720680236816e-01
-5.732893571257591248e-02
2.975026667118072510e-01
5.748330950736999512e-01
-6.603288650512695312e-02
3.053890168666839600e-01
6.394090652465820312e-01
-6.356911361217498779e-02
2.399780601263046265e-01
6.241496801376342773e-01
-3.372358903288841248e-02
2.278231978416442871e-01
5.071052312850952148e-01
-6.374526768922805786e-02
2.492577731609344482e-01
5.931921601295471191e-01
-5.191583931446075439e-02
2.591046690940856934e-01
6.701664328575134277e-01
-3.614265844225883484e-02
1.891699880361557007e-01
6.768163442611694336e-01
-4.681407660245895386e-02
1.824194192886352539e-01
5.689856410026550293e-01
-6.514532119035720825e-02
2.054178416728973389e-01
6.122109293937683105e-01
-5.022954940795898438e-02
2.196407318115234375e-01
6.747105121612548828e-01
-3.492934256792068481e-02
