3.363047838211059570e-01
9.881871938705444336e-01
-9.408147150224976940e-08
2.773713469505310059e-01
8.780783414840698242e-01
2.037268877029418945e-02
2.747322022914886475e-01
7.475525736808776855e-01
1.676214672625064850e-02
3.124782145023345947e-01
6.542108654975891113e-01
9.517776779830455780e-03
3.615098297595977783e-01
6.118291616439819336e-01
-1.139385312853846699e-05
2.747004628181457520e-01
6.983833909034729004e-01
-4.535504430532455444e-02
2.966591119766235352e-01
5.080648660659790039e-01
-6.199844181537628174e-02
3.114480376243591309e-01
4.054954051971435547e-01
-6.079053506255149841e-02
3.218746483325958252e-01
3.247108459472656250e-01
-5.883655324578285217e-02
3.361306786537170410e-01
7.134615778923034668e-01
-6.408283859491348267e-02
3.730209171772003174e-01
5.328220129013061523e-01
-8.599629253149032593e-02
3.688373267650604248e-01
5.797151923179626465e-01
-6.988599896430969238e-02
3.559438884258270264e-01
6.397364735603332520e-01
-5.182721838355064392e-02
3.998252451419830322e-01
7.411757111549377441e-01
-7.654517143964767456e-02
4.209846258163452148e-01
5.823478698730468750e-01
-8.536163717508316040e-02
4.114636480808258057e-01
6.223036050796508789e-01
-5.307376757264137268e-02
4.015159606933593750e-01
6.707074642181396484e-01
-2.738152071833610535e-02
4.544788599014282227e-01
7.738943696022033691e-01
-8.700141310691833496e-02
4.607779979705810547e-01
6.317737102508544922e-01
-7.844094187021255493e-02
4.479776620864868164e-01
6.521912217140197754e-01
-4.648802429437637329e-02
4.407154619693756104e-01
6.897552609443664551e-01
-2.206120640039443970e-02
