3.173395991325378418e-01
9.434046745300292969e-01
1.630506005767529132e-07
3.971370458602905273e-01
8.360987901687622070e-01
2.302774786949157715e-02
4.274811148643493652e-01
7.363011240959167480e-01
1.453427411615848541e-02
4.466463923454284668e-01
6.680166721343994141e-01
-5.480045918375253677e-03
4.697678685188293457e-01
6.155050396919250488e-01
-2.669432200491428375e-02
3.213092982769012451e-01
6.119772791862487793e-01
-1.320984400808811188e-02
3.667224943637847900e-01
4.844535589218139648e-01
-4.059892520308494568e-02
3.949055075645446777e-01
4.014865756034851074e-01
-6.148103252053260803e-02
4.102282226085662842e-01
3.299477100372314453e-01
-7.782883197069168091e-02
3.043105006217956543e-01
6.414739489555358887e-01
-4.647570475935935974e-02
4.304726719856262207e-01
5.244433879852294922e-01
-8.122143149375915527e-02
4.841890037059783936e-01
5.798010230064392090e-01
-8.882535994052886963e-02
4.897221326828002930e-01
6.308577060699462891e-01
-8.982620388269424438e-02
3.192918300628662109e-01
6.882163286209106445e-01
-7.713887095451354980e-02
4.320367872714996338e-01
5.766593813896179199e-01
-1.036370247602462769e-01
4.795858860015869141e-01
6.282753348350524902e-01
-8.693221211433410645e-02
4.801612496376037598e-01
6.829340457916259766e-01
-7.179718464612960815e-02
3.481659889221191406e-01
7.375180721282958984e-01
-1.072413623332977295e-01
4.276548326015472412e-01
6.471871733665466309e-01
-1.179930120706558228e-01
4.675428867340087891e-01
6.625931859016418457e-01
-9.994833916425704956e-02
4.770916700363159180e-01
6.906880736351013184e-01
-8.537104725837707520e-02
