2.602302432060241699e-01
9.235675334930419922e-01
-7.079351149741341942e-08
3.429681062698364258e-01
8.371628522872924805e-01
2.725417725741863251e-02
3.899920582771301270e-01
7.468941211700439453e-01
2.231363393366336823e-02
4.256571233272552490e-01
6.931213736534118652e-01
4.467103630304336548e-03
4.369135499000549316e-01
6.611262559890747070e-01
-1.402197964489459991e-02
2.845928370952606201e-01
5.907909274101257324e-01
1.736571430228650570e-03
3.196461498737335205e-01
4.675257503986358643e-01
-2.452810294926166534e-02
3.343906700611114502e-01
3.880764544010162354e-01
-4.402089864015579224e-02
3.358163535594940186e-01
3.162449598312377930e-01
-6.051620468497276306e-02
2.603541910648345947e-01
6.044247150421142578e-01
-3.688470646739006042e-02
3.767807185649871826e-01
5.069656372070312500e-01
-8.345714211463928223e-02
4.264157116413116455e-01
5.956143140792846680e-01
-9.450921416282653809e-02
4.238077104091644287e-01
6.677720546722412109e-01
-9.260027855634689331e-02
2.574093341827392578e-01
6.404125690460205078e-01
-7.359865307807922363e-02
3.638039529323577881e-01
5.559022426605224609e-01
-1.146387606859207153e-01
4.128990173339843750e-01
6.344071030616760254e-01
-1.050869747996330261e-01
4.126183986663818359e-01
6.954261660575866699e-01
-8.888146281242370605e-02
2.704758644104003906e-01
6.880633234977722168e-01
-1.085100397467613220e-01
3.445114791393280029e-01
6.149616241455078125e-01
-1.311080008745193481e-01
3.837394416332244873e-01
6.375935077667236328e-01
-1.199836879968643188e-01
3.898044526576995850e-01
6.650704145431518555e-01
-1.072957366704940796e-01
