2.879763841629028320e-01
9.418379068374633789e-01
3.393879310920056014e-08
3.701967298984527588e-01
8.678693771362304688e-01
-2.550458535552024841e-02
4.226946234703063965e-01
7.721597552299499512e-01
-4.679748043417930603e-02
4.272570610046386719e-01
6.653360128402709961e-01
-7.227887958288192749e-02
3.595682382583618164e-01
6.397521495819091797e-01
-1.005401983857154846e-01
3.640918135643005371e-01
5.875486135482788086e-01
-1.949689164757728577e-02
3.614545166492462158e-01
4.402850866317749023e-01
-4.028738662600517273e-02
3.593730032444000244e-01
3.550812602043151855e-01
-5.596326291561126709e-02
3.499589562416076660e-01
2.827939689159393311e-01
-6.975639611482620239e-02
3.092429041862487793e-01
5.961461067199707031e-01
-2.999989315867424011e-02
3.078201115131378174e-01
4.603946805000305176e-01
-6.342465430498123169e-02
3.279111981391906738e-01
5.602996349334716797e-01
-7.119370251893997192e-02
3.372506797313690186e-01
6.253040432929992676e-01
-6.785853207111358643e-02
2.592756748199462891e-01
6.267076134681701660e-01
-4.273664206266403198e-02
2.507064342498779297e-01
5.013825297355651855e-01
-7.430364191532135010e-02
2.820759117603302002e-01
5.811521410942077637e-01
-6.452892720699310303e-02
2.926482856273651123e-01
6.578631401062011719e-01
-4.986034333705902100e-02
2.078621089458465576e-01
6.790249347686767578e-01
-5.841038003563880920e-02
2.040832638740539551e-01
5.593244433403015137e-01
-7.975250482559204102e-02
2.349007427692413330e-01
5.977723598480224609e-01
-6.776580959558486938e-02
2.500635981559753418e-01
6.622843742370605469e-01
-5.455508828163146973e-02
