7.315665483474731445e-01
7.968446016311645508e-01
4.958262138643476646e-07
6.890207529067993164e-01
7.836321592330932617e-01
-9.196792542934417725e-02
6.957985758781433105e-01
7.097833156585693359e-01
-1.381424218416213989e-01
7.805733680725097656e-01
6.229231953620910645e-01
-1.710297912359237671e-01
8.391917943954467773e-01
5.435355901718139648e-01
-1.995624750852584839e-01
6.285492181777954102e-01
4.990989863872528076e-01
-9.619776159524917603e-02
6.421754360198974609e-01
3.223059773445129395e-01
-1.393536627292633057e-01
6.530652642250061035e-01
2.149237692356109619e-01
-1.672175526618957520e-01
6.598092913627624512e-01
1.155968904495239258e-01
-1.901202946901321411e-01
6.907299757003784180e-01
4.707781076431274414e-01
-7.519347220659255981e-02
7.224325537681579590e-01
3.328646421432495117e-01
-1.390959322452545166e-01
7.709870338439941406e-01
4.180815815925598145e-01
-1.618798077106475830e-01
7.848917245864868164e-01
5.021478533744812012e-01
-1.649836748838424683e-01
7.474299669265747070e-01
4.781430661678314209e-01
-6.066589057445526123e-02
7.799788713455200195e-01
3.669805526733398438e-01
-1.210153475403785706e-01
8.205016255378723145e-01
4.450660347938537598e-01
-1.248233318328857422e-01
8.249067068099975586e-01
5.157868266105651855e-01
-1.137870699167251587e-01
7.914104461669921875e-01
5.141530036926269531e-01
-5.330606549978256226e-02
8.247593045234680176e-01
4.383086860179901123e-01
-9.952230006456375122e-02
8.521026968955993652e-01
4.806823134422302246e-01
-1.053896099328994751e-01
8.505747318267822266e-01
5.360168218612670898e-01
-1.001879945397377014e-01
