8.320239782333374023e-01
8.929666280746459961e-01
-2.202736339995681192e-07
7.505334019660949707e-01
8.299785256385803223e-01
-1.114320661872625351e-02
6.898089051246643066e-01
7.221176624298095703e-01
-2.465151064097881317e-02
6.437961459159851074e-01
6.400114297866821289e-01
-4.793750867247581482e-02
6.625832915306091309e-01
6.007474660873413086e-01
-6.980741024017333984e-02
7.581193447113037109e-01
5.620192289352416992e-01
1.195016875863075256e-02
7.399013042449951172e-01
4.174795448780059814e-01
-1.574702188372612000e-02
7.247169017791748047e-01
3.421839475631713867e-01
-3.326100483536720276e-02
7.237277626991271973e-01
2.747126221656799316e-01
-4.660401865839958191e-02
7.962822914123535156e-01
5.645030140876770020e-01
-7.363568525761365891e-03
7.380129098892211914e-01
4.338943362236022949e-01
-6.320048123598098755e-02
6.801598072052001953e-01
4.831537008285522461e-01
-8.460905402898788452e-02
6.604828238487243652e-01
5.402565002441406250e-01
-8.375148475170135498e-02
8.324170708656311035e-01
5.810428857803344727e-01
-3.165215998888015747e-02
7.641118764877319336e-01
4.736804962158203125e-01
-8.388376235961914062e-02
7.026568055152893066e-01
5.370743274688720703e-01
-9.133452177047729492e-02
6.845564842224121094e-01
6.035192012786865234e-01
-7.962021231651306152e-02
8.636481165885925293e-01
6.112475395202636719e-01
-5.781897902488708496e-02
7.967522144317626953e-01
5.296450257301330566e-01
-8.885724842548370361e-02
7.331788539886474609e-01
5.486437678337097168e-01
-9.343018382787704468e-02
7.006933093070983887e-01
5.909530520439147949e-01
-8.795836567878723145e-02
