8.174082040786743164e-01
9.004386067390441895e-01
-2.075083074259964633e-07
7.362657785415649414e-01
8.445414900779724121e-01
-9.615125134587287903e-03
6.705937385559082031e-01
7.371177673339843750e-01
-2.134925685822963715e-02
6.207116246223449707e-01
6.583046913146972656e-01
-4.313757643103599548e-02
6.326897144317626953e-01
6.163256168365478516e-01
-6.403847783803939819e-02
7.304256558418273926e-01
5.762490630149841309e-01
1.498621236532926559e-02
7.059737443923950195e-01
4.347279667854309082e-01
-1.220396906137466431e-02
6.882203817367553711e-01
3.602597415447235107e-01
-2.944467402994632721e-02
6.851656436920166016e-01
2.926580905914306641e-01
-4.239849001169204712e-02
7.690083384513854980e-01
5.755580663681030273e-01
-5.316522438079118729e-03
7.078953385353088379e-01
4.435195028781890869e-01
-6.231981515884399414e-02
6.490589976310729980e-01
4.968161284923553467e-01
-8.489530533552169800e-02
6.287781596183776855e-01
5.578210353851318359e-01
-8.392954617738723755e-02
8.049721121788024902e-01
5.901573896408081055e-01
-3.057946451008319855e-02
7.340675592422485352e-01
4.806743860244750977e-01
-8.466185629367828369e-02
6.738824248313903809e-01
5.476610660552978516e-01
-9.373252838850021362e-02
6.574068665504455566e-01
6.161658167839050293e-01
-8.208068460226058960e-02
8.359702825546264648e-01
6.182280778884887695e-01
-5.733177810907363892e-02
7.675865888595581055e-01
5.348079204559326172e-01
-8.992341160774230957e-02
7.076027393341064453e-01
5.565747022628784180e-01
-9.516105055809020996e-02
6.800511479377746582e-01
5.996409654617309570e-01
-8.965805917978286743e-02
