7.390521764755249023e-01
9.501417875289916992e-01
1.811010008623270551e-07
6.786839365959167480e-01
9.101939797401428223e-01
-6.994435191154479980e-02
6.550784707069396973e-01
8.362432718276977539e-01
-1.041914895176887512e-01
7.218027710914611816e-01
7.664934396743774414e-01
-1.285587996244430542e-01
7.915822267532348633e-01
7.160403132438659668e-01
-1.479695588350296021e-01
6.366479396820068359e-01
6.060274243354797363e-01
-6.756774336099624634e-02
6.511718630790710449e-01
4.365627169609069824e-01
-1.032523810863494873e-01
6.708068251609802246e-01
3.441805541515350342e-01
-1.301893889904022217e-01
6.844508647918701172e-01
2.574490308761596680e-01
-1.527791172266006470e-01
7.079150080680847168e-01
5.966989398002624512e-01
-5.761337280273437500e-02
7.248302102088928223e-01
4.795534312725067139e-01
-1.066381782293319702e-01
7.440640330314636230e-01
5.871842503547668457e-01
-1.199287325143814087e-01
7.438994646072387695e-01
6.695252060890197754e-01
-1.201491653919219971e-01
7.674120068550109863e-01
6.194517016410827637e-01
-5.429719761013984680e-02
7.889583706855773926e-01
5.237071514129638672e-01
-1.013411208987236023e-01
7.995161414146423340e-01
6.259207129478454590e-01
-9.374193102121353149e-02
7.908632755279541016e-01
7.003228068351745605e-01
-7.788790017366409302e-02
8.164901137351989746e-01
6.756014227867126465e-01
-5.772560834884643555e-02
8.346812129020690918e-01
6.028354763984680176e-01
-9.153340756893157959e-02
8.366662859916687012e-01
6.612782478332519531e-01
-8.418730646371841431e-02
8.234961628913879395e-01
7.234576940536499023e-01
-7.151556015014648438e-02
