7.258358597755432129e-01
9.201027154922485352e-01
4.273031350976452813e-08
6.731957793235778809e-01
8.892837166786193848e-01
-2.799494005739688873e-02
6.415722966194152832e-01
8.265894055366516113e-01
-4.729317128658294678e-02
6.550669670104980469e-01
7.630373835563659668e-01
-6.731024384498596191e-02
6.854391098022460938e-01
7.175237536430358887e-01
-8.646234869956970215e-02
6.366561651229858398e-01
6.830743551254272461e-01
-2.334164455533027649e-02
6.307240724563598633e-01
5.763997435569763184e-01
-4.676473885774612427e-02
6.322918534278869629e-01
5.148107409477233887e-01
-6.385515630245208740e-02
6.367509961128234863e-01
4.585498273372650146e-01
-7.762959599494934082e-02
6.776024103164672852e-01
6.818081140518188477e-01
-2.875763550400733948e-02
6.721186637878417969e-01
5.798630118370056152e-01
-6.554425507783889771e-02
6.653975844383239746e-01
6.419325470924377441e-01
-7.721235603094100952e-02
6.646084189414978027e-01
6.950092315673828125e-01
-7.690040767192840576e-02
7.177776098251342773e-01
6.990437507629394531e-01
-3.763316199183464050e-02
7.168753743171691895e-01
6.061016917228698730e-01
-6.991536915302276611e-02
7.039492130279541016e-01
6.670981645584106445e-01
-6.677749752998352051e-02
7.017744183540344238e-01
7.193092703819274902e-01
-5.666008219122886658e-02
7.564553618431091309e-01
7.332997322082519531e-01
-4.953909292817115784e-02
7.518880963325500488e-01
6.638481020927429199e-01
-6.976521015167236328e-02
7.344964742660522461e-01
6.952622532844543457e-01
-6.608366966247558594e-02
7.265983223915100098e-01
7.326523065567016602e-01
-5.913884937763214111e-02
