7.414044141769409180e-01
1.022433280944824219e+00
-1.610704032373178052e-07
6.826458573341369629e-01
9.836838841438293457e-01
-1.458083279430866241e-02
6.538509726524353027e-01
9.369018077850341797e-01
-3.091773018240928650e-02
6.672509908676147461e-01
8.836925625801086426e-01
-4.931841418147087097e-02
7.071636915206909180e-01
8.493023514747619629e-01
-6.652783602476119995e-02
6.549309492111206055e-01
7.809026241302490234e-01
-1.955914869904518127e-02
6.488155126571655273e-01
6.663041114807128906e-01
-5.268878862261772156e-02
6.508978605270385742e-01
5.998958349227905273e-01
-8.252065628767013550e-02
6.540401577949523926e-01
5.402356386184692383e-01
-1.059986427426338196e-01
6.975708603858947754e-01
7.861818671226501465e-01
-2.840461954474449158e-02
6.868432164192199707e-01
6.899029016494750977e-01
-6.359007954597473145e-02
6.878619790077209473e-01
7.770353555679321289e-01
-7.324114441871643066e-02
6.861216425895690918e-01
8.268367052078247070e-01
-7.503705471754074097e-02
7.402366399765014648e-01
8.046886920928955078e-01
-4.000853002071380615e-02
7.352894544601440430e-01
7.155494689941406250e-01
-6.533276289701461792e-02
7.255034446716308594e-01
7.956362366676330566e-01
-4.996943473815917969e-02
7.222332954406738281e-01
8.527464270591735840e-01
-3.447547182440757751e-02
7.798655629158020020e-01
8.476564884185791016e-01
-5.451377481222152710e-02
7.767359614372253418e-01
7.771105766296386719e-01
-6.838089972734451294e-02
7.577417492866516113e-01
8.250308036804199219e-01
-5.455264449119567871e-02
7.503976225852966309e-01
8.687567710876464844e-01
-4.141558706760406494e-02
