2.905015647411346436e-01
9.524521827697753906e-01
-1.240136384694778826e-07
3.675977587699890137e-01
8.757295012474060059e-01
-3.969595208764076233e-02
4.105641841888427734e-01
7.923225760459899902e-01
-6.104901805520057678e-02
3.833831250667572021e-01
7.067533731460571289e-01
-8.262661099433898926e-02
3.014839887619018555e-01
6.831475496292114258e-01
-1.043945252895355225e-01
3.546420335769653320e-01
5.816842913627624512e-01
-2.383273094892501831e-02
3.387698829174041748e-01
4.271179437637329102e-01
-5.149826407432556152e-02
3.258357346057891846e-01
3.384066224098205566e-01
-7.473441213369369507e-02
3.090557456016540527e-01
2.572618126869201660e-01
-9.373845905065536499e-02
2.843259274959564209e-01
5.970794558525085449e-01
-2.755178511142730713e-02
2.736545503139495850e-01
4.775733947753906250e-01
-7.039981335401535034e-02
2.829805910587310791e-01
5.997673273086547852e-01
-8.592507988214492798e-02
2.925561666488647461e-01
6.735475659370422363e-01
-8.723407983779907227e-02
2.262250483036041260e-01
6.302158236503601074e-01
-3.555122390389442444e-02
2.094166874885559082e-01
5.186119079589843750e-01
-7.425963133573532104e-02
2.286514639854431152e-01
6.255379319190979004e-01
-6.585829704999923706e-02
2.419244945049285889e-01
7.077772617340087891e-01
-5.067891627550125122e-02
1.772299706935882568e-01
6.923254132270812988e-01
-4.769815132021903992e-02
1.633799672126770020e-01
5.894324183464050293e-01
-7.005513459444046021e-02
1.865724474191665649e-01
6.481199264526367188e-01
-5.465975403785705566e-02
2.052115499973297119e-01
7.158958315849304199e-01
-3.815121948719024658e-02
