2.455202937126159668e-01
1.081563353538513184e+00
-1.241802465301589109e-07
3.250001668930053711e-01
1.021620750427246094e+00
-4.267543181777000427e-02
3.784155249595642090e-01
9.369151592254638672e-01
-6.449379771947860718e-02
3.469529747962951660e-01
8.658216595649719238e-01
-8.534156531095504761e-02
2.699536979198455811e-01
8.474942445755004883e-01
-1.063768044114112854e-01
3.135044574737548828e-01
7.253624796867370605e-01
-3.186224400997161865e-02
2.977714538574218750e-01
5.730363130569458008e-01
-6.382293254137039185e-02
2.849670648574829102e-01
4.876500964164733887e-01
-8.774734288454055786e-02
2.693211138248443604e-01
4.081978201866149902e-01
-1.062704250216484070e-01
2.474813163280487061e-01
7.449663281440734863e-01
-3.464791551232337952e-02
2.409458011388778687e-01
6.382460594177246094e-01
-8.684255927801132202e-02
2.500391006469726562e-01
7.583315968513488770e-01
-1.041751503944396973e-01
2.584162354469299316e-01
8.426956534385681152e-01
-1.039706468582153320e-01
1.917041540145874023e-01
7.810252904891967773e-01
-4.193152487277984619e-02
1.784632503986358643e-01
6.842008829116821289e-01
-9.210611134767532349e-02
1.974714100360870361e-01
7.962763905525207520e-01
-8.415510505437850952e-02
2.113532721996307373e-01
8.765195608139038086e-01
-6.535524874925613403e-02
1.421023607254028320e-01
8.377249836921691895e-01
-5.285736918449401855e-02
1.303540915250778198e-01
7.458554506301879883e-01
-8.410136401653289795e-02
1.541627049446105957e-01
8.142718672752380371e-01
-6.975141167640686035e-02
1.724056601524353027e-01
8.780899643898010254e-01
-5.119842663407325745e-02
