6.449919939041137695e-01
9.869583845138549805e-01
-9.722224092456599465e-08
5.707654356956481934e-01
9.540952444076538086e-01
-4.171588271856307983e-02
5.331323146820068359e-01
9.091159701347351074e-01
-7.891386747360229492e-02
5.608777999877929688e-01
8.614602684974670410e-01
-1.152864247560501099e-01
6.217461824417114258e-01
8.171899318695068359e-01
-1.491596102714538574e-01
5.199077129364013672e-01
6.710323095321655273e-01
-5.284497514367103577e-02
5.133174657821655273e-01
5.091315507888793945e-01
-1.113821491599082947e-01
5.147814154624938965e-01
4.090295732021331787e-01
-1.594635099172592163e-01
5.205192565917968750e-01
3.191626369953155518e-01
-1.950219273567199707e-01
5.903975963592529297e-01
6.750029921531677246e-01
-5.795226618647575378e-02
5.890056490898132324e-01
5.769057869911193848e-01
-1.235050112009048462e-01
5.997290015220642090e-01
7.190605998039245605e-01
-1.379685550928115845e-01
5.999310016632080078e-01
8.025538921356201172e-01
-1.375529170036315918e-01
6.556484699249267578e-01
6.985530853271484375e-01
-6.898409128189086914e-02
6.600646376609802246e-01
6.048322319984436035e-01
-1.221325546503067017e-01
6.537739634513854980e-01
7.328383326530456543e-01
-9.696597605943679810e-02
6.458733081817626953e-01
8.165023326873779297e-01
-6.860838085412979126e-02
7.099276781082153320e-01
7.475949525833129883e-01
-8.520041406154632568e-02
7.170147895812988281e-01
6.722915172576904297e-01
-1.179159134626388550e-01
7.004524469375610352e-01
7.565533518791198730e-01
-9.565285593271255493e-02
6.896922588348388672e-01
8.172022104263305664e-01
-7.174266874790191650e-02
