6.849780678749084473e-01
9.993091821670532227e-01
1.909153013457398629e-07
7.570107579231262207e-01
8.966629505157470703e-01
1.936478167772293091e-02
7.727534174919128418e-01
7.817857265472412109e-01
1.789341494441032410e-02
7.500890493392944336e-01
7.029865980148315430e-01
1.446779724210500717e-02
7.142209410667419434e-01
6.587663292884826660e-01
7.213695906102657318e-03
7.773038744926452637e-01
7.506867647171020508e-01
-3.157864883542060852e-02
7.724872827529907227e-01
5.804929733276367188e-01
-4.129514843225479126e-02
7.770633697509765625e-01
4.893536567687988281e-01
-4.270637407898902893e-02
7.804563045501708984e-01
4.172836542129516602e-01
-4.329958558082580566e-02
7.143163681030273438e-01
7.467067241668701172e-01
-4.615347087383270264e-02
7.096776962280273438e-01
5.920075178146362305e-01
-5.088898539543151855e-02
7.169628739356994629e-01
6.265785694122314453e-01
-3.765263780951499939e-02
7.215605378150939941e-01
6.794886589050292969e-01
-2.809665165841579437e-02
6.533640623092651367e-01
7.580083012580871582e-01
-5.522542446851730347e-02
6.583250761032104492e-01
6.166754364967346191e-01
-5.023975670337677002e-02
6.698250770568847656e-01
6.498788595199584961e-01
-2.483241632580757141e-02
6.729589700698852539e-01
6.955546140670776367e-01
-1.073685847222805023e-02
6.005049347877502441e-01
7.775051593780517578e-01
-6.229959428310394287e-02
6.130281686782836914e-01
6.593380570411682129e-01
-5.271109566092491150e-02
6.307448744773864746e-01
6.836036443710327148e-01
-2.630641683936119080e-02
6.338346600532531738e-01
7.229664921760559082e-01
-8.360737934708595276e-03
