7.765573263168334961e-01
9.393197298049926758e-01
-2.620248835683014477e-07
6.900460720062255859e-01
8.579091429710388184e-01
5.336402915418148041e-03
6.356928348541259766e-01
7.748822569847106934e-01
-1.162119954824447632e-02
5.938475728034973145e-01
7.242079973220825195e-01
-3.886879235506057739e-02
5.827635526657104492e-01
7.013640403747558594e-01
-6.722243130207061768e-02
7.271720170974731445e-01
6.044652462005615234e-01
-9.141938644461333752e-04
6.909496188163757324e-01
4.850717186927795410e-01
-2.970263920724391937e-02
6.774269342422485352e-01
4.112138748168945312e-01
-4.924309998750686646e-02
6.749302744865417480e-01
3.453832566738128662e-01
-6.387960910797119141e-02
7.534870505332946777e-01
6.207649111747741699e-01
-2.852026559412479401e-02
6.446022391319274902e-01
5.306761264801025391e-01
-6.991482526063919067e-02
5.935683846473693848e-01
6.075846552848815918e-01
-7.599374651908874512e-02
5.912041664123535156e-01
6.682063341140747070e-01
-7.154192030429840088e-02
7.641749978065490723e-01
6.568031907081604004e-01
-5.879561975598335266e-02
6.585295200347900391e-01
5.750502943992614746e-01
-9.640341252088546753e-02
6.126922965049743652e-01
6.470335721969604492e-01
-8.212379366159439087e-02
6.158328056335449219e-01
7.079246640205383301e-01
-6.257906556129455566e-02
7.619162201881408691e-01
7.056109309196472168e-01
-9.021601825952529907e-02
6.810449361801147461e-01
6.298682689666748047e-01
-1.130171790719032288e-01
6.369113922119140625e-01
6.610071063041687012e-01
-1.011811420321464539e-01
6.288664937019348145e-01
7.077342867851257324e-01
-8.593522757291793823e-02
