7.850390076637268066e-01
7.544475793838500977e-01
-1.291159463789881556e-07
7.656677365303039551e-01
6.733683943748474121e-01
2.522475086152553558e-03
7.150704860687255859e-01
6.141353249549865723e-01
-6.524890661239624023e-03
6.598371267318725586e-01
5.981793403625488281e-01
-1.621143706142902374e-02
6.213963627815246582e-01
6.035190224647521973e-01
-2.786257676780223846e-02
7.133453488349914551e-01
5.766639113426208496e-01
-2.836956083774566650e-02
6.420099735260009766e-01
5.439183712005615234e-01
-4.602301865816116333e-02
5.996577739715576172e-01
5.259560942649841309e-01
-5.452976748347282410e-02
5.652301311492919922e-01
5.108313560485839844e-01
-6.074678525328636169e-02
7.029363512992858887e-01
6.209022998809814453e-01
-4.034534469246864319e-02
6.154190897941589355e-01
6.223546862602233887e-01
-6.020502001047134399e-02
6.304739117622375488e-01
6.422986388206481934e-01
-5.738146603107452393e-02
6.570474505424499512e-01
6.480087041854858398e-01
-5.388421565294265747e-02
6.938802003860473633e-01
6.740508079528808594e-01
-5.073862895369529724e-02
6.171500086784362793e-01
6.718452572822570801e-01
-6.862460076808929443e-02
6.370878815650939941e-01
6.858192682266235352e-01
-5.432482063770294189e-02
6.633269786834716797e-01
6.882270574569702148e-01
-4.236649349331855774e-02
6.871280074119567871e-01
7.278190851211547852e-01
-6.049413233995437622e-02
6.263191103935241699e-01
7.160967588424682617e-01
-7.173172384500503540e-02
6.438573002815246582e-01
7.235231399536132812e-01
-5.961213633418083191e-02
6.671847105026245117e-01
7.271181344985961914e-01
-4.891818016767501831e-02
