7.416950464248657227e-01
7.745575904846191406e-01
1.475538766726458562e-07
7.187629342079162598e-01
6.733825802803039551e-01
3.434537677094340324e-03
6.742247939109802246e-01
6.241633296012878418e-01
4.823642782866954803e-03
6.305501461029052734e-01
6.449461579322814941e-01
5.396851804107427597e-03
6.037880182266235352e-01
6.841499805450439453e-01
4.897699691355228424e-03
6.080872416496276855e-01
6.143536567687988281e-01
-2.098771743476390839e-03
5.342202186584472656e-01
6.082270741462707520e-01
-7.441221969202160835e-04
4.919049739837646484e-01
6.129172444343566895e-01
1.175083685666322708e-03
4.581999182701110840e-01
6.175589561462402344e-01
2.339800586923956871e-03
5.856929421424865723e-01
6.660350561141967773e-01
-5.003808531910181046e-03
5.353608131408691406e-01
6.701247096061706543e-01
2.427752828225493431e-03
5.278251171112060547e-01
6.735205650329589844e-01
5.720561835914850235e-03
5.287997722625732422e-01
6.741098165512084961e-01
7.205310277640819550e-03
5.800556540489196777e-01
7.209157347679138184e-01
-6.523670628666877747e-03
5.766542553901672363e-01
7.313670516014099121e-01
-7.304142927750945091e-04
5.984804034233093262e-01
7.339416146278381348e-01
-1.225578598678112030e-04
6.188427805900573730e-01
7.349858283996582031e-01
-2.596520062070339918e-04
5.799086093902587891e-01
7.718521356582641602e-01
-8.168110623955726624e-03
5.895320177078247070e-01
7.714581489562988281e-01
-1.663972972892224789e-03
6.115276217460632324e-01
7.746537923812866211e-01
3.046706318855285645e-03
6.287822723388671875e-01
7.778333425521850586e-01
7.384119555354118347e-03
