7.140876650810241699e-01
8.613319396972656250e-01
-7.010733327206253307e-08
6.878188252449035645e-01
7.662045955657958984e-01
6.826746743172407150e-03
6.419476270675659180e-01
7.248551249504089355e-01
4.455771762877702713e-03
6.038973927497863770e-01
7.389406561851501465e-01
-1.266977982595562935e-03
5.814670920372009277e-01
7.756459712982177734e-01
-9.036784060299396515e-03
5.983397960662841797e-01
6.967487335205078125e-01
-1.114112208597362041e-03
5.401822924613952637e-01
6.836606860160827637e-01
-6.963749881833791733e-03
5.008067488670349121e-01
6.836044192314147949e-01
-1.232183445245027542e-02
4.718301296234130859e-01
6.865066885948181152e-01
-1.753703504800796509e-02
5.795090794563293457e-01
7.319488525390625000e-01
-9.837450459599494934e-03
5.621885657310485840e-01
7.671816349029541016e-01
-1.345960237085819244e-02
5.832696557044982910e-01
7.825933098793029785e-01
-1.410870626568794250e-02
6.017158627510070801e-01
7.834820747375488281e-01
-1.582302153110504150e-02
5.733743309974670410e-01
7.823258638381958008e-01
-1.736660115420818329e-02
5.685917139053344727e-01
8.112329840660095215e-01
-1.974045485258102417e-02
5.863285064697265625e-01
8.199405074119567871e-01
-1.520795188844203949e-02
6.019684672355651855e-01
8.213293552398681641e-01
-1.370053086429834366e-02
5.709856748580932617e-01
8.351314663887023926e-01
-2.503401599824428558e-02
5.739746093750000000e-01
8.473798036575317383e-01
-2.659532986581325531e-02
5.929070115089416504e-01
8.546977043151855469e-01
-2.040882781147956848e-02
6.073278188705444336e-01
8.593235015869140625e-01
-1.481530442833900452e-02
