2.925246655941009521e-01
7.495343685150146484e-01
-9.614131357693622704e-08
3.257558047771453857e-01
6.469414830207824707e-01
1.672517694532871246e-02
3.897424936294555664e-01
5.942162871360778809e-01
1.828685775399208069e-02
4.437559247016906738e-01
5.889661312103271484e-01
1.539237145334482193e-02
4.821666181087493896e-01
6.108522415161132812e-01
1.192553713917732239e-02
4.431589245796203613e-01
5.449477434158325195e-01
3.108897944912314415e-04
5.267385244369506836e-01
5.359014272689819336e-01
1.178229576908051968e-03
5.687576532363891602e-01
5.362492799758911133e-01
3.344859695062041283e-03
6.013110876083374023e-01
5.372061729431152344e-01
3.326884703710675240e-03
4.654001593589782715e-01
6.006281375885009766e-01
-1.125063560903072357e-02
5.204566717147827148e-01
6.205939054489135742e-01
-7.573310285806655884e-03
4.959957599639892578e-01
6.320525407791137695e-01
-7.046526297926902771e-04
4.687602519989013672e-01
6.334900856018066406e-01
3.051661187782883644e-03
4.746480882167816162e-01
6.665319204330444336e-01
-1.972872205078601837e-02
5.056766867637634277e-01
6.803056597709655762e-01
-1.031238585710525513e-02
4.824863374233245850e-01
6.881981492042541504e-01
1.795464893803000450e-03
4.565021991729736328e-01
6.889788508415222168e-01
6.754621397703886032e-03
4.758999943733215332e-01
7.250792384147644043e-01
-2.763164602220058441e-02
4.945179522037506104e-01
7.300437688827514648e-01
-1.164510287344455719e-02
4.768836498260498047e-01
7.376797795295715332e-01
3.956560045480728149e-03
4.561228156089782715e-01
7.386589050292968750e-01
1.400416996330022812e-02
