2.716479897499084473e-01
7.605829834938049316e-01
2.880554283990477416e-08
3.097014427185058594e-01
6.731194853782653809e-01
1.142381224781274796e-02
3.743972182273864746e-01
6.211047172546386719e-01
4.958472680300474167e-03
4.317853152751922607e-01
6.092615127563476562e-01
-4.784096498042345047e-03
4.732580184936523438e-01
6.163759827613830566e-01
-1.465777028352022171e-02
4.043972194194793701e-01
5.751839876174926758e-01
-2.636288106441497803e-02
4.997838139533996582e-01
5.755828619003295898e-01
-3.955241292715072632e-02
5.541233420372009277e-01
5.757519006729125977e-01
-4.453287646174430847e-02
5.960595011711120605e-01
5.718308091163635254e-01
-4.841788858175277710e-02
4.128012657165527344e-01
6.189215779304504395e-01
-4.060285910964012146e-02
4.923030138015747070e-01
6.736022233963012695e-01
-5.272671580314636230e-02
4.692107737064361572e-01
6.995083093643188477e-01
-4.624813795089721680e-02
4.416211545467376709e-01
6.946341991424560547e-01
-4.197385907173156738e-02
4.167782664299011230e-01
6.792082786560058594e-01
-5.156959965825080872e-02
4.851653575897216797e-01
7.228661179542541504e-01
-5.676457285881042480e-02
4.598087668418884277e-01
7.388539910316467285e-01
-3.878090530633926392e-02
4.317887127399444580e-01
7.318016886711120605e-01
-2.782006002962589264e-02
4.166010618209838867e-01
7.409163713455200195e-01
-6.196131184697151184e-02
4.761778116226196289e-01
7.648676037788391113e-01
-5.768507346510887146e-02
4.571696817874908447e-01
7.755745649337768555e-01
-3.965073823928833008e-02
4.321886301040649414e-01
7.708008885383605957e-01
-2.672779373824596405e-02
