2.878034114837646484e-01
7.426074147224426270e-01
5.300867300661593617e-09
3.200886249542236328e-01
6.642417311668395996e-01
1.087397336959838867e-02
3.758921623229980469e-01
6.208098530769348145e-01
7.732485421001911163e-03
4.252274930477142334e-01
6.133553981781005859e-01
1.725145382806658745e-03
4.595796763896942139e-01
6.209015846252441406e-01
-4.406599327921867371e-03
4.056921303272247314e-01
5.832544565200805664e-01
-1.579482108354568481e-02
4.848375022411346436e-01
5.834182500839233398e-01
-2.340350486338138580e-02
5.302346348762512207e-01
5.872865319252014160e-01
-2.524751238524913788e-02
5.647751092910766602e-01
5.879802703857421875e-01
-2.683794312179088593e-02
4.147367477416992188e-01
6.268771290779113770e-01
-2.693807892501354218e-02
4.798240661621093750e-01
6.620614528656005859e-01
-3.379718214273452759e-02
4.596710801124572754e-01
6.802782416343688965e-01
-2.768923714756965637e-02
4.342576265335083008e-01
6.766347289085388184e-01
-2.338302321732044220e-02
4.187322556972503662e-01
6.808778047561645508e-01
-3.535399585962295532e-02
4.717979729175567627e-01
7.064476609230041504e-01
-3.619010001420974731e-02
4.517932534217834473e-01
7.173141241073608398e-01
-2.130921743810176849e-02
4.273470342159271240e-01
7.125539779663085938e-01
-1.243076007813215256e-02
4.179549813270568848e-01
7.330750226974487305e-01
-4.321697354316711426e-02
4.614301025867462158e-01
7.439982295036315918e-01
-3.608379885554313660e-02
4.465420246124267578e-01
7.504122853279113770e-01
-2.024751901626586914e-02
4.252599477767944336e-01
7.462248802185058594e-01
-9.116251021623611450e-03
