1.202583611011505127e-01
6.483795046806335449e-01
9.512290688462599064e-08
1.522614657878875732e-01
5.572881698608398438e-01
1.182971056550741196e-02
2.158816754817962646e-01
5.030922889709472656e-01
3.922783769667148590e-03
2.771409451961517334e-01
4.977140128612518311e-01
-7.987905293703079224e-03
3.196097314357757568e-01
5.090305805206298828e-01
-2.023287117481231689e-02
2.400625199079513550e-01
4.437560439109802246e-01
-2.440929040312767029e-02
3.359778821468353271e-01
4.425863921642303467e-01
-3.738800063729286194e-02
3.888911306858062744e-01
4.465019106864929199e-01
-4.291049391031265259e-02
4.309730529785156250e-01
4.466865956783294678e-01
-4.725726693868637085e-02
2.464796304702758789e-01
4.890426993370056152e-01
-4.002476483583450317e-02
3.296890258789062500e-01
5.349367856979370117e-01
-5.192987620830535889e-02
3.036067187786102295e-01
5.564664006233215332e-01
-4.502443224191665649e-02
2.750212550163269043e-01
5.492914915084838867e-01
-4.090554639697074890e-02
2.502265572547912598e-01
5.484017133712768555e-01
-5.284011736512184143e-02
3.223417997360229492e-01
5.890249609947204590e-01
-5.681886896491050720e-02
2.939792573451995850e-01
6.026098132133483887e-01
-3.853999450802803040e-02
2.662151753902435303e-01
5.929827094078063965e-01
-2.852624282240867615e-02
2.504589855670928955e-01
6.077924370765686035e-01
-6.547233462333679199e-02
3.109386265277862549e-01
6.340546607971191406e-01
-5.842101201415061951e-02
2.875209748744964600e-01
6.434452533721923828e-01
-3.979650512337684631e-02
2.612711489200592041e-01
6.342815756797790527e-01
-2.788965217769145966e-02
