1.316026747226715088e-01
7.371562123298645020e-01
5.930666802100859059e-08
1.657534837722778320e-01
6.505153775215148926e-01
1.528041251003742218e-02
2.265877127647399902e-01
6.036154031753540039e-01
9.436630643904209137e-03
2.811700403690338135e-01
6.029089093208312988e-01
-7.443366921506822109e-04
3.192592263221740723e-01
6.217122077941894531e-01
-1.162313017994165421e-02
2.547236382961273193e-01
5.527312159538269043e-01
-2.132440358400344849e-02
3.472259044647216797e-01
5.526363849639892578e-01
-3.268594667315483093e-02
3.979269564151763916e-01
5.563213229179382324e-01
-3.699320554733276367e-02
4.371991157531738281e-01
5.560581684112548828e-01
-4.004728794097900391e-02
2.604446411132812500e-01
5.987750887870788574e-01
-3.691345453262329102e-02
3.382393121719360352e-01
6.395470499992370605e-01
-4.609968513250350952e-02
3.143191337585449219e-01
6.581680178642272949e-01
-3.842685371637344360e-02
2.865801751613616943e-01
6.505564451217651367e-01
-3.357940912246704102e-02
2.639221847057342529e-01
6.572867035865783691e-01
-4.923929274082183838e-02
3.301792740821838379e-01
6.903882026672363281e-01
-5.026166513562202454e-02
3.049380779266357422e-01
7.021310925483703613e-01
-3.210649266839027405e-02
2.779488563537597656e-01
6.944043040275573730e-01
-2.215075865387916565e-02
2.639304101467132568e-01
7.148591279983520508e-01
-6.090449169278144836e-02
3.182954490184783936e-01
7.334185838699340820e-01
-5.130705982446670532e-02
2.959580123424530029e-01
7.421366572380065918e-01
-3.168885037302970886e-02
2.706778645515441895e-01
7.358272075653076172e-01
-1.899609528481960297e-02
