1.205209493637084961e-01
6.360366940498352051e-01
1.021490803054803109e-07
1.547220945358276367e-01
5.400968790054321289e-01
1.067968644201755524e-02
2.209220826625823975e-01
4.825679361820220947e-01
1.250179717317223549e-03
2.849593758583068848e-01
4.769299328327178955e-01
-1.202020421624183655e-02
3.284896016120910645e-01
4.884510636329650879e-01
-2.550135552883148193e-02
2.429996728897094727e-01
4.201152920722961426e-01
-2.751711197197437286e-02
3.424152433872222900e-01
4.165978431701660156e-01
-4.260884970426559448e-02
3.989580273628234863e-01
4.189068078994750977e-01
-4.944167658686637878e-02
4.439549446105957031e-01
4.175239205360412598e-01
-5.449550598859786987e-02
2.499376237392425537e-01
4.685608744621276855e-01
-4.342595115303993225e-02
3.375088572502136230e-01
5.142625570297241211e-01
-5.785610526800155640e-02
3.101058006286621094e-01
5.374485254287719727e-01
-5.132857710123062134e-02
2.787690162658691406e-01
5.313888788223266602e-01
-4.688894003629684448e-02
2.547743320465087891e-01
5.316209793090820312e-01
-5.656634643673896790e-02
3.306420743465423584e-01
5.714700818061828613e-01
-6.226281821727752686e-02
3.010945022106170654e-01
5.865314602851867676e-01
-4.300327226519584656e-02
2.716700136661529541e-01
5.778995156288146973e-01
-3.181223198771476746e-02
2.563611567020416260e-01
5.952250361442565918e-01
-6.963238865137100220e-02
3.199800252914428711e-01
6.196774244308471680e-01
-6.298607587814331055e-02
2.951757013797760010e-01
6.300449967384338379e-01
-4.317826032638549805e-02
2.677060365676879883e-01
6.218259334564208984e-01
-3.019309975206851959e-02
