3.814416527748107910e-01
6.270183920860290527e-01
3.757507371915380645e-08
4.184204936027526855e-01
5.322252511978149414e-01
2.213557064533233643e-02
4.808034002780914307e-01
4.852420687675476074e-01
2.053842321038246155e-02
5.338652133941650391e-01
4.856860637664794922e-01
1.290327589958906174e-02
5.731965899467468262e-01
5.077854394912719727e-01
3.991764970123767853e-03
5.254130959510803223e-01
4.312489032745361328e-01
-8.518287912011146545e-03
6.228742599487304688e-01
4.362313151359558105e-01
-1.396492496132850647e-02
6.750433444976806641e-01
4.417454004287719727e-01
-1.468537934124469757e-02
7.149685621261596680e-01
4.422640502452850342e-01
-1.616569422185420990e-02
5.410830378532409668e-01
4.770321249961853027e-01
-2.604637295007705688e-02
6.156322956085205078e-01
5.344118475914001465e-01
-2.909394539892673492e-02
5.921636223793029785e-01
5.615734457969665527e-01
-2.159800939261913300e-02
5.636338591575622559e-01
5.605385899543762207e-01
-1.708943769335746765e-02
5.474921464920043945e-01
5.405228734016418457e-01
-3.975044190883636475e-02
5.962374210357666016e-01
5.898617506027221680e-01
-3.575892001390457153e-02
5.710971951484680176e-01
6.090933680534362793e-01
-2.013566158711910248e-02
5.444303154945373535e-01
6.062555909156799316e-01
-1.244176644831895828e-02
5.479745268821716309e-01
6.031234264373779297e-01
-5.245768278837203979e-02
5.849730372428894043e-01
6.380339860916137695e-01
-3.910412266850471497e-02
5.621603131294250488e-01
6.549735069274902344e-01
-2.087527327239513397e-02
5.378450155258178711e-01
6.539157629013061523e-01
-9.225739166140556335e-03
