2.409175336360931396e-01
7.079663872718811035e-01
3.492260347570663725e-08
2.783419787883758545e-01
6.183134913444519043e-01
1.110760867595672607e-02
3.460961282253265381e-01
5.694017410278320312e-01
5.904722027480602264e-03
4.047960937023162842e-01
5.683563351631164551e-01
-2.709502354264259338e-03
4.458419084548950195e-01
5.884733796119689941e-01
-1.137649454176425934e-02
3.767928481101989746e-01
5.232956409454345703e-01
-2.200177498161792755e-02
4.715239405632019043e-01
5.216585993766784668e-01
-3.293402120471000671e-02
5.243005752563476562e-01
5.270170569419860840e-01
-3.651050850749015808e-02
5.641367435455322266e-01
5.291604995727539062e-01
-3.931392729282379150e-02
3.853988349437713623e-01
5.725109577178955078e-01
-3.511696681380271912e-02
4.597650468349456787e-01
6.153841018676757812e-01
-4.485794156789779663e-02
4.367647171020507812e-01
6.359351277351379395e-01
-3.853724524378776550e-02
4.084525704383850098e-01
6.305500864982604980e-01
-3.441264107823371887e-02
3.893715739250183105e-01
6.341691017150878906e-01
-4.515065252780914307e-02
4.501550495624542236e-01
6.688712835311889648e-01
-4.714478179812431335e-02
4.266781806945800781e-01
6.821617484092712402e-01
-2.972543239593505859e-02
3.994314074516296387e-01
6.753240823745727539e-01
-1.996248960494995117e-02
3.879320025444030762e-01
6.938530206680297852e-01
-5.490890890359878540e-02
4.383995831012725830e-01
7.139239311218261719e-01
-4.734509438276290894e-02
4.172301888465881348e-01
7.220401167869567871e-01
-2.885781601071357727e-02
3.911573588848114014e-01
7.155559659004211426e-01
-1.629928313195705414e-02
