1.759660691022872925e-01
6.345807909965515137e-01
9.612211471221598913e-08
2.036673575639724731e-01
5.462762117385864258e-01
1.189321000128984451e-02
2.621287703514099121e-01
4.942975044250488281e-01
4.568694159388542175e-03
3.189813792705535889e-01
4.879454374313354492e-01
-6.656381301581859589e-03
3.591074049472808838e-01
4.992452263832092285e-01
-1.842163503170013428e-02
2.848809361457824707e-01
4.402294754981994629e-01
-2.342144772410392761e-02
3.744951486587524414e-01
4.358852505683898926e-01
-3.622603043913841248e-02
4.244824051856994629e-01
4.381183385848999023e-01
-4.171612486243247986e-02
4.642667174339294434e-01
4.382004141807556152e-01
-4.564008116722106934e-02
2.921831905841827393e-01
4.813908338546752930e-01
-3.815757483243942261e-02
3.721132874488830566e-01
5.214269757270812988e-01
-4.894341900944709778e-02
3.489547371864318848e-01
5.421152710914611816e-01
-4.194188490509986877e-02
3.226692974567413330e-01
5.367640852928161621e-01
-3.746331483125686646e-02
2.969594597816467285e-01
5.364540815353393555e-01
-5.016957223415374756e-02
3.653756678104400635e-01
5.730999708175659180e-01
-5.299819260835647583e-02
3.395890295505523682e-01
5.865335464477539062e-01
-3.564889356493949890e-02
3.135193884372711182e-01
5.791260600090026855e-01
-2.601294033229351044e-02
2.981009781360626221e-01
5.917822718620300293e-01
-6.202127039432525635e-02
3.548541367053985596e-01
6.167241930961608887e-01
-5.427246540784835815e-02
3.333357572555541992e-01
6.261651515960693359e-01
-3.665610402822494507e-02
3.085813224315643311e-01
6.187651157379150391e-01
-2.533612214028835297e-02
