3.918150961399078369e-01
6.336696147918701172e-01
3.492583999786802451e-08
4.192695319652557373e-01
5.386812686920166016e-01
1.916055940091609955e-02
4.750659167766571045e-01
4.881211817264556885e-01
1.876254193484783173e-02
5.273411273956298828e-01
4.868831634521484375e-01
1.337805483490228653e-02
5.667126774787902832e-01
5.122254490852355957e-01
7.062361110001802444e-03
5.125873684883117676e-01
4.378405213356018066e-01
-5.952266044914722443e-03
6.007818579673767090e-01
4.349295496940612793e-01
-9.707512333989143372e-03
6.460099220275878906e-01
4.399494826793670654e-01
-9.093510918319225311e-03
6.806585192680358887e-01
4.429768919944763184e-01
-9.470811113715171814e-03
5.307834148406982422e-01
4.819513261318206787e-01
-2.043234184384346008e-02
5.993329882621765137e-01
5.225033164024353027e-01
-2.159658074378967285e-02
5.789826512336730957e-01
5.518131256103515625e-01
-1.416325476020574570e-02
5.545904636383056641e-01
5.581690669059753418e-01
-9.394381195306777954e-03
5.408335328102111816e-01
5.411087870597839355e-01
-3.168866783380508423e-02
5.823123455047607422e-01
5.814623832702636719e-01
-2.740209549665451050e-02
5.596087574958801270e-01
6.003436446189880371e-01
-1.488318201154470444e-02
5.357747077941894531e-01
6.007713675498962402e-01
-8.637852035462856293e-03
5.452330708503723145e-01
5.988755226135253906e-01
-4.197631031274795532e-02
5.775818228721618652e-01
6.294360160827636719e-01
-2.923646010458469391e-02
5.575073361396789551e-01
6.450940966606140137e-01
-1.392428297549486160e-02
5.351650714874267578e-01
6.445486545562744141e-01
-4.049166105687618256e-03
