7.424215674400329590e-01
6.585365533828735352e-01
-2.377847181378456298e-07
7.103785276412963867e-01
5.677371025085449219e-01
1.910516992211341858e-02
6.527982354164123535e-01
5.282210111618041992e-01
2.076355740427970886e-02
6.032833456993103027e-01
5.348365902900695801e-01
1.906539499759674072e-02
5.735249519348144531e-01
5.638023018836975098e-01
1.427071727812290192e-02
6.141623258590698242e-01
4.869922399520874023e-01
-9.912006556987762451e-03
5.291517972946166992e-01
4.902378022670745850e-01
-1.371861621737480164e-02
4.793564677238464355e-01
4.947009980678558350e-01
-1.465032156556844711e-02
4.399103224277496338e-01
4.984987974166870117e-01
-1.672142930328845978e-02
5.991604924201965332e-01
5.355781316757202148e-01
-2.178228460252285004e-02
5.490744113922119141e-01
5.690923929214477539e-01
-2.158537134528160095e-02
5.710599422454833984e-01
5.875701308250427246e-01
-1.323548797518014908e-02
5.962639451026916504e-01
5.856812596321105957e-01
-9.683229029178619385e-03
5.930021405220031738e-01
5.931298732757568359e-01
-2.995184622704982758e-02
5.596576333045959473e-01
6.203269362449645996e-01
-2.383471839129924774e-02
5.782159566879272461e-01
6.353125572204589844e-01
-1.034384500235319138e-02
5.989606380462646484e-01
6.340481638908386230e-01
-5.642532370984554291e-03
5.911430716514587402e-01
6.511179208755493164e-01
-3.698290139436721802e-02
5.619719624519348145e-01
6.636812090873718262e-01
-2.925739996135234833e-02
5.803927779197692871e-01
6.751120090484619141e-01
-1.576989889144897461e-02
5.998658537864685059e-01
6.785832643508911133e-01
-7.254772819578647614e-03
