6.647402644157409668e-01
6.783457398414611816e-01
-1.099294664186345472e-07
6.441130042076110840e-01
5.996717810630798340e-01
7.009841036051511765e-03
5.993474125862121582e-01
5.615655183792114258e-01
4.626575391739606857e-03
5.527452826499938965e-01
5.564163923263549805e-01
1.520938822068274021e-03
5.215968489646911621e-01
5.640475749969482422e-01
-3.387671895325183868e-03
5.730963945388793945e-01
5.348112583160400391e-01
-2.261338941752910614e-02
4.969516992568969727e-01
5.295490026473999023e-01
-3.103241324424743652e-02
4.551793932914733887e-01
5.295452475547790527e-01
-3.327656164765357971e-02
4.232598543167114258e-01
5.305117964744567871e-01
-3.494630381464958191e-02
5.591042041778564453e-01
5.813893675804138184e-01
-2.945350296795368195e-02
5.148438215255737305e-01
5.882528424263000488e-01
-3.408100083470344543e-02
5.313164591789245605e-01
5.994844436645507812e-01
-2.598298154771327972e-02
5.526564121246337891e-01
5.999767780303955078e-01
-2.174080908298492432e-02
5.511178374290466309e-01
6.308425068855285645e-01
-3.413215652108192444e-02
5.222312211990356445e-01
6.324836611747741699e-01
-3.366528078913688660e-02
5.370660424232482910e-01
6.445124745368957520e-01
-2.038273960351943970e-02
5.549131631851196289e-01
6.475811600685119629e-01
-1.452382188290357590e-02
5.462168455123901367e-01
6.794054508209228516e-01
-3.863143548369407654e-02
5.265640616416931152e-01
6.755667924880981445e-01
-3.614824265241622925e-02
5.444700121879577637e-01
6.849140524864196777e-01
-2.557953074574470520e-02
5.612313151359558105e-01
6.880381703376770020e-01
-1.883238740265369415e-02
