4.712848067283630371e-01
8.000755906105041504e-01
-1.100978366253002605e-07
4.895035922527313232e-01
7.008628249168395996e-01
1.405145414173603058e-02
5.420998334884643555e-01
6.516048908233642578e-01
1.690870150923728943e-02
5.843340754508972168e-01
6.600440144538879395e-01
1.632145978510379791e-02
6.070846319198608398e-01
6.946282386779785156e-01
1.341768819838762283e-02
6.050227284431457520e-01
6.334661841392517090e-01
-5.433636251837015152e-03
6.837782859802246094e-01
6.282471418380737305e-01
-1.173912198282778263e-03
7.291933894157409668e-01
6.306115984916687012e-01
1.770799513906240463e-03
7.626061439514160156e-01
6.350809931755065918e-01
1.833513379096984863e-03
6.299855113029479980e-01
6.926841735839843750e-01
-1.170430239289999008e-02
6.381518244743347168e-01
7.010163068771362305e-01
-1.254339003935456276e-03
6.142754554748535156e-01
7.028501629829406738e-01
6.612265482544898987e-03
5.927188992500305176e-01
7.070150971412658691e-01
8.332707919180393219e-03
6.333204507827758789e-01
7.552665472030639648e-01
-1.454881206154823303e-02
6.235148906707763672e-01
7.469922900199890137e-01
-9.792043128982186317e-04
6.043273210525512695e-01
7.501572370529174805e-01
7.798170670866966248e-03
5.833229422569274902e-01
7.550472617149353027e-01
8.725259453058242798e-03
6.292626857757568359e-01
8.049613833427429199e-01
-1.682218536734580994e-02
6.207804083824157715e-01
7.950673699378967285e-01
-1.495290081948041916e-03
6.044469475746154785e-01
7.983713150024414062e-01
1.097375247627496719e-02
5.862782001495361328e-01
8.024086952209472656e-01
1.855603978037834167e-02
