5.649309158325195312e-01
7.511457204818725586e-01
-1.290934363851192757e-07
5.387403368949890137e-01
6.534087061882019043e-01
1.613069698214530945e-02
4.819326102733612061e-01
6.138443350791931152e-01
2.054566517472267151e-02
4.356643855571746826e-01
6.128774881362915039e-01
2.223314903676509857e-02
4.062347412109375000e-01
6.413674950599670410e-01
2.137721516191959381e-02
4.363956451416015625e-01
5.810082554817199707e-01
-5.150968208909034729e-03
3.537785410881042480e-01
5.836158990859985352e-01
-4.514651373028755188e-03
3.076308965682983398e-01
5.877344608306884766e-01
-3.142512170597910881e-03
2.701965570449829102e-01
5.926730632781982422e-01
-3.754077944904565811e-03
4.176999926567077637e-01
6.330975294113159180e-01
-1.377512887120246887e-02
3.699177801609039307e-01
6.490785479545593262e-01
-7.395602762699127197e-03
3.908242881298065186e-01
6.598001122474670410e-01
2.677617827430367470e-03
4.154194891452789307e-01
6.609313488006591797e-01
6.700812373310327530e-03
4.107907712459564209e-01
6.912919878959655762e-01
-1.931898668408393860e-02
3.819553852081298828e-01
6.964828372001647949e-01
-6.839835550636053085e-03
4.002516269683837891e-01
7.073736786842346191e-01
7.032854948192834854e-03
4.202286899089813232e-01
7.118661999702453613e-01
1.057312358170747757e-02
4.104642271995544434e-01
7.497285604476928711e-01
-2.447074651718139648e-02
3.935694396495819092e-01
7.448878884315490723e-01
-1.166553422808647156e-02
4.140370488166809082e-01
7.524896860122680664e-01
1.556011964567005634e-03
4.328799843788146973e-01
7.561857700347900391e-01
8.754890412092208862e-03
