9.101591706275939941e-01
6.736487150192260742e-01
-2.809556747251917841e-07
8.871787190437316895e-01
5.841774940490722656e-01
5.527507048100233078e-03
8.221331834793090820e-01
5.251999497413635254e-01
-1.251368666999042034e-03
7.576332092285156250e-01
5.163774490356445312e-01
-8.409633301198482513e-03
7.172124385833740234e-01
5.235860943794250488e-01
-1.730691269040107727e-02
8.090453743934631348e-01
4.681170582771301270e-01
-2.914413064718246460e-02
7.143319845199584961e-01
4.659831523895263672e-01
-4.573278129100799561e-02
6.595690250396728516e-01
4.675770401954650879e-01
-5.464947223663330078e-02
6.153997182846069336e-01
4.667210578918457031e-01
-6.215242668986320496e-02
8.026646971702575684e-01
5.226694345474243164e-01
-4.173585772514343262e-02
7.121402025222778320e-01
5.449607372283935547e-01
-5.884508788585662842e-02
7.373869419097900391e-01
5.602707862854003906e-01
-5.537713319063186646e-02
7.699981927871704102e-01
5.577712059020996094e-01
-5.329539254307746887e-02
7.979983091354370117e-01
5.835676789283752441e-01
-5.207059532403945923e-02
7.198145985603332520e-01
5.983881950378417969e-01
-6.516601145267486572e-02
7.461418509483337402e-01
6.123000979423522949e-01
-4.970543459057807922e-02
7.746739387512207031e-01
6.088238954544067383e-01
-3.961573913693428040e-02
7.964305281639099121e-01
6.448694467544555664e-01
-6.190455704927444458e-02
7.328258752822875977e-01
6.464583873748779297e-01
-6.944867968559265137e-02
7.549627423286437988e-01
6.548299193382263184e-01
-5.634448304772377014e-02
7.803484201431274414e-01
6.535366177558898926e-01
-4.651371017098426819e-02
