7.245988845825195312e-01
6.527667641639709473e-01
-6.597512225425816723e-08
6.917708516120910645e-01
5.668742060661315918e-01
1.359884161502122879e-02
6.355984807014465332e-01
5.314162373542785645e-01
1.174326334148645401e-02
5.911839008331298828e-01
5.343038439750671387e-01
7.271269336342811584e-03
5.614988803863525391e-01
5.631603598594665527e-01
-2.540835121180862188e-04
6.006514430046081543e-01
4.952533245086669922e-01
-1.927786506712436676e-02
5.169861316680908203e-01
4.725076258182525635e-01
-3.278927132487297058e-02
4.675679504871368408e-01
4.533432126045227051e-01
-4.111742228269577026e-02
4.271520376205444336e-01
4.388749003410339355e-01
-4.759156331419944763e-02
5.865994095802307129e-01
5.417678356170654297e-01
-3.010990843176841736e-02
5.171408653259277344e-01
5.592128038406372070e-01
-3.950727730989456177e-02
5.402384996414184570e-01
5.761930942535400391e-01
-3.213780745863914490e-02
5.680367350578308105e-01
5.766702890396118164e-01
-2.655621990561485291e-02
5.821995735168457031e-01
5.993362069129943848e-01
-3.806012123823165894e-02
5.334798097610473633e-01
6.156602501869201660e-01
-3.948735818266868591e-02
5.528836250305175781e-01
6.232926845550537109e-01
-2.332309074699878693e-02
5.761015415191650391e-01
6.214231252670288086e-01
-1.389019284397363663e-02
5.841034650802612305e-01
6.567390561103820801e-01
-4.528835415840148926e-02
5.511127114295959473e-01
6.591597199440002441e-01
-4.347183182835578918e-02
5.649542808532714844e-01
6.613304615020751953e-01
-3.033678047358989716e-02
5.804868340492248535e-01
6.622787117958068848e-01
-2.050213515758514404e-02
