7.117378711700439453e-01
6.973779797554016113e-01
-1.677664016597191221e-07
6.864388585090637207e-01
6.056654453277587891e-01
1.695331372320652008e-02
6.311882734298706055e-01
5.675855875015258789e-01
2.122265473008155823e-02
5.852819085121154785e-01
5.678815841674804688e-01
2.259628474712371826e-02
5.547413825988769531e-01
5.913659930229187012e-01
2.135106734931468964e-02
5.893665552139282227e-01
5.325715541839599609e-01
-7.243564818054437637e-03
5.067368745803833008e-01
5.280862450599670410e-01
-1.321745757013559341e-02
4.583676457405090332e-01
5.261470675468444824e-01
-1.562243513762950897e-02
4.199699759483337402e-01
5.254506468772888184e-01
-1.790585368871688843e-02
5.731141567230224609e-01
5.779299736022949219e-01
-1.712862402200698853e-02
5.100662708282470703e-01
6.028431653976440430e-01
-1.858297921717166901e-02
5.301292538642883301e-01
6.193602085113525391e-01
-9.955540299415588379e-03
5.556821227073669434e-01
6.187021136283874512e-01
-4.373273812234401703e-03
5.663340687751770020e-01
6.335000991821289062e-01
-2.416518703103065491e-02
5.286279916763305664e-01
6.536328196525573730e-01
-1.975621655583381653e-02
5.487138032913208008e-01
6.628769636154174805e-01
-6.754484493285417557e-03
5.702294707298278809e-01
6.596518754959106445e-01
-6.837652763351798058e-04
5.664949417114257812e-01
6.896033883094787598e-01
-3.030370362102985382e-02
5.475852489471435547e-01
6.934556961059570312e-01
-2.450841665267944336e-02
5.677769184112548828e-01
6.992924213409423828e-01
-1.315793581306934357e-02
5.862586498260498047e-01
7.005703449249267578e-01
-5.143454764038324356e-03
