8.727738261222839355e-01
7.029517292976379395e-01
-1.845245094500569394e-07
8.462191820144653320e-01
6.126936674118041992e-01
1.051693223416805267e-02
7.845227122306823730e-01
5.653688907623291016e-01
9.854410775005817413e-03
7.303984761238098145e-01
5.614664554595947266e-01
7.948179729282855988e-03
6.984603404998779297e-01
5.795468091964721680e-01
3.776933066546916962e-03
7.570117712020874023e-01
5.256107449531555176e-01
-1.751098036766052246e-02
6.713077425956726074e-01
5.188828706741333008e-01
-2.578783035278320312e-02
6.234246492385864258e-01
5.155977010726928711e-01
-2.844888530671596527e-02
5.838938951492309570e-01
5.130271911621093750e-01
-3.109182603657245636e-02
7.444881796836853027e-01
5.763793587684631348e-01
-2.800090610980987549e-02
6.730732917785644531e-01
5.880937576293945312e-01
-3.531923145055770874e-02
6.942678093910217285e-01
6.024702787399291992e-01
-2.765602432191371918e-02
7.209343314170837402e-01
6.042817831039428711e-01
-2.232052758336067200e-02
7.387431263923645020e-01
6.332803964614868164e-01
-3.589295968413352966e-02
6.834468245506286621e-01
6.383122205734252930e-01
-3.810741007328033447e-02
7.058914303779602051e-01
6.499305367469787598e-01
-2.262496948242187500e-02
7.287051677703857422e-01
6.509974002838134766e-01
-1.374174933880567551e-02
7.384802103042602539e-01
6.904185414314270020e-01
-4.321128875017166138e-02
6.966723799705505371e-01
6.859852671623229980e-01
-4.103870689868927002e-02
7.171429991722106934e-01
6.928637027740478516e-01
-2.692834474146366119e-02
7.369205355644226074e-01
6.947951912879943848e-01
-1.718860305845737457e-02
