7.011649608612060547e-01
6.458114385604858398e-01
-1.729454908172556316e-07
6.684797406196594238e-01
5.521152019500732422e-01
1.654142513871192932e-02
6.094862222671508789e-01
5.199439525604248047e-01
1.981882564723491669e-02
5.626964569091796875e-01
5.303536653518676758e-01
2.039177343249320984e-02
5.357009172439575195e-01
5.639806985855102539e-01
1.826248131692409515e-02
5.696550011634826660e-01
4.834754765033721924e-01
-8.252435363829135895e-03
4.803246855735778809e-01
4.825813770294189453e-01
-9.876847267150878906e-03
4.305063486099243164e-01
4.855314493179321289e-01
-8.387593552470207214e-03
3.907408118247985840e-01
4.879748225212097168e-01
-8.618402294814586639e-03
5.536767244338989258e-01
5.332465171813964844e-01
-1.726434752345085144e-02
4.942981600761413574e-01
5.628335475921630859e-01
-1.572657190263271332e-02
5.165910124778747559e-01
5.840391516685485840e-01
-5.543555133044719696e-03
5.430660843849182129e-01
5.829208493232727051e-01
3.459489089436829090e-04
5.482103228569030762e-01
5.900887846946716309e-01
-2.309274300932884216e-02
5.150607824325561523e-01
6.145782470703125000e-01
-1.339709293097257614e-02
5.360643267631530762e-01
6.282460689544677734e-01
-5.088595207780599594e-04
5.575394034385681152e-01
6.248168945312500000e-01
3.476848127320408821e-03
5.488340854644775391e-01
6.472062468528747559e-01
-2.831140533089637756e-02
5.331366658210754395e-01
6.590612530708312988e-01
-1.779443956911563873e-02
5.545296669006347656e-01
6.684616208076477051e-01
-6.766919046640396118e-03
5.745017528533935547e-01
6.683873534202575684e-01
-3.471224918030202389e-04
