2.401841431856155396e-01
7.669413685798645020e-01
1.808367642297525890e-07
2.775617539882659912e-01
6.547828912734985352e-01
9.635489434003829956e-03
3.556799590587615967e-01
5.850400924682617188e-01
8.007214055396616459e-04
4.309361875057220459e-01
5.708422660827636719e-01
-9.251878596842288971e-03
4.847237765789031982e-01
5.817016959190368652e-01
-1.838531903922557831e-02
3.826852738857269287e-01
5.244222879409790039e-01
-4.078659415245056152e-02
5.032622814178466797e-01
5.150759816169738770e-01
-5.739517882466316223e-02
5.677071213722229004e-01
5.143853425979614258e-01
-6.278827786445617676e-02
6.175136566162109375e-01
5.115407705307006836e-01
-6.607724726200103760e-02
3.940969109535217285e-01
5.911353826522827148e-01
-5.329520627856254578e-02
5.032460093498229980e-01
6.230287551879882812e-01
-6.964474171400070190e-02
4.859115183353424072e-01
6.479833722114562988e-01
-6.293273717164993286e-02
4.580943584442138672e-01
6.499297618865966797e-01
-5.698340758681297302e-02
4.019177258014678955e-01
6.685394644737243652e-01
-6.143678352236747742e-02
4.914379119873046875e-01
6.915212869644165039e-01
-6.906367093324661255e-02
4.747972488403320312e-01
7.103019952774047852e-01
-4.931484907865524292e-02
4.473737180233001709e-01
7.126894593238830566e-01
-3.518467023968696594e-02
4.050494432449340820e-01
7.425003647804260254e-01
-6.871744990348815918e-02
4.879603087902069092e-01
7.443569898605346680e-01
-6.617734581232070923e-02
5.188288092613220215e-01
7.419525384902954102e-01
-5.064903572201728821e-02
5.380116105079650879e-01
7.306413054466247559e-01
-3.833162784576416016e-02
