1.506438255310058594e-01
7.570201754570007324e-01
1.644277034529295634e-07
1.816421449184417725e-01
6.537567377090454102e-01
4.353055730462074280e-03
2.523788213729858398e-01
5.876075625419616699e-01
-8.626023307442665100e-03
3.247669339179992676e-01
5.762716531753540039e-01
-2.362671308219432831e-02
3.755884170532226562e-01
5.843611955642700195e-01
-3.843186423182487488e-02
2.631308436393737793e-01
5.308694243431091309e-01
-4.103561490774154663e-02
3.725792765617370605e-01
5.211776494979858398e-01
-6.223283708095550537e-02
4.346240162849426270e-01
5.243047475814819336e-01
-7.250864803791046143e-02
4.835046231746673584e-01
5.247570872306823730e-01
-7.912909984588623047e-02
2.693632841110229492e-01
5.902347564697265625e-01
-5.574537068605422974e-02
3.757209777832031250e-01
6.141049861907958984e-01
-7.813226431608200073e-02
3.486528396606445312e-01
6.376456618309020996e-01
-7.223252207040786743e-02
3.117233216762542725e-01
6.353514790534973145e-01
-6.631772220134735107e-02
2.761852145195007324e-01
6.596888303756713867e-01
-6.783717870712280273e-02
3.676821291446685791e-01
6.752919554710388184e-01
-7.981536537408828735e-02
3.370939195156097412e-01
6.923807859420776367e-01
-5.828440934419631958e-02
3.031534552574157715e-01
6.879855394363403320e-01
-4.336526989936828613e-02
2.806724011898040771e-01
7.283922433853149414e-01
-7.999564707279205322e-02
3.573917746543884277e-01
7.274779677391052246e-01
-7.709821313619613647e-02
3.338946700096130371e-01
7.381050586700439453e-01
-5.479178205132484436e-02
3.037526011466979980e-01
7.352144122123718262e-01
-3.896390274167060852e-02
