3.395033478736877441e-01
7.661778330802917480e-01
1.257271833310369402e-07
3.729130625724792480e-01
6.634255051612854004e-01
8.141483180224895477e-03
4.466479122638702393e-01
6.002120375633239746e-01
3.405928378924727440e-03
5.176439285278320312e-01
5.810004472732543945e-01
-2.690003952011466026e-03
5.690955519676208496e-01
5.730091929435729980e-01
-8.108528330922126770e-03
4.720781147480010986e-01
5.538118481636047363e-01
-2.644256129860877991e-02
5.791893005371093750e-01
5.494164824485778809e-01
-3.734119236469268799e-02
6.346594691276550293e-01
5.539611577987670898e-01
-3.974068537354469299e-02
6.775119304656982422e-01
5.559285879135131836e-01
-4.129992425441741943e-02
4.882808327674865723e-01
6.151463985443115234e-01
-3.754210099577903748e-02
5.872489809989929199e-01
6.371542215347290039e-01
-4.651298001408576965e-02
5.729943513870239258e-01
6.627982854843139648e-01
-3.777807950973510742e-02
5.460318922996520996e-01
6.690115332603454590e-01
-3.151940554380416870e-02
4.984074532985687256e-01
6.845899224281311035e-01
-4.577204585075378418e-02
5.735028982162475586e-01
6.992534399032592773e-01
-4.545760527253150940e-02
5.540261268615722656e-01
7.163774371147155762e-01
-2.550907246768474579e-02
5.249844789505004883e-01
7.173292040824890137e-01
-1.433254405856132507e-02
5.028091073036193848e-01
7.484087347984313965e-01
-5.395745858550071716e-02
5.562817454338073730e-01
7.509283423423767090e-01
-4.212259501218795776e-02
5.378775000572204590e-01
7.613703608512878418e-01
-2.133697457611560822e-02
5.104598999023437500e-01
7.605746984481811523e-01
-8.282584138214588165e-03
