1.816745996475219727e-01
8.103543519973754883e-01
1.180215036811205209e-07
2.086163461208343506e-01
7.138117551803588867e-01
3.454993246123194695e-03
2.746099531650543213e-01
6.541948318481445312e-01
-5.265206098556518555e-03
3.377565145492553711e-01
6.458811759948730469e-01
-1.552776712924242020e-02
3.823202848434448242e-01
6.555491089820861816e-01
-2.504305727779865265e-02
2.912673354148864746e-01
6.098166108131408691e-01
-3.112967312335968018e-02
3.916021883487701416e-01
5.986264944076538086e-01
-4.627338796854019165e-02
4.469392597675323486e-01
5.970227718353271484e-01
-5.178625881671905518e-02
4.907047748565673828e-01
5.929755568504333496e-01
-5.522311106324195862e-02
3.012368083000183105e-01
6.665825843811035156e-01
-4.243015497922897339e-02
3.940833806991577148e-01
6.766502857208251953e-01
-6.036226823925971985e-02
3.706782162189483643e-01
6.948729753494262695e-01
-5.479267984628677368e-02
3.379231691360473633e-01
6.963610649108886719e-01
-4.811598733067512512e-02
3.101679682731628418e-01
7.295929789543151855e-01
-5.137126520276069641e-02
3.883090317249298096e-01
7.333652973175048828e-01
-5.967336893081665039e-02
3.638527095317840576e-01
7.474858760833740234e-01
-4.089103266596794128e-02
3.344266712665557861e-01
7.481974363327026367e-01
-2.724352106451988220e-02
3.149727582931518555e-01
7.892481088638305664e-01
-6.049128249287605286e-02
3.783009648323059082e-01
7.811806797981262207e-01
-5.610964819788932800e-02
3.576827347278594971e-01
7.907990217208862305e-01
-3.656091541051864624e-02
3.317547738552093506e-01
7.930133938789367676e-01
-2.227622643113136292e-02
