1.863840818405151367e-01
6.811990141868591309e-01
1.544396610597686958e-07
2.154689431190490723e-01
5.796703100204467773e-01
5.443024914711713791e-03
2.839172184467315674e-01
5.183955430984497070e-01
-5.106820724904537201e-03
3.504937589168548584e-01
5.119816660881042480e-01
-1.767764985561370850e-02
3.961739242076873779e-01
5.234930515289306641e-01
-3.020025976002216339e-02
3.019352555274963379e-01
4.657518863677978516e-01
-3.519191592931747437e-02
4.057581424713134766e-01
4.576072692871093750e-01
-5.353009328246116638e-02
4.663122296333312988e-01
4.594884514808654785e-01
-6.218193098902702332e-02
5.145878791809082031e-01
4.570895731449127197e-01
-6.803548336029052734e-02
3.116637468338012695e-01
5.230340361595153809e-01
-4.892313480377197266e-02
4.075592756271362305e-01
5.434564352035522461e-01
-6.833688914775848389e-02
3.818095624446868896e-01
5.662816166877746582e-01
-6.293490529060363770e-02
3.482955396175384521e-01
5.632439255714416504e-01
-5.760174617171287537e-02
3.198591768741607666e-01
5.902812480926513672e-01
-5.993056669831275940e-02
4.026310145854949951e-01
6.042689681053161621e-01
-6.928231567144393921e-02
3.748070001602172852e-01
6.210466027259826660e-01
-4.863772168755531311e-02
3.425258398056030273e-01
6.175981163978576660e-01
-3.468227386474609375e-02
3.233885169029235840e-01
6.562684178352355957e-01
-7.100921124219894409e-02
3.903068900108337402e-01
6.554863452911376953e-01
-6.731326878070831299e-02
3.669193089008331299e-01
6.667944788932800293e-01
-4.623510316014289856e-02
3.383716940879821777e-01
6.644796729087829590e-01
-3.118969686329364777e-02
