3.464318513870239258e-01
8.274174928665161133e-01
1.613923039656128822e-08
3.671644032001495361e-01
7.241818308830261230e-01
7.330823224037885666e-03
4.310888648033142090e-01
6.626982092857360840e-01
4.033071454614400864e-03
4.921725094318389893e-01
6.522771120071411133e-01
-1.065076445229351521e-03
5.357493758201599121e-01
6.647041440010070801e-01
-6.239911541342735291e-03
4.634032249450683594e-01
6.174476742744445801e-01
-2.089304290711879730e-02
5.598498582839965820e-01
6.000995039939880371e-01
-2.857180312275886536e-02
6.132740378379821777e-01
5.931583642959594727e-01
-2.963812649250030518e-02
6.547920703887939453e-01
5.886743068695068359e-01
-3.078990802168846130e-02
4.847276210784912109e-01
6.767591834068298340e-01
-2.984506264328956604e-02
5.538490414619445801e-01
6.825281977653503418e-01
-3.607628494501113892e-02
5.311894416809082031e-01
6.941276788711547852e-01
-2.781534567475318909e-02
5.026875734329223633e-01
7.016117572784423828e-01
-2.187227644026279449e-02
4.984905421733856201e-01
7.415885925292968750e-01
-3.607554733753204346e-02
5.487813949584960938e-01
7.369936108589172363e-01
-3.453796356916427612e-02
5.273555517196655273e-01
7.453101873397827148e-01
-1.693790778517723083e-02
5.016893744468688965e-01
7.524171471595764160e-01
-6.824627518653869629e-03
5.054856538772583008e-01
7.984651327133178711e-01
-4.230493679642677307e-02
5.404051542282104492e-01
7.820145487785339355e-01
-3.097993507981300354e-02
5.212406516075134277e-01
7.887249588966369629e-01
-1.148663274943828583e-02
4.998656809329986572e-01
7.971442341804504395e-01
1.654479070566594601e-03
