1.019726991653442383e-01
8.036942481994628906e-01
1.807666762942972127e-07
1.284480094909667969e-01
7.112825512886047363e-01
4.015520215034484863e-03
1.890963315963745117e-01
6.518804430961608887e-01
-8.496642112731933594e-03
2.511375546455383301e-01
6.438325047492980957e-01
-2.322867512702941895e-02
2.928426265716552734e-01
6.582131385803222656e-01
-3.775206580758094788e-02
2.005796432495117188e-01
5.969555377960205078e-01
-3.638182207942008972e-02
2.999157011508941650e-01
5.867474675178527832e-01
-5.624870210886001587e-02
3.565488159656524658e-01
5.897995829582214355e-01
-6.644377112388610840e-02
4.016330838203430176e-01
5.911784768104553223e-01
-7.311507314443588257e-02
2.063329070806503296e-01
6.521820425987243652e-01
-5.022614076733589172e-02
3.039565682411193848e-01
6.682230234146118164e-01
-7.182418555021286011e-02
2.792131900787353516e-01
6.887735128402709961e-01
-6.709831953048706055e-02
2.454810291528701782e-01
6.878018379211425781e-01
-6.183695420622825623e-02
2.129801213741302490e-01
7.148337364196777344e-01
-6.191586330533027649e-02
2.985585033893585205e-01
7.234074473381042480e-01
-7.359051704406738281e-02
2.721629142761230469e-01
7.386916279792785645e-01
-5.456537008285522461e-02
2.411591708660125732e-01
7.368773818016052246e-01
-4.101448878645896912e-02
2.178400754928588867e-01
7.764087319374084473e-01
-7.377848774194717407e-02
2.905466258525848389e-01
7.738326191902160645e-01
-7.200202345848083496e-02
2.701390087604522705e-01
7.830595374107360840e-01
-5.266621336340904236e-02
2.416145354509353638e-01
7.808682918548583984e-01
-3.876739367842674255e-02
