1.063347458839416504e-01
6.835204958915710449e-01
2.384662991516961483e-07
1.350322663784027100e-01
5.789610147476196289e-01
2.852031495422124863e-03
2.010604590177536011e-01
5.114649534225463867e-01
-1.370161771774291992e-02
2.715865373611450195e-01
4.997695982456207275e-01
-3.255949169397354126e-02
3.211909234523773193e-01
5.107218027114868164e-01
-5.133241415023803711e-02
2.124810963869094849e-01
4.450219869613647461e-01
-4.645548388361930847e-02
3.254304826259613037e-01
4.405520856380462646e-01
-7.229859381914138794e-02
3.902021646499633789e-01
4.477652013301849365e-01
-8.699346333742141724e-02
4.417451918125152588e-01
4.517431259155273438e-01
-9.659305959939956665e-02
2.189657688140869141e-01
5.055218338966369629e-01
-6.240611523389816284e-02
3.283045589923858643e-01
5.317378044128417969e-01
-8.790505677461624146e-02
3.002448678016662598e-01
5.542508363723754883e-01
-8.358076214790344238e-02
2.632618248462677002e-01
5.487571954727172852e-01
-7.956830412149429321e-02
2.263889461755752563e-01
5.769731402397155762e-01
-7.607143372297286987e-02
3.232066631317138672e-01
5.931769609451293945e-01
-9.024027734994888306e-02
2.925037145614624023e-01
6.103162169456481934e-01
-6.897488981485366821e-02
2.583379447460174561e-01
6.042742729187011719e-01
-5.474139004945755005e-02
2.323097586631774902e-01
6.476498842239379883e-01
-9.012459218502044678e-02
3.145802319049835205e-01
6.494106650352478027e-01
-8.862056583166122437e-02
2.908473908901214600e-01
6.606163382530212402e-01
-6.654970347881317139e-02
2.593845725059509277e-01
6.557203531265258789e-01
-5.105442926287651062e-02
