3.440264463424682617e-01
6.871705055236816406e-01
7.760753817365184659e-08
3.734056651592254639e-01
5.802841782569885254e-01
1.239666435867547989e-02
4.415037035942077637e-01
5.186772942543029785e-01
8.728782646358013153e-03
5.052722096443176270e-01
5.157719850540161133e-01
1.522768638096749783e-03
5.519672632217407227e-01
5.427873730659484863e-01
-5.871733650565147400e-03
4.793603420257568359e-01
4.576913416385650635e-01
-1.765957102179527283e-02
5.850459933280944824e-01
4.494916796684265137e-01
-2.628237009048461914e-02
6.414495110511779785e-01
4.522747099399566650e-01
-2.814382314682006836e-02
6.845359802246093750e-01
4.525049924850463867e-01
-3.012656420469284058e-02
5.003939270973205566e-01
5.171788334846496582e-01
-3.051400743424892426e-02
5.855102539062500000e-01
5.418940782546997070e-01
-3.686674684286117554e-02
5.622141957283020020e-01
5.669461488723754883e-01
-2.904312871396541595e-02
5.305353999137878418e-01
5.700622797012329102e-01
-2.366878092288970947e-02
5.135059356689453125e-01
5.880379080772399902e-01
-4.032489284873008728e-02
5.740307569503784180e-01
6.097635030746459961e-01
-3.954497352242469788e-02
5.501893758773803711e-01
6.283859610557556152e-01
-2.269966341555118561e-02
5.199875831604003906e-01
6.289569735527038574e-01
-1.305510569363832474e-02
5.184431672096252441e-01
6.541689634323120117e-01
-4.971943050622940063e-02
5.637010931968688965e-01
6.630581617355346680e-01
-3.817922621965408325e-02
5.441035628318786621e-01
6.779356598854064941e-01
-1.883229054510593414e-02
5.183589458465576172e-01
6.790367364883422852e-01
-5.823724903166294098e-03
