3.314674496650695801e-01
7.718743085861206055e-01
1.353562453232370899e-07
3.570592701435089111e-01
6.718177795410156250e-01
7.656313478946685791e-03
4.170800745487213135e-01
6.116815805435180664e-01
3.314664587378501892e-03
4.760870039463043213e-01
5.962596535682678223e-01
-2.411812776699662209e-03
5.195991992950439453e-01
6.068407297134399414e-01
-6.954092998057603836e-03
4.441134929656982422e-01
5.723344683647155762e-01
-1.895813643932342529e-02
5.346341133117675781e-01
5.572499036788940430e-01
-2.615822292864322662e-02
5.835812091827392578e-01
5.504844784736633301e-01
-2.664885856211185455e-02
6.207321882247924805e-01
5.451604127883911133e-01
-2.699927426874637604e-02
4.608000218868255615e-01
6.273342967033386230e-01
-2.749101631343364716e-02
5.407460927963256836e-01
6.392788290977478027e-01
-3.538862243294715881e-02
5.296626091003417969e-01
6.571557521820068359e-01
-2.962235361337661743e-02
5.072527527809143066e-01
6.638831496238708496e-01
-2.408895082771778107e-02
4.723559617996215820e-01
6.896467804908752441e-01
-3.311195597052574158e-02
5.367541909217834473e-01
6.968014240264892578e-01
-3.508507832884788513e-02
5.288788080215454102e-01
7.106351256370544434e-01
-2.075787819921970367e-02
5.094227790832519531e-01
7.156478166580200195e-01
-1.036387868225574493e-02
4.778350889682769775e-01
7.467599511146545410e-01
-3.821336105465888977e-02
5.380501151084899902e-01
7.465866804122924805e-01
-3.328311443328857422e-02
5.595976710319519043e-01
7.475572824478149414e-01
-2.090359851717948914e-02
5.698230266571044922e-01
7.423567175865173340e-01
-1.089830417186021805e-02
