1.296736747026443481e-01
6.818112730979919434e-01
6.237669225583886146e-08
1.714054793119430542e-01
5.804356336593627930e-01
8.921093307435512543e-03
2.481811791658401489e-01
5.250733494758605957e-01
-1.020354102365672588e-03
3.162688612937927246e-01
5.235404372215270996e-01
-1.390019059181213379e-02
3.627508878707885742e-01
5.379597544670104980e-01
-2.678887546062469482e-02
2.714625000953674316e-01
4.736600220203399658e-01
-3.599274158477783203e-02
3.811534345149993896e-01
4.630361795425415039e-01
-5.502635240554809570e-02
4.433665275573730469e-01
4.629356861114501953e-01
-6.356699764728546143e-02
4.923522472381591797e-01
4.579004645347595215e-01
-6.916503608226776123e-02
2.775524258613586426e-01
5.356863737106323242e-01
-5.142523720860481262e-02
3.741518259048461914e-01
5.665246248245239258e-01
-7.151450216770172119e-02
3.457700312137603760e-01
5.884755253791809082e-01
-6.634672731161117554e-02
3.100237846374511719e-01
5.823891162872314453e-01
-6.129267066717147827e-02
2.827449440956115723e-01
6.072171330451965332e-01
-6.346520036458969116e-02
3.703783154487609863e-01
6.254906058311462402e-01
-7.225726544857025146e-02
3.416337370872497559e-01
6.402128338813781738e-01
-5.014313012361526489e-02
3.078811764717102051e-01
6.346725225448608398e-01
-3.548790141940116882e-02
2.842000722885131836e-01
6.749572157859802246e-01
-7.530553638935089111e-02
3.576070666313171387e-01
6.766852140426635742e-01
-7.024017721414566040e-02
3.345676064491271973e-01
6.861056089401245117e-01
-4.700570926070213318e-02
3.055953681468963623e-01
6.830620765686035156e-01
-3.048833459615707397e-02
