6.784668564796447754e-01
7.195715904235839844e-01
-7.902129084413900273e-08
6.541209816932678223e-01
6.301173567771911621e-01
9.464021772146224976e-03
6.110150218009948730e-01
5.937200188636779785e-01
8.519949391484260559e-03
5.655622482299804688e-01
5.974144339561462402e-01
6.266810465604066849e-03
5.360953211784362793e-01
6.228140592575073242e-01
1.874323119409382343e-03
5.613746643066406250e-01
5.729857683181762695e-01
-2.027784474194049835e-02
4.795893132686614990e-01
5.568017959594726562e-01
-2.609569765627384186e-02
4.303830265998840332e-01
5.516644716262817383e-01
-2.896295487880706787e-02
3.927691578865051270e-01
5.511930584907531738e-01
-3.205128014087677002e-02
5.405856966972351074e-01
6.193023920059204102e-01
-2.631498873233795166e-02
5.042500495910644531e-01
6.290890574455261230e-01
-2.412381768226623535e-02
5.206323266029357910e-01
6.397080421447753906e-01
-1.651283167302608490e-02
5.423566699028015137e-01
6.416602134704589844e-01
-1.386391185224056244e-02
5.357413887977600098e-01
6.717163920402526855e-01
-2.917055040597915649e-02
5.207656025886535645e-01
6.803594231605529785e-01
-1.799149625003337860e-02
5.354586839675903320e-01
6.856318712234497070e-01
-5.358772817999124527e-03
5.537577867507934570e-01
6.878874897956848145e-01
-2.662423299625515938e-03
5.379909873008728027e-01
7.244828939437866211e-01
-3.222946450114250183e-02
5.303093791007995605e-01
7.249662876129150391e-01
-2.182613313198089600e-02
5.460163354873657227e-01
7.297399044036865234e-01
-1.039956603199243546e-02
5.613437891006469727e-01
7.341179847717285156e-01
-3.626183373853564262e-03
