7.137144207954406738e-01
8.447601795196533203e-01
1.126257913597328297e-07
6.858448982238769531e-01
7.502403855323791504e-01
4.498071502894163132e-03
6.353899836540222168e-01
7.082334756851196289e-01
3.772530471906065941e-03
5.879710316658020020e-01
7.222024202346801758e-01
2.468113554641604424e-03
5.580329895019531250e-01
7.553294897079467773e-01
8.303084177896380424e-04
5.856772065162658691e-01
6.873384118080139160e-01
-1.338462252169847488e-02
5.006573200225830078e-01
6.764055490493774414e-01
-1.623103208839893341e-02
4.531186819076538086e-01
6.766930222511291504e-01
-1.419286709278821945e-02
4.160456061363220215e-01
6.769730448722839355e-01
-1.233169902116060257e-02
5.654700398445129395e-01
7.400387525558471680e-01
-1.700106635689735413e-02
5.089538097381591797e-01
7.447003126144409180e-01
-1.538523100316524506e-02
5.090408325195312500e-01
7.482276558876037598e-01
-9.511791169643402100e-03
5.199892520904541016e-01
7.452447414398193359e-01
-5.481757223606109619e-03
5.595160126686096191e-01
7.928980588912963867e-01
-1.848577708005905151e-02
5.479659438133239746e-01
7.955763936042785645e-01
-1.364034041762351990e-02
5.674535036087036133e-01
7.956096529960632324e-01
-8.293443359434604645e-03
5.872309803962707520e-01
7.962977886199951172e-01
-6.011044140905141830e-03
5.584355592727661133e-01
8.420393466949462891e-01
-2.009407617151737213e-02
5.606929063796997070e-01
8.297983407974243164e-01
-1.152271125465631485e-02
5.806410312652587891e-01
8.312032222747802734e-01
-3.468873212113976479e-03
5.972168445587158203e-01
8.347507715225219727e-01
2.476694993674755096e-03
