7.326526641845703125e-01
6.662940382957458496e-01
-6.009786090999114094e-08
6.924336552619934082e-01
5.723790526390075684e-01
1.238956861197948456e-02
6.337646245956420898e-01
5.420600175857543945e-01
1.158491615206003189e-02
5.932385921478271484e-01
5.560542941093444824e-01
7.488229777663946152e-03
5.706863403320312500e-01
5.932047963142395020e-01
1.244954415597021580e-03
5.966265797615051270e-01
5.029644370079040527e-01
-1.021895743906497955e-02
5.099555850028991699e-01
4.883247017860412598e-01
-1.665317080914974213e-02
4.597310423851013184e-01
4.827158749103546143e-01
-1.864042319357395172e-02
4.206509888172149658e-01
4.794001579284667969e-01
-2.096057310700416565e-02
5.794637203216552734e-01
5.504151582717895508e-01
-1.948616094887256622e-02
5.428260564804077148e-01
5.739578008651733398e-01
-2.437573485076427460e-02
5.663077831268310547e-01
5.901001095771789551e-01
-1.851687766611576080e-02
5.920920968055725098e-01
5.874105691909790039e-01
-1.448231749236583710e-02
5.741143226623535156e-01
6.072103381156921387e-01
-2.629206888377666473e-02
5.623962283134460449e-01
6.313508152961730957e-01
-2.294804342091083527e-02
5.823518037796020508e-01
6.412039995193481445e-01
-1.369311474263668060e-02
6.022447943687438965e-01
6.382223963737487793e-01
-1.044245995581150055e-02
5.717753767967224121e-01
6.639581918716430664e-01
-3.308450058102607727e-02
5.730006098747253418e-01
6.735107898712158203e-01
-2.747829817235469818e-02
5.957963466644287109e-01
6.807629466056823730e-01
-1.926081627607345581e-02
6.142464876174926758e-01
6.791673302650451660e-01
-1.343359425663948059e-02
