6.675915718078613281e-01
8.409702777862548828e-01
-6.019945999469200615e-07
5.835730433464050293e-01
7.241192460060119629e-01
1.670366153120994568e-02
5.163787603378295898e-01
6.151987910270690918e-01
-9.713235311210155487e-03
4.498532414436340332e-01
5.596126317977905273e-01
-4.176520556211471558e-02
4.056139290332794189e-01
5.321294665336608887e-01
-7.445818185806274414e-02
6.064839959144592285e-01
4.467178285121917725e-01
-4.539300873875617981e-02
4.577677249908447266e-01
4.135540127754211426e-01
-8.720061182975769043e-02
3.821953535079956055e-01
3.913596272468566895e-01
-1.141320988535881042e-01
3.260044753551483154e-01
3.616687953472137451e-01
-1.355441063642501831e-01
6.169450283050537109e-01
5.033942461013793945e-01
-8.185106515884399414e-02
4.351927340030670166e-01
4.955883324146270752e-01
-1.205378845334053040e-01
4.543811678886413574e-01
5.612126588821411133e-01
-1.183928251266479492e-01
4.986160695552825928e-01
5.789113640785217285e-01
-1.199799254536628723e-01
6.115309000015258789e-01
5.799572467803955078e-01
-1.166431382298469543e-01
4.379417598247528076e-01
5.677971243858337402e-01
-1.469087749719619751e-01
4.629816710948944092e-01
6.307949423789978027e-01
-1.173100024461746216e-01
5.082235336303710938e-01
6.436268091201782227e-01
-1.005986109375953674e-01
5.969700813293457031e-01
6.657978892326354980e-01
-1.512015759944915771e-01
4.689781069755554199e-01
6.430208086967468262e-01
-1.752438098192214966e-01
4.811827242374420166e-01
6.859099268913269043e-01
-1.564782261848449707e-01
5.157701969146728516e-01
7.027838230133056641e-01
-1.428460925817489624e-01
