7.692286372184753418e-01
8.500587940216064453e-01
-5.116155534778954461e-07
6.740635633468627930e-01
7.239574193954467773e-01
-5.929679609835147858e-03
6.194763183593750000e-01
6.252946853637695312e-01
-3.937564417719841003e-02
5.752067565917968750e-01
5.651274919509887695e-01
-7.805106788873672485e-02
5.615067481994628906e-01
5.395856499671936035e-01
-1.149807348847389221e-01
7.323008775711059570e-01
4.585599899291992188e-01
-3.051039949059486389e-02
6.240906715393066406e-01
3.973371982574462891e-01
-8.198594301939010620e-02
5.556691884994506836e-01
3.560333847999572754e-01
-1.190818995237350464e-01
5.007987618446350098e-01
3.242138922214508057e-01
-1.454228460788726807e-01
7.576507925987243652e-01
5.017121434211730957e-01
-5.687988549470901489e-02
5.975744128227233887e-01
4.992315769195556641e-01
-1.067395433783531189e-01
6.091920137405395508e-01
5.786073207855224609e-01
-1.130741462111473083e-01
6.479231715202331543e-01
6.000694036483764648e-01
-1.149218603968620300e-01
7.644770145416259766e-01
5.668156743049621582e-01
-8.718626946210861206e-02
6.035540699958801270e-01
5.771022439002990723e-01
-1.266517341136932373e-01
6.209360361099243164e-01
6.420999169349670410e-01
-1.015240848064422607e-01
6.612246632575988770e-01
6.517976522445678711e-01
-8.244420588016510010e-02
7.546889781951904297e-01
6.459991335868835449e-01
-1.205893307924270630e-01
6.328237652778625488e-01
6.417182683944702148e-01
-1.442116647958755493e-01
6.384292244911193848e-01
6.858434677124023438e-01
-1.257841140031814575e-01
6.691395640373229980e-01
6.978270411491394043e-01
-1.101435273885726929e-01
