6.805240511894226074e-01
8.358986377716064453e-01
-6.469016966548224445e-07
5.834894776344299316e-01
7.340656518936157227e-01
-5.313728936016559601e-03
5.176237821578979492e-01
6.377492547035217285e-01
-3.172560036182403564e-02
4.580875039100646973e-01
5.768823623657226562e-01
-6.183167174458503723e-02
4.282025694847106934e-01
5.356939435005187988e-01
-8.945488929748535156e-02
6.073672771453857422e-01
4.482593834400177002e-01
-3.280933573842048645e-02
5.050899982452392578e-01
3.744164705276489258e-01
-7.867946475744247437e-02
4.344481229782104492e-01
3.354806900024414062e-01
-1.076086238026618958e-01
3.802231550216674805e-01
3.071964383125305176e-01
-1.276658475399017334e-01
6.312068104743957520e-01
4.920818805694580078e-01
-5.677143484354019165e-02
4.662605226039886475e-01
5.177493691444396973e-01
-1.040320321917533875e-01
4.764257371425628662e-01
5.934230089187622070e-01
-1.077345013618469238e-01
5.159683227539062500e-01
6.069456934928894043e-01
-1.077308654785156250e-01
6.353437304496765137e-01
5.601542592048645020e-01
-8.394637703895568848e-02
4.738975763320922852e-01
5.987008810043334961e-01
-1.255367696285247803e-01
4.956906437873840332e-01
6.614060997962951660e-01
-1.043756231665611267e-01
5.377207398414611816e-01
6.613818407058715820e-01
-8.658647537231445312e-02
6.263768672943115234e-01
6.423398852348327637e-01
-1.133786961436271667e-01
4.999241232872009277e-01
6.565614938735961914e-01
-1.409317404031753540e-01
5.095692276954650879e-01
6.991961002349853516e-01
-1.261900514364242554e-01
5.429913997650146484e-01
7.057648897171020508e-01
-1.116472184658050537e-01
