6.701921820640563965e-01
8.146302700042724609e-01
-6.333409032777126413e-07
5.635403394699096680e-01
7.121821045875549316e-01
1.744157518260180950e-03
5.022535324096679688e-01
6.164311766624450684e-01
-2.490518242120742798e-02
4.489145576953887939e-01
5.510175824165344238e-01
-5.628824979066848755e-02
4.239271283149719238e-01
5.006569623947143555e-01
-8.608841150999069214e-02
6.000356078147888184e-01
4.253834486007690430e-01
-2.694306336343288422e-02
4.740888178348541260e-01
3.846524655818939209e-01
-6.652407348155975342e-02
4.027894437313079834e-01
3.638416528701782227e-01
-9.234252572059631348e-02
3.491885960102081299e-01
3.462773263454437256e-01
-1.116225644946098328e-01
6.215441226959228516e-01
4.621260166168212891e-01
-5.425454676151275635e-02
4.553173184394836426e-01
4.702370762825012207e-01
-9.659805893898010254e-02
4.690400660037994385e-01
5.439748764038085938e-01
-1.014599204063415527e-01
5.072321891784667969e-01
5.679396986961364746e-01
-1.035014465451240540e-01
6.254791617393493652e-01
5.249735116958618164e-01
-8.308654278516769409e-02
4.625271260738372803e-01
5.504031777381896973e-01
-1.173013597726821899e-01
4.840021729469299316e-01
6.157089471817016602e-01
-9.479665011167526245e-02
5.234581828117370605e-01
6.247463822364807129e-01
-7.908049970865249634e-02
6.156504750251770020e-01
6.052051782608032227e-01
-1.135206818580627441e-01
4.903362691402435303e-01
6.209475994110107422e-01
-1.374660134315490723e-01
5.015558004379272461e-01
6.667172312736511230e-01
-1.225909888744354248e-01
5.336630344390869141e-01
6.752506494522094727e-01
-1.095414757728576660e-01
