7.244607210159301758e-01
8.565777540206909180e-01
-4.985666919310460798e-07
6.401828527450561523e-01
7.392006516456604004e-01
5.499385297298431396e-03
5.948590040206909180e-01
6.519166231155395508e-01
-2.440827339887619019e-02
5.549793243408203125e-01
5.964109897613525391e-01
-5.973628908395767212e-02
5.385971665382385254e-01
5.737448930740356445e-01
-9.437198191881179810e-02
6.991737484931945801e-01
5.101963281631469727e-01
-3.375556692481040955e-02
5.955148935317993164e-01
4.603686928749084473e-01
-7.893782854080200195e-02
5.289551019668579102e-01
4.348913431167602539e-01
-1.105969995260238647e-01
4.756432771682739258e-01
4.179274439811706543e-01
-1.331534534692764282e-01
7.167521715164184570e-01
5.543989539146423340e-01
-6.269879639148712158e-02
5.712500214576721191e-01
5.453178882598876953e-01
-1.011629924178123474e-01
5.817694664001464844e-01
6.150802373886108398e-01
-1.015753000974655151e-01
6.171634197235107422e-01
6.340794563293457031e-01
-1.029666811227798462e-01
7.158972620964050293e-01
6.155237555503845215e-01
-9.339825063943862915e-02
5.726770758628845215e-01
6.191515326499938965e-01
-1.216253936290740967e-01
5.880267620086669922e-01
6.766791343688964844e-01
-9.479135274887084961e-02
6.239430904388427734e-01
6.853424310684204102e-01
-7.885171473026275635e-02
7.012826800346374512e-01
6.858845353126525879e-01
-1.257638037204742432e-01
5.916894674301147461e-01
6.787416338920593262e-01
-1.424250751733779907e-01
5.968903899192810059e-01
7.180793881416320801e-01
-1.231495514512062073e-01
6.241553425788879395e-01
7.285144925117492676e-01
-1.097187921404838562e-01
