8.110411167144775391e-01
9.824976325035095215e-01
-7.410843068100803066e-07
6.970846652984619141e-01
8.554423451423645020e-01
-4.519757349044084549e-03
6.288535594940185547e-01
7.437263131141662598e-01
-3.584644198417663574e-02
5.784218907356262207e-01
6.726740002632141113e-01
-7.255597412586212158e-02
5.610756874084472656e-01
6.382922530174255371e-01
-1.061511412262916565e-01
7.535154223442077637e-01
5.352822542190551758e-01
-1.936823315918445587e-02
6.177397370338439941e-01
4.936730265617370605e-01
-6.739483028650283813e-02
5.323712229728698730e-01
4.771512746810913086e-01
-1.022873595356941223e-01
4.680084288120269775e-01
4.719090461730957031e-01
-1.263437718152999878e-01
7.871112227439880371e-01
5.764695405960083008e-01
-4.677002504467964172e-02
6.040108203887939453e-01
5.957971811294555664e-01
-9.363655745983123779e-02
6.171060800552368164e-01
6.867752671241760254e-01
-1.009205728769302368e-01
6.612057685852050781e-01
7.129016518592834473e-01
-1.037297248840332031e-01
7.997516989707946777e-01
6.461496353149414062e-01
-7.838670164346694946e-02
6.166446805000305176e-01
6.748601794242858887e-01
-1.182390823960304260e-01
6.351656913757324219e-01
7.538087964057922363e-01
-9.490744769573211670e-02
6.784712076187133789e-01
7.660027146339416504e-01
-7.701765745878219604e-02
7.955299615859985352e-01
7.358083724975585938e-01
-1.127149686217308044e-01
6.533488035202026367e-01
7.433831691741943359e-01
-1.373832076787948608e-01
6.578051447868347168e-01
7.986742258071899414e-01
-1.189905032515525818e-01
6.897259950637817383e-01
8.155090212821960449e-01
-1.027225032448768616e-01
