6.728025078773498535e-01
9.396374225616455078e-01
-7.564958650618791580e-07
5.471848845481872559e-01
8.251816034317016602e-01
3.972462844103574753e-03
4.814951121807098389e-01
7.124474048614501953e-01
-2.227214910089969635e-02
4.274761080741882324e-01
6.378692984580993652e-01
-5.424407124519348145e-02
3.913257718086242676e-01
5.881543159484863281e-01
-8.395636081695556641e-02
5.963045954704284668e-01
5.002920031547546387e-01
-1.895023137331008911e-02
4.579128623008728027e-01
4.573334753513336182e-01
-6.338770687580108643e-02
3.730934262275695801e-01
4.402598738670349121e-01
-9.484373778104782104e-02
3.096400499343872070e-01
4.293206930160522461e-01
-1.165830865502357483e-01
6.188260316848754883e-01
5.444828271865844727e-01
-4.924029111862182617e-02
4.284608662128448486e-01
5.540496110916137695e-01
-9.362381696701049805e-02
4.407218694686889648e-01
6.396892070770263672e-01
-9.824254363775253296e-02
4.840376973152160645e-01
6.673535108566284180e-01
-9.970025718212127686e-02
6.214978098869323730e-01
6.151428222656250000e-01
-8.223967999219894409e-02
4.367095828056335449e-01
6.404851675033569336e-01
-1.182102039456367493e-01
4.568920433521270752e-01
7.152578234672546387e-01
-9.271229803562164307e-02
5.007539987564086914e-01
7.276583909988403320e-01
-7.424934953451156616e-02
6.094067096710205078e-01
7.024472355842590332e-01
-1.172869428992271423e-01
4.672878980636596680e-01
7.082547545433044434e-01
-1.398216187953948975e-01
4.719212651252746582e-01
7.640168666839599609e-01
-1.208938583731651306e-01
5.028746128082275391e-01
7.818434238433837891e-01
-1.046495288610458374e-01
