3.030769228935241699e-01
7.202990651130676270e-01
2.341446361242560670e-07
3.582924902439117432e-01
6.214677095413208008e-01
-6.404246203601360321e-03
3.880968689918518066e-01
5.335651040077209473e-01
-2.512156404554843903e-02
4.038411378860473633e-01
4.772313237190246582e-01
-4.901157319545745850e-02
3.912629485130310059e-01
4.757434427738189697e-01
-7.222928851842880249e-02
2.688269317150115967e-01
4.258590638637542725e-01
-1.285920012742280960e-02
3.626596927642822266e-01
3.869783878326416016e-01
-5.145795270800590515e-02
4.195523560047149658e-01
3.679383993148803711e-01
-8.297825604677200317e-02
4.656780362129211426e-01
3.435689806938171387e-01
-1.043999195098876953e-01
2.382447868585586548e-01
4.633006155490875244e-01
-3.182421624660491943e-02
3.579222857952117920e-01
4.384453296661376953e-01
-7.111699134111404419e-02
3.669475317001342773e-01
5.091363191604614258e-01
-8.503700047731399536e-02
3.439942896366119385e-01
5.369567275047302246e-01
-9.047565609216690063e-02
2.282882928848266602e-01
5.191571712493896484e-01
-5.299763008952140808e-02
3.409964442253112793e-01
4.893385767936706543e-01
-8.829418569803237915e-02
3.502412438392639160e-01
5.506567955017089844e-01
-8.022231608629226685e-02
3.292770087718963623e-01
5.744202733039855957e-01
-6.891530007123947144e-02
2.305560410022735596e-01
5.810552835464477539e-01
-7.599997520446777344e-02
3.189735412597656250e-01
5.381742119789123535e-01
-9.494403004646301270e-02
3.305578529834747314e-01
5.730105042457580566e-01
-8.166181296110153198e-02
3.137622177600860596e-01
5.948144197463989258e-01
-6.779404729604721069e-02
