7.152915000915527344e-01
8.755024671554565430e-01
-7.353967248491244391e-07
5.977320075035095215e-01
7.456882596015930176e-01
1.125804428011178970e-02
5.361163616180419922e-01
6.378046870231628418e-01
-1.712447591125965118e-02
4.857312738895416260e-01
5.674350261688232422e-01
-5.317552387714385986e-02
4.624809622764587402e-01
5.059191584587097168e-01
-8.705990016460418701e-02
6.624233722686767578e-01
4.371402561664581299e-01
-1.947792060673236847e-02
5.257043242454528809e-01
3.867260813713073730e-01
-6.460279971361160278e-02
4.428637027740478516e-01
3.674117326736450195e-01
-9.658733755350112915e-02
3.760767579078674316e-01
3.529642820358276367e-01
-1.198051124811172485e-01
6.879654526710510254e-01
4.756250381469726562e-01
-5.547476187348365784e-02
5.037481188774108887e-01
4.662920832633972168e-01
-9.823249280452728271e-02
5.165910720825195312e-01
5.566253066062927246e-01
-1.014595925807952881e-01
5.601381659507751465e-01
5.881621837615966797e-01
-1.032813414931297302e-01
6.923388242721557617e-01
5.410150289535522461e-01
-9.339527040719985962e-02
5.082364678382873535e-01
5.468983054161071777e-01
-1.253040283918380737e-01
5.262628793716430664e-01
6.286723017692565918e-01
-9.449214488267898560e-02
5.701566338539123535e-01
6.454688310623168945e-01
-7.515203952789306641e-02
6.796866655349731445e-01
6.252251267433166504e-01
-1.330720186233520508e-01
5.386822223663330078e-01
6.257246136665344238e-01
-1.535696685314178467e-01
5.457105636596679688e-01
6.813077926635742188e-01
-1.316195130348205566e-01
5.798078775405883789e-01
6.979159116744995117e-01
-1.146205812692642212e-01
