6.507801413536071777e-01
7.966165542602539062e-01
-5.999513064125494566e-07
5.566902160644531250e-01
6.987447142601013184e-01
3.787589259445667267e-03
5.092166066169738770e-01
6.104606986045837402e-01
-1.909666694700717926e-02
4.699639976024627686e-01
5.495238304138183594e-01
-4.653536155819892883e-02
4.517274200916290283e-01
4.957986474037170410e-01
-7.189501821994781494e-02
6.128885149955749512e-01
4.468824863433837891e-01
-2.057026699185371399e-02
5.024371147155761719e-01
4.082407653331756592e-01
-5.911711230874061584e-02
4.360857605934143066e-01
3.894381821155548096e-01
-8.858694136142730713e-02
3.821113109588623047e-01
3.707042932510375977e-01
-1.105366125702857971e-01
6.310642957687377930e-01
4.744415581226348877e-01
-4.597703740000724792e-02
4.811658859252929688e-01
4.685599207878112793e-01
-8.168427646160125732e-02
4.910308122634887695e-01
5.420937538146972656e-01
-8.567108213901519775e-02
5.256107449531555176e-01
5.689876675605773926e-01
-8.835711330175399780e-02
6.326831579208374023e-01
5.255762934684753418e-01
-7.329940795898437500e-02
4.851931035518646240e-01
5.285271406173706055e-01
-9.932577610015869141e-02
4.986533522605895996e-01
5.948861241340637207e-01
-7.523895800113677979e-02
5.334917306900024414e-01
6.108773350715637207e-01
-6.011344119906425476e-02
6.204304695129394531e-01
5.924817323684692383e-01
-1.026804447174072266e-01
5.102068185806274414e-01
5.916908979415893555e-01
-1.204517558217048645e-01
5.138986110687255859e-01
6.360958218574523926e-01
-1.049127727746963501e-01
5.395889878273010254e-01
6.507607102394104004e-01
-9.248884767293930054e-02
