6.037983894348144531e-01
8.252738714218139648e-01
-6.677969963675423060e-07
4.933086037635803223e-01
7.435252666473388672e-01
3.677534405142068863e-03
4.364699721336364746e-01
6.519472599029541016e-01
-1.909017190337181091e-02
3.853390812873840332e-01
5.876283645629882812e-01
-4.644370079040527344e-02
3.544323146343231201e-01
5.492833256721496582e-01
-7.301042228937149048e-02
5.383923649787902832e-01
4.687098860740661621e-01
-2.222847379744052887e-02
4.144691228866577148e-01
4.322309494018554688e-01
-6.060756370425224304e-02
3.402746617794036865e-01
4.208524823188781738e-01
-8.941501379013061523e-02
2.866208255290985107e-01
4.128656387329101562e-01
-1.100610420107841492e-01
5.485323071479797363e-01
5.044135451316833496e-01
-4.620361700654029846e-02
3.872887492179870605e-01
5.109857916831970215e-01
-8.245529979467391968e-02
3.975334763526916504e-01
5.815594196319580078e-01
-8.594449609518051147e-02
4.347122311592102051e-01
6.048720479011535645e-01
-8.844700455665588379e-02
5.438706874847412109e-01
5.616536140441894531e-01
-7.160996645689010620e-02
3.888708651065826416e-01
5.775650739669799805e-01
-1.009920686483383179e-01
4.063822925090789795e-01
6.445259451866149902e-01
-7.895769178867340088e-02
4.440171420574188232e-01
6.623108386993408203e-01
-6.429491937160491943e-02
5.296434164047241211e-01
6.343443393707275391e-01
-9.864474833011627197e-02
4.131302237510681152e-01
6.437518000602722168e-01
-1.200320124626159668e-01
4.206700325012207031e-01
6.941508054733276367e-01
-1.061544716358184814e-01
4.500963091850280762e-01
7.125960588455200195e-01
-9.429652243852615356e-02
