7.219276428222656250e-01
8.340349197387695312e-01
-6.382344963640207425e-07
6.273615956306457520e-01
7.143055200576782227e-01
6.493734661489725113e-03
5.762673020362854004e-01
6.145077347755432129e-01
-1.995135657489299774e-02
5.355373620986938477e-01
5.477873682975769043e-01
-5.242872983217239380e-02
5.266177654266357422e-01
5.064238309860229492e-01
-8.330968767404556274e-02
6.961084008216857910e-01
4.570153951644897461e-01
-2.113773860037326813e-02
5.829823613166809082e-01
4.040718376636505127e-01
-6.143273785710334778e-02
5.129624009132385254e-01
3.853868246078491211e-01
-9.020359814167022705e-02
4.600702524185180664e-01
3.749639987945556641e-01
-1.105280369520187378e-01
7.174159884452819824e-01
4.927814900875091553e-01
-5.034127831459045410e-02
5.635482668876647949e-01
4.775409996509552002e-01
-8.828525990247726440e-02
5.683994293212890625e-01
5.563964247703552246e-01
-9.105289727449417114e-02
6.032692193984985352e-01
5.865283608436584473e-01
-9.248645603656768799e-02
7.192957401275634766e-01
5.489066243171691895e-01
-8.146060258150100708e-02
5.674245357513427734e-01
5.450067520141601562e-01
-1.098085865378379822e-01
5.774008631706237793e-01
6.142681241035461426e-01
-8.374626934528350830e-02
6.126826405525207520e-01
6.319373250007629395e-01
-6.700726598501205444e-02
7.053574323654174805e-01
6.180092096328735352e-01
-1.143742352724075317e-01
5.907543301582336426e-01
6.058163046836853027e-01
-1.314976364374160767e-01
5.892191529273986816e-01
6.541883349418640137e-01
-1.125534847378730774e-01
6.120885610580444336e-01
6.732141971588134766e-01
-9.795533865690231323e-02
