3.012269437313079834e-01
8.748016953468322754e-01
3.658643947801465401e-07
3.815556168556213379e-01
7.620435357093811035e-01
5.559169221669435501e-03
4.403330087661743164e-01
6.656612157821655273e-01
-2.009933255612850189e-02
4.982487559318542480e-01
6.213559508323669434e-01
-5.357298627495765686e-02
5.428115129470825195e-01
6.202504038810729980e-01
-8.730895817279815674e-02
3.592150211334228516e-01
5.134657025337219238e-01
-4.186238348484039307e-02
4.819062352180480957e-01
4.665408432483673096e-01
-8.415374159812927246e-02
5.529749393463134766e-01
4.431074261665344238e-01
-1.148808375000953674e-01
6.107305288314819336e-01
4.212886393070220947e-01
-1.377931535243988037e-01
3.392979502677917480e-01
5.715068578720092773e-01
-7.170592993497848511e-02
4.919312000274658203e-01
5.508626699447631836e-01
-1.167638003826141357e-01
4.842773079872131348e-01
6.129131913185119629e-01
-1.235611513257026672e-01
4.517726302146911621e-01
6.329079270362854004e-01
-1.279680430889129639e-01
3.363595902919769287e-01
6.526018977165222168e-01
-1.008008643984794617e-01
4.816033840179443359e-01
6.242184042930603027e-01
-1.390995383262634277e-01
4.676338434219360352e-01
6.759892702102661133e-01
-1.216441690921783447e-01
4.334064722061157227e-01
6.934793591499328613e-01
-1.073608770966529846e-01
3.459071218967437744e-01
7.370061874389648438e-01
-1.302693635225296021e-01
4.668862521648406982e-01
6.957687139511108398e-01
-1.474938988685607910e-01
4.644022881984710693e-01
7.214642167091369629e-01
-1.282978355884552002e-01
4.358496665954589844e-01
7.329316139221191406e-01
-1.142633184790611267e-01
