2.800852358341217041e-01
8.537415862083435059e-01
2.704290693600341910e-07
3.661746084690093994e-01
7.373939752578735352e-01
1.702624745666980743e-02
4.034729003906250000e-01
6.532421112060546875e-01
-3.709897864609956741e-03
4.413162171840667725e-01
6.041975021362304688e-01
-3.537486121058464050e-02
4.668540060520172119e-01
5.834823846817016602e-01
-6.782981008291244507e-02
2.980634868144989014e-01
5.196822285652160645e-01
-2.992933243513107300e-02
4.101696312427520752e-01
4.623511433601379395e-01
-7.402750104665756226e-02
4.746268689632415771e-01
4.401259720325469971e-01
-1.079320982098579407e-01
5.258033275604248047e-01
4.224687218666076660e-01
-1.322496384382247925e-01
2.795909047126770020e-01
5.715068578720092773e-01
-6.605782359838485718e-02
4.118631184101104736e-01
5.307631492614746094e-01
-1.106088310480117798e-01
4.134124219417572021e-01
5.972183942794799805e-01
-1.190297976136207581e-01
3.887582123279571533e-01
6.265251636505126953e-01
-1.240726187825202942e-01
2.819802463054656982e-01
6.416537165641784668e-01
-1.014848873019218445e-01
4.074055254459381104e-01
5.907747745513916016e-01
-1.361399143934249878e-01
4.062026441097259521e-01
6.506578922271728516e-01
-1.170018017292022705e-01
3.774188756942749023e-01
6.800172924995422363e-01
-1.026105135679244995e-01
2.971078157424926758e-01
7.092869281768798828e-01
-1.372631192207336426e-01
3.981568813323974609e-01
6.576600074768066406e-01
-1.541188359260559082e-01
3.988496363162994385e-01
6.905968189239501953e-01
-1.346014738082885742e-01
3.711012601852416992e-01
7.109284996986389160e-01
-1.202878803014755249e-01
