2.268054932355880737e-01
8.385517597198486328e-01
2.908365388520905981e-07
2.942911982536315918e-01
7.131388783454895020e-01
-8.811237057670950890e-04
3.301561474800109863e-01
6.237033009529113770e-01
-2.521575801074504852e-02
3.585951030254364014e-01
5.608021020889282227e-01
-5.785546824336051941e-02
3.479592502117156982e-01
5.490412712097167969e-01
-9.081742912530899048e-02
2.003072798252105713e-01
5.053926706314086914e-01
-1.752883568406105042e-02
2.969371676445007324e-01
4.392460584640502930e-01
-5.564450845122337341e-02
3.553834557533264160e-01
4.066236019134521484e-01
-8.383786678314208984e-02
4.007674157619476318e-01
3.795426487922668457e-01
-1.029004827141761780e-01
1.745570152997970581e-01
5.432580113410949707e-01
-4.255646839737892151e-02
2.968327105045318604e-01
4.917830824851989746e-01
-8.487205207347869873e-02
3.164299428462982178e-01
5.653072595596313477e-01
-9.580133110284805298e-02
2.967154979705810547e-01
5.982634425163269043e-01
-9.758879244327545166e-02
1.710547506809234619e-01
5.982934832572937012e-01
-6.881242245435714722e-02
2.884447276592254639e-01
5.480735301971435547e-01
-1.058045253157615662e-01
3.037475645542144775e-01
6.119861602783203125e-01
-9.342183917760848999e-02
2.820097208023071289e-01
6.428050398826599121e-01
-7.808255404233932495e-02
1.821601688861846924e-01
6.594892144203186035e-01
-9.649552404880523682e-02
2.669548094272613525e-01
6.008414626121520996e-01
-1.162726655602455139e-01
2.829094827175140381e-01
6.329193115234375000e-01
-1.005234718322753906e-01
2.674706578254699707e-01
6.577026247978210449e-01
-8.446924388408660889e-02
