2.898734211921691895e-01
8.350741267204284668e-01
3.302267543858761201e-07
3.509156405925750732e-01
7.323197126388549805e-01
-4.977974109351634979e-03
3.972072005271911621e-01
6.319644451141357422e-01
-2.708484046161174774e-02
4.282585680484771729e-01
5.538743138313293457e-01
-5.545563250780105591e-02
4.013504981994628906e-01
5.389746427536010742e-01
-8.377212285995483398e-02
2.703416645526885986e-01
4.999131858348846436e-01
-1.801816187798976898e-02
3.621475100517272949e-01
4.345320463180541992e-01
-4.944989457726478577e-02
4.183356463909149170e-01
4.057419896125793457e-01
-7.227037847042083740e-02
4.585700631141662598e-01
3.846282362937927246e-01
-8.765538781881332397e-02
2.374780625104904175e-01
5.249099731445312500e-01
-3.759651258587837219e-02
3.535917699337005615e-01
4.811752140522003174e-01
-6.982275843620300293e-02
3.784193098545074463e-01
5.485922694206237793e-01
-7.718191295862197876e-02
3.646431565284729004e-01
5.760524272918701172e-01
-7.891564816236495972e-02
2.260656952857971191e-01
5.712490677833557129e-01
-5.824445560574531555e-02
3.381250202655792236e-01
5.311964154243469238e-01
-8.653552085161209106e-02
3.597883582115173340e-01
5.863977074623107910e-01
-7.522509992122650146e-02
3.447509109973907471e-01
6.122849583625793457e-01
-6.358273327350616455e-02
2.283342033624649048e-01
6.312590241432189941e-01
-8.066663146018981934e-02
3.127916753292083740e-01
5.819635391235351562e-01
-9.563219547271728516e-02
3.378247320652008057e-01
6.104537844657897949e-01
-8.192653954029083252e-02
3.320523798465728760e-01
6.339564919471740723e-01
-6.899575144052505493e-02
