2.615304589271545410e-01
8.320595622062683105e-01
2.102766245570819592e-07
2.964971959590911865e-01
7.311038374900817871e-01
-1.467558927834033966e-02
3.093272745609283447e-01
6.168945431709289551e-01
-2.605944313108921051e-02
2.889538407325744629e-01
5.308830738067626953e-01
-4.279475659132003784e-02
2.303017973899841309e-01
5.235289931297302246e-01
-6.083407998085021973e-02
2.308533340692520142e-01
5.469830632209777832e-01
8.042642846703529358e-03
2.344203591346740723e-01
4.567950665950775146e-01
-1.308017503470182419e-02
2.510025203227996826e-01
4.034930169582366943e-01
-2.729945443570613861e-02
2.634871900081634521e-01
3.525204360485076904e-01
-3.627223894000053406e-02
1.930017322301864624e-01
5.662178993225097656e-01
-1.490015420131385326e-03
2.087112665176391602e-01
4.947845339775085449e-01
-3.782726824283599854e-02
2.477447986602783203e-01
5.566008090972900391e-01
-4.995334520936012268e-02
2.600176334381103516e-01
5.925087928771972656e-01
-4.753898829221725464e-02
1.581309735774993896e-01
5.966403484344482422e-01
-1.446087937802076340e-02
1.719550490379333496e-01
5.293616056442260742e-01
-5.870482698082923889e-02
2.168882042169570923e-01
6.011536717414855957e-01
-5.372170731425285339e-02
2.304530888795852661e-01
6.566120982170104980e-01
-3.580822423100471497e-02
1.229314580559730530e-01
6.439257860183715820e-01
-2.829699777066707611e-02
1.303347051143646240e-01
5.592151284217834473e-01
-5.862338468432426453e-02
1.746627539396286011e-01
5.988098382949829102e-01
-4.760057479143142700e-02
1.972528845071792603e-01
6.517128944396972656e-01
-2.983418479561805725e-02
