2.991610467433929443e-01
8.639609813690185547e-01
1.465062808847505949e-07
3.454375863075256348e-01
7.776076793670654297e-01
-1.913185417652130127e-02
3.712173700332641602e-01
6.600329875946044922e-01
-3.107205592095851898e-02
3.594847917556762695e-01
5.631367564201354980e-01
-4.729870706796646118e-02
3.037732243537902832e-01
5.352062582969665527e-01
-6.448433548212051392e-02
3.140122592449188232e-01
5.716981291770935059e-01
7.682567927986383438e-03
3.253484666347503662e-01
4.828923940658569336e-01
-1.384414825588464737e-02
3.430312275886535645e-01
4.228110909461975098e-01
-2.711866796016693115e-02
3.558849692344665527e-01
3.692227303981781006e-01
-3.475033119320869446e-02
2.710825204849243164e-01
5.804678201675415039e-01
1.351733226329088211e-04
2.882654070854187012e-01
4.937700033187866211e-01
-3.561013191938400269e-02
3.112519383430480957e-01
5.822032690048217773e-01
-4.308819770812988281e-02
3.095820248126983643e-01
6.366681456565856934e-01
-3.529800847172737122e-02
2.314523309469223022e-01
6.008927226066589355e-01
-1.152774970978498459e-02
2.478328794240951538e-01
5.225568413734436035e-01
-5.585328489542007446e-02
2.794603407382965088e-01
6.097894310951232910e-01
-4.583159089088439941e-02
2.799683213233947754e-01
6.715848445892333984e-01
-2.333240211009979248e-02
1.886700987815856934e-01
6.361272931098937988e-01
-2.433451823890209198e-02
2.055442035198211670e-01
5.452563762664794922e-01
-5.293900892138481140e-02
2.370960712432861328e-01
5.938438773155212402e-01
-3.777942061424255371e-02
2.421339899301528931e-01
6.495646238327026367e-01
-1.692314073443412781e-02
