3.084029257297515869e-01
8.323709368705749512e-01
5.204512931733518144e-10
3.458376228809356689e-01
7.281720042228698730e-01
3.245324129238724709e-03
3.684464693069458008e-01
6.163274645805358887e-01
-8.944760076701641083e-03
3.748878836631774902e-01
5.340211391448974609e-01
-3.097059763967990875e-02
3.395730555057525635e-01
5.033632516860961914e-01
-5.413289740681648254e-02
2.574691772460937500e-01
5.141603946685791016e-01
1.828819885849952698e-02
3.003651201725006104e-01
4.427909553050994873e-01
-9.922292083501815796e-03
3.452371060848236084e-01
4.070570468902587891e-01
-3.107261285185813904e-02
3.816473484039306641e-01
3.850557208061218262e-01
-4.289436712861061096e-02
2.209747135639190674e-01
5.335514545440673828e-01
-2.980661112815141678e-03
2.947236299514770508e-01
4.739873409271240234e-01
-3.388771042227745056e-02
3.296564221382141113e-01
5.603406429290771484e-01
-4.240034148097038269e-02
3.227413892745971680e-01
6.039103269577026367e-01
-3.969839960336685181e-02
1.998000442981719971e-01
5.678064823150634766e-01
-2.715923637151718140e-02
2.777350544929504395e-01
5.132243633270263672e-01
-6.492084264755249023e-02
3.073864877223968506e-01
5.970090627670288086e-01
-5.520132929086685181e-02
2.963993549346923828e-01
6.443692445755004883e-01
-3.739942237734794617e-02
1.877938807010650635e-01
6.158910989761352539e-01
-5.138415470719337463e-02
2.475064098834991455e-01
5.471097826957702637e-01
-7.404955476522445679e-02
2.787408828735351562e-01
5.984490513801574707e-01
-5.673936381936073303e-02
2.755670547485351562e-01
6.439615488052368164e-01
-3.612848743796348572e-02
