2.525269687175750732e-01
8.422211408615112305e-01
1.469122139496903401e-07
2.954639792442321777e-01
7.508488893508911133e-01
-1.966871879994869232e-02
3.153418004512786865e-01
6.322626471519470215e-01
-3.053508140146732330e-02
2.952149510383605957e-01
5.398293137550354004e-01
-4.522404447197914124e-02
2.379894405603408813e-01
5.208039879798889160e-01
-6.110130995512008667e-02
2.554275095462799072e-01
5.581746697425842285e-01
8.443372324109077454e-03
2.615731060504913330e-01
4.741920232772827148e-01
-1.285211555659770966e-02
2.758260667324066162e-01
4.145282804965972900e-01
-2.671691030263900757e-02
2.861745357513427734e-01
3.620324134826660156e-01
-3.468396887183189392e-02
2.116489559412002563e-01
5.704012513160705566e-01
1.636399654671549797e-03
2.207470089197158813e-01
4.834219217300415039e-01
-3.506712242960929871e-02
2.489034831523895264e-01
5.655297636985778809e-01
-4.432300105690956116e-02
2.535914182662963867e-01
6.223975419998168945e-01
-3.731681033968925476e-02
1.717088520526885986e-01
5.941021442413330078e-01
-9.327443316578865051e-03
1.838451176881790161e-01
5.175549387931823730e-01
-5.390157923102378845e-02
2.190392315387725830e-01
5.997316241264343262e-01
-4.590021073818206787e-02
2.244053184986114502e-01
6.629325151443481445e-01
-2.429869025945663452e-02
1.294781863689422607e-01
6.330064535140991211e-01
-2.150013670325279236e-02
1.377780139446258545e-01
5.419749021530151367e-01
-4.969780147075653076e-02
1.719463318586349487e-01
5.836969614028930664e-01
-3.600019961595535278e-02
1.830225139856338501e-01
6.367595195770263672e-01
-1.616088114678859711e-02
