2.461165785789489746e-01
8.841934204101562500e-01
2.968513967971375678e-07
3.131887912750244141e-01
7.428073883056640625e-01
1.494479831308126450e-02
3.396457433700561523e-01
6.480975747108459473e-01
-5.613654851913452148e-03
3.721767663955688477e-01
5.872567892074584961e-01
-3.528443723917007446e-02
3.957463502883911133e-01
5.669472813606262207e-01
-6.495428085327148438e-02
2.111042886972427368e-01
5.414417982101440430e-01
-3.460946679115295410e-02
3.234140276908874512e-01
4.697695672512054443e-01
-7.253964245319366455e-02
3.920399844646453857e-01
4.447054564952850342e-01
-9.896266460418701172e-02
4.469793438911437988e-01
4.274657964706420898e-01
-1.180329248309135437e-01
2.012765854597091675e-01
6.016485691070556641e-01
-6.753672659397125244e-02
3.325214385986328125e-01
5.266460776329040527e-01
-1.031161025166511536e-01
3.419905900955200195e-01
5.874015092849731445e-01
-1.060480251908302307e-01
3.201318979263305664e-01
6.211977601051330566e-01
-1.086718812584877014e-01
2.158185392618179321e-01
6.745743751525878906e-01
-9.881044179201126099e-02
3.373505771160125732e-01
5.938679575920104980e-01
-1.264836043119430542e-01
3.399404585361480713e-01
6.486571431159973145e-01
-1.058418899774551392e-01
3.117430210113525391e-01
6.833829879760742188e-01
-9.188503772020339966e-02
2.415013015270233154e-01
7.399510145187377930e-01
-1.304120272397994995e-01
3.385779559612274170e-01
6.660593748092651367e-01
-1.424803882837295532e-01
3.407399654388427734e-01
6.974877119064331055e-01
-1.218634173274040222e-01
3.129499852657318115e-01
7.240687608718872070e-01
-1.074833124876022339e-01
