2.400808483362197876e-01
8.016377091407775879e-01
1.637341853211182752e-07
2.772247195243835449e-01
7.124825716018676758e-01
-9.370807558298110962e-03
3.053295910358428955e-01
6.090274453163146973e-01
-2.438765205442905426e-02
3.055844008922576904e-01
5.226892232894897461e-01
-4.619599878787994385e-02
2.561403214931488037e-01
5.063559412956237793e-01
-6.935086846351623535e-02
2.219996154308319092e-01
5.123507380485534668e-01
6.879722233861684799e-03
2.457128614187240601e-01
4.435155987739562988e-01
-2.181541547179222107e-02
2.809923887252807617e-01
4.134827852249145508e-01
-4.104911163449287415e-02
3.115023374557495117e-01
3.903024792671203613e-01
-5.159170180559158325e-02
1.817552596330642700e-01
5.322828292846679688e-01
-7.619287353008985519e-03
2.226753383874893188e-01
4.594134092330932617e-01
-4.207658022642135620e-02
2.578489482402801514e-01
5.367180705070495605e-01
-5.151752009987831116e-02
2.592293024063110352e-01
5.719871520996093750e-01
-4.842192307114601135e-02
1.485888808965682983e-01
5.647231936454772949e-01
-2.545555308461189270e-02
1.974154114723205566e-01
5.086294412612915039e-01
-6.874988973140716553e-02
2.289359420537948608e-01
5.924686789512634277e-01
-5.913618206977844238e-02
2.209155857563018799e-01
6.393479108810424805e-01
-3.962759301066398621e-02
1.159014701843261719e-01
6.123906970024108887e-01
-4.373422265052795410e-02
1.548624038696289062e-01
5.419058799743652344e-01
-7.031322270631790161e-02
1.902425289154052734e-01
5.930696129798889160e-01
-5.264898762106895447e-02
1.913121044635772705e-01
6.381021738052368164e-01
-3.121228516101837158e-02
