3.030613958835601807e-01
8.181700110435485840e-01
1.243578111598253599e-07
3.531851172447204590e-01
7.024991512298583984e-01
2.406170126050710678e-03
3.837516903877258301e-01
5.974411368370056152e-01
-1.616824977099895477e-02
3.994664847850799561e-01
5.211164951324462891e-01
-4.338607192039489746e-02
3.726479411125183105e-01
5.063669085502624512e-01
-7.140597701072692871e-02
2.473877072334289551e-01
4.984335303306579590e-01
1.188622438348829746e-03
3.274849951267242432e-01
4.230818748474121094e-01
-3.093708492815494537e-02
3.814987838268280029e-01
3.904621601104736328e-01
-5.470830574631690979e-02
4.223099648952484131e-01
3.716039061546325684e-01
-6.906490772962570190e-02
2.164759039878845215e-01
5.238625407218933105e-01
-2.189707569777965546e-02
3.183426856994628906e-01
4.532416760921478271e-01
-5.490956082940101624e-02
3.503991961479187012e-01
5.339062213897705078e-01
-6.297900527715682983e-02
3.407823443412780762e-01
5.740841627120971680e-01
-6.114252284169197083e-02
2.087807953357696533e-01
5.643162727355957031e-01
-4.647799953818321228e-02
3.125196099281311035e-01
4.995295405387878418e-01
-8.098044246435165405e-02
3.379067778587341309e-01
5.747236609458923340e-01
-6.912563741207122803e-02
3.238104283809661865e-01
6.144794821739196777e-01
-5.193280801177024841e-02
2.167421281337738037e-01
6.149245500564575195e-01
-7.157546281814575195e-02
2.909124791622161865e-01
5.450484752655029297e-01
-9.024432301521301270e-02
3.147717118263244629e-01
5.893159508705139160e-01
-7.230617851018905640e-02
3.071692287921905518e-01
6.270732879638671875e-01
-5.287062004208564758e-02
