2.467595040798187256e-01
8.137110471725463867e-01
6.020025011821417138e-08
2.782996594905853271e-01
7.150863409042358398e-01
-1.806656597182154655e-03
3.025401234626770020e-01
6.061816811561584473e-01
-1.811179518699645996e-02
3.032938241958618164e-01
5.239342451095581055e-01
-4.271653667092323303e-02
2.608856558799743652e-01
5.128738284111022949e-01
-6.894652545452117920e-02
1.868797540664672852e-01
5.114364027976989746e-01
8.928091265261173248e-03
2.295557856559753418e-01
4.448722600936889648e-01
-1.914850249886512756e-02
2.717885673046112061e-01
4.108204245567321777e-01
-3.974201902747154236e-02
3.064839839935302734e-01
3.885912895202636719e-01
-5.146320909261703491e-02
1.444863826036453247e-01
5.340189337730407715e-01
-9.207574650645256042e-03
2.139400243759155273e-01
4.768478274345397949e-01
-3.670361638069152832e-02
2.513904869556427002e-01
5.625338554382324219e-01
-4.300606623291969299e-02
2.453972399234771729e-01
6.024091839790344238e-01
-3.990525379776954651e-02
1.199610680341720581e-01
5.724767446517944336e-01
-2.994787879288196564e-02
1.927345246076583862e-01
5.202661156654357910e-01
-6.505303084850311279e-02
2.277589291334152222e-01
5.991362929344177246e-01
-5.373708903789520264e-02
2.188669890165328979e-01
6.429626345634460449e-01
-3.616628795862197876e-02
1.050253137946128845e-01
6.263073682785034180e-01
-5.094962939620018005e-02
1.595126092433929443e-01
5.558673143386840820e-01
-7.170213758945465088e-02
1.964105665683746338e-01
6.015752553939819336e-01
-5.250224098563194275e-02
1.977547109127044678e-01
6.452277302742004395e-01
-3.118342533707618713e-02
