3.339405953884124756e-01
8.591474294662475586e-01
1.612116591331869131e-07
4.000732302665710449e-01
7.383407354354858398e-01
-6.178020499646663666e-03
4.370350837707519531e-01
6.377273797988891602e-01
-2.889916487038135529e-02
4.602500200271606445e-01
5.617071390151977539e-01
-5.951549485325813293e-02
4.344931840896606445e-01
5.446017384529113770e-01
-8.958514779806137085e-02
2.983673810958862305e-01
5.315596461296081543e-01
-7.621087599545717239e-03
3.913432955741882324e-01
4.573842585086822510e-01
-4.552260786294937134e-02
4.542866945266723633e-01
4.352818429470062256e-01
-7.369469851255416870e-02
5.033369064331054688e-01
4.207721054553985596e-01
-9.125744551420211792e-02
2.690125703811645508e-01
5.595170259475708008e-01
-2.796862646937370300e-02
3.833277225494384766e-01
4.991343915462493896e-01
-6.866717338562011719e-02
4.075428545475006104e-01
5.774934887886047363e-01
-8.048311620950698853e-02
3.947738111019134521e-01
6.137996912002563477e-01
-8.131612837314605713e-02
2.606518566608428955e-01
6.022801995277404785e-01
-5.098370462656021118e-02
3.735454082489013672e-01
5.448487997055053711e-01
-8.756300806999206543e-02
3.941539525985717773e-01
6.140189766883850098e-01
-7.674778997898101807e-02
3.799463808536529541e-01
6.509872674942016602e-01
-6.094823777675628662e-02
2.672274112701416016e-01
6.542586684226989746e-01
-7.620761543512344360e-02
3.505620360374450684e-01
5.925438404083251953e-01
-9.794925898313522339e-02
3.715283572673797607e-01
6.325552463531494141e-01
-8.417377620935440063e-02
3.648978471755981445e-01
6.666718125343322754e-01
-6.740406155586242676e-02
