3.003351092338562012e-01
7.087671756744384766e-01
2.810063790548156248e-07
3.521700799465179443e-01
6.053287386894226074e-01
-1.048921700567007065e-02
3.812664747238159180e-01
5.166649818420410156e-01
-3.231337666511535645e-02
3.933940231800079346e-01
4.587755501270294189e-01
-5.955323576927185059e-02
3.753493726253509521e-01
4.581258893013000488e-01
-8.621748536825180054e-02
2.581821680068969727e-01
4.132591784000396729e-01
-9.712019003927707672e-03
3.520263135433197021e-01
3.666462302207946777e-01
-4.789953306317329407e-02
4.076751470565795898e-01
3.410035669803619385e-01
-7.867220044136047363e-02
4.519453644752502441e-01
3.139505982398986816e-01
-9.920024126768112183e-02
2.286064326763153076e-01
4.471763372421264648e-01
-2.778612077236175537e-02
3.427543342113494873e-01
4.155302643775939941e-01
-6.971836090087890625e-02
3.533392846584320068e-01
4.888222813606262207e-01
-8.469971269369125366e-02
3.310795724391937256e-01
5.193091034889221191e-01
-8.860275894403457642e-02
2.189166843891143799e-01
4.977836310863494873e-01
-4.874809458851814270e-02
3.270266354084014893e-01
4.657694995403289795e-01
-8.517137169837951660e-02
3.371312022209167480e-01
5.285085439682006836e-01
-7.734227180480957031e-02
3.168432712554931641e-01
5.530611276626586914e-01
-6.459266692399978638e-02
2.219319939613342285e-01
5.556063055992126465e-01
-7.216074317693710327e-02
3.064305484294891357e-01
5.115320086479187012e-01
-9.180491417646408081e-02
3.188151717185974121e-01
5.481483340263366699e-01
-7.886294275522232056e-02
3.029048740863800049e-01
5.721976161003112793e-01
-6.401203572750091553e-02
