2.517794668674468994e-01
9.691712856292724609e-01
2.069521940484264633e-07
2.981241345405578613e-01
8.644173741340637207e-01
-1.520558167248964310e-02
3.221376240253448486e-01
7.608226537704467773e-01
-3.407481685280799866e-02
3.176825642585754395e-01
7.031222581863403320e-01
-5.635304003953933716e-02
2.792119681835174561e-01
7.245795726776123047e-01
-7.915188372135162354e-02
1.836777329444885254e-01
6.623588204383850098e-01
-1.619671843945980072e-02
2.409228831529617310e-01
5.969397425651550293e-01
-5.215173959732055664e-02
2.951996624469757080e-01
5.870690941810607910e-01
-8.464591205120086670e-02
3.371320068836212158e-01
5.816513299942016602e-01
-1.058745086193084717e-01
1.446231007575988770e-01
7.001445293426513672e-01
-3.082399442791938782e-02
2.231168448925018311e-01
6.550067067146301270e-01
-6.578496843576431274e-02
2.690485119819641113e-01
6.992508769035339355e-01
-8.651957660913467407e-02
2.824934422969818115e-01
7.351673841476440430e-01
-9.776375442743301392e-02
1.226018518209457397e-01
7.619233131408691406e-01
-4.785891622304916382e-02
2.033166289329528809e-01
7.180410027503967285e-01
-7.671044021844863892e-02
2.339880615472793579e-01
7.694355249404907227e-01
-7.406339794397354126e-02
2.294889688491821289e-01
8.074830770492553711e-01
-6.790772825479507446e-02
1.153927445411682129e-01
8.342391252517700195e-01
-6.752219796180725098e-02
1.772069483995437622e-01
7.852675914764404297e-01
-8.198677748441696167e-02
2.038324624300003052e-01
8.158983588218688965e-01
-6.923494488000869751e-02
2.009903192520141602e-01
8.469595909118652344e-01
-5.678497627377510071e-02
