6.881127953529357910e-01
8.392083644866943359e-01
-6.365314675349509344e-07
5.975617766380310059e-01
7.245597839355468750e-01
6.714337505400180817e-03
5.568860173225402832e-01
6.305227279663085938e-01
-1.392296049743890762e-02
5.239551663398742676e-01
5.660681724548339844e-01
-4.065414518117904663e-02
4.980195164680480957e-01
5.113161206245422363e-01
-6.620752066373825073e-02
6.753345131874084473e-01
4.786548316478729248e-01
-1.132200937718153000e-02
5.704832673072814941e-01
4.185571670532226562e-01
-4.759448394179344177e-02
5.051506161689758301e-01
3.890818059444427490e-01
-7.537599653005599976e-02
4.549813270568847656e-01
3.653236627578735352e-01
-9.547536075115203857e-02
6.954642534255981445e-01
5.047560334205627441e-01
-3.799637034535408020e-02
5.428951382637023926e-01
4.756221771240234375e-01
-7.203841954469680786e-02
5.429542064666748047e-01
5.523825287818908691e-01
-7.605257630348205566e-02
5.753239393234252930e-01
5.871600508689880371e-01
-7.835390418767929077e-02
6.958086490631103516e-01
5.527723431587219238e-01
-6.705349683761596680e-02
5.478953719139099121e-01
5.365000963211059570e-01
-9.262847155332565308e-02
5.521317124366760254e-01
6.046658754348754883e-01
-7.090674340724945068e-02
5.838594436645507812e-01
6.289207339286804199e-01
-5.708076432347297668e-02
6.796064972877502441e-01
6.148245334625244141e-01
-9.803739935159683228e-02
5.699599981307983398e-01
5.981491804122924805e-01
-1.160559132695198059e-01
5.648480653762817383e-01
6.456159949302673340e-01
-1.022494956851005554e-01
5.847007632255554199e-01
6.695622205734252930e-01
-9.083108603954315186e-02
