6.763728260993957520e-01
8.120305538177490234e-01
-7.308300382646848448e-07
6.003133058547973633e-01
7.278446555137634277e-01
-2.552466839551925659e-02
5.311760902404785156e-01
6.259852647781372070e-01
-5.866095423698425293e-02
5.040812492370605469e-01
5.376552343368530273e-01
-9.682920575141906738e-02
5.493615269660949707e-01
5.035884976387023926e-01
-1.298348605632781982e-01
6.366783976554870605e-01
4.261448383331298828e-01
-8.865175768733024597e-03
5.576630830764770508e-01
3.768384158611297607e-01
-6.350132822990417480e-02
5.077040195465087891e-01
3.518027961254119873e-01
-9.452349692583084106e-02
4.655416607856750488e-01
3.239792585372924805e-01
-1.129726245999336243e-01
6.960126757621765137e-01
4.328333437442779541e-01
-2.396814897656440735e-02
5.766200423240661621e-01
4.468654990196228027e-01
-8.045732975006103516e-02
5.825409293174743652e-01
5.744673609733581543e-01
-8.114631474018096924e-02
6.191257834434509277e-01
5.974261760711669922e-01
-6.900396943092346191e-02
7.449364066123962402e-01
4.708113670349121094e-01
-4.875061661005020142e-02
6.199995279312133789e-01
5.004966259002685547e-01
-1.010605469346046448e-01
6.222423315048217773e-01
6.082219481468200684e-01
-7.391980290412902832e-02
6.569647192955017090e-01
6.230674386024475098e-01
-4.358801990747451782e-02
7.804302573204040527e-01
5.344746112823486328e-01
-7.868474721908569336e-02
6.818751096725463867e-01
5.426357984542846680e-01
-1.068693175911903381e-01
6.714261770248413086e-01
6.119409799575805664e-01
-8.866900205612182617e-02
6.964317560195922852e-01
6.289302110671997070e-01
-6.759923696517944336e-02
