6.532357335090637207e-01
8.135411143302917480e-01
-5.627625796478241682e-07
5.952773094177246094e-01
7.422736287117004395e-01
-1.984308473765850067e-02
5.466961860656738281e-01
6.562258005142211914e-01
-4.573727771639823914e-02
5.180683732032775879e-01
5.857899188995361328e-01
-7.579561322927474976e-02
5.463227033615112305e-01
5.547058582305908203e-01
-1.017864495515823364e-01
6.403616666793823242e-01
5.091372728347778320e-01
-4.225325770676136017e-03
5.688178539276123047e-01
4.702781736850738525e-01
-4.867580905556678772e-02
5.219428539276123047e-01
4.464950263500213623e-01
-7.683175802230834961e-02
4.832482337951660156e-01
4.261927604675292969e-01
-9.463164955377578735e-02
6.821861267089843750e-01
5.170242190361022949e-01
-1.619584672152996063e-02
5.750291943550109863e-01
5.135994553565979004e-01
-5.806061252951622009e-02
5.771227478981018066e-01
6.143594384193420410e-01
-5.826222524046897888e-02
6.084142923355102539e-01
6.348903179168701172e-01
-4.988367855548858643e-02
7.143672108650207520e-01
5.492050051689147949e-01
-3.612058237195014954e-02
6.024408936500549316e-01
5.610098838806152344e-01
-7.415626198053359985e-02
6.054003834724426270e-01
6.438224315643310547e-01
-5.093059316277503967e-02
6.358762979507446289e-01
6.586307287216186523e-01
-2.746812812983989716e-02
7.314878106117248535e-01
6.025877594947814941e-01
-6.056924536824226379e-02
6.465089321136474609e-01
6.005219817161560059e-01
-8.392173796892166138e-02
6.389861106872558594e-01
6.521759629249572754e-01
-7.005709409713745117e-02
6.590668559074401855e-01
6.690576672554016113e-01
-5.402369424700737000e-02
