5.901158452033996582e-01
9.952890872955322266e-01
-6.218165253812912852e-07
5.294386744499206543e-01
9.041339159011840820e-01
-1.745644025504589081e-02
4.847627580165863037e-01
8.025740981101989746e-01
-4.439247399568557739e-02
4.573425054550170898e-01
7.218446135520935059e-01
-7.582727074623107910e-02
4.849988222122192383e-01
6.710851192474365234e-01
-1.030024513602256775e-01
5.998562574386596680e-01
6.520410776138305664e-01
-4.030493088066577911e-03
5.189481973648071289e-01
5.970376729965209961e-01
-4.975130781531333923e-02
4.631903171539306641e-01
5.663531422615051270e-01
-7.770341634750366211e-02
4.180958271026611328e-01
5.410593748092651367e-01
-9.508153796195983887e-02
6.442143321037292480e-01
6.646713018417358398e-01
-1.810743845999240875e-02
5.227220058441162109e-01
6.432836055755615234e-01
-6.110625714063644409e-02
5.182400941848754883e-01
7.561094760894775391e-01
-6.151508912444114685e-02
5.512548089027404785e-01
7.849384546279907227e-01
-5.327505245804786682e-02
6.774189472198486328e-01
7.031335830688476562e-01
-3.972896933555603027e-02
5.465672016143798828e-01
6.954554319381713867e-01
-7.683991640806198120e-02
5.453017950057983398e-01
7.918853163719177246e-01
-5.235686525702476501e-02
5.805565118789672852e-01
8.080377578735351562e-01
-2.924918569624423981e-02
6.938561201095581055e-01
7.632558345794677734e-01
-6.551885604858398438e-02
5.903553962707519531e-01
7.447162866592407227e-01
-8.880893141031265259e-02
5.804380774497985840e-01
8.034999966621398926e-01
-7.305509597063064575e-02
6.056770086288452148e-01
8.221277594566345215e-01
-5.557257682085037231e-02
