2.808969616889953613e-01
7.729470133781433105e-01
2.725563774674810702e-07
3.239630758762359619e-01
6.626518964767456055e-01
-1.731458120048046112e-02
3.497381806373596191e-01
5.690131783485412598e-01
-4.506339505314826965e-02
3.593899011611938477e-01
5.031939148902893066e-01
-7.821677625179290771e-02
3.398578166961669922e-01
5.047620534896850586e-01
-1.098055988550186157e-01
2.087532132863998413e-01
4.720164835453033447e-01
-1.411481853574514389e-02
3.028075993061065674e-01
4.150042533874511719e-01
-5.768492072820663452e-02
3.624559044837951660e-01
3.900720179080963135e-01
-8.944264799356460571e-02
4.094280898571014404e-01
3.658261895179748535e-01
-1.088283732533454895e-01
1.773731559514999390e-01
5.106539726257324219e-01
-3.070668689906597137e-02
2.993232309818267822e-01
4.700216054916381836e-01
-7.501995563507080078e-02
3.174330294132232666e-01
5.494682788848876953e-01
-8.741699159145355225e-02
2.975436449050903320e-01
5.817300081253051758e-01
-8.866658061742782593e-02
1.680292487144470215e-01
5.647427439689636230e-01
-5.163248628377914429e-02
2.845685780048370361e-01
5.203312635421752930e-01
-9.209871292114257812e-02
3.002955913543701172e-01
5.878089666366577148e-01
-8.206274360418319702e-02
2.829616665840148926e-01
6.168321967124938965e-01
-6.660377979278564453e-02
1.735827177762985229e-01
6.261214017868041992e-01
-7.577140629291534424e-02
2.622123956680297852e-01
5.729353427886962891e-01
-9.859932214021682739e-02
2.794526517391204834e-01
6.106959581375122070e-01
-8.490025997161865234e-02
2.677223086357116699e-01
6.374285817146301270e-01
-6.811546534299850464e-02
