8.256666660308837891e-01
8.453109860420227051e-01
-5.295865435073210392e-07
7.466875910758972168e-01
7.131481170654296875e-01
-1.258415449410676956e-02
6.975135207176208496e-01
6.160013675689697266e-01
-4.947346821427345276e-02
6.613844633102416992e-01
5.542973279953002930e-01
-8.987879753112792969e-02
6.654771566390991211e-01
5.286667943000793457e-01
-1.280696243047714233e-01
8.327437639236450195e-01
4.590787589550018311e-01
-3.764589130878448486e-02
7.153683304786682129e-01
4.084593355655670166e-01
-9.400866925716400146e-02
6.447464227676391602e-01
3.742579221725463867e-01
-1.332570165395736694e-01
5.898741483688354492e-01
3.511294722557067871e-01
-1.592582762241363525e-01
8.688640594482421875e-01
5.032790899276733398e-01
-6.132654100656509399e-02
7.096148729324340820e-01
4.832969903945922852e-01
-1.067200452089309692e-01
7.105786800384521484e-01
5.718083977699279785e-01
-1.090164333581924438e-01
7.480108141899108887e-01
6.002526879310607910e-01
-1.082812920212745667e-01
8.824580907821655273e-01
5.727900862693786621e-01
-9.039399027824401855e-02
7.189236879348754883e-01
5.651891231536865234e-01
-1.276550292968750000e-01
7.232163548469543457e-01
6.385780572891235352e-01
-1.012459024786949158e-01
7.599883079528808594e-01
6.545227766036987305e-01
-8.194226771593093872e-02
8.753887414932250977e-01
6.582685708999633789e-01
-1.229571029543876648e-01
7.462679147720336914e-01
6.393171548843383789e-01
-1.463313698768615723e-01
7.415464520454406738e-01
6.855136752128601074e-01
-1.273639202117919922e-01
7.666990160942077637e-01
7.012683153152465820e-01
-1.110635474324226379e-01
