3.256052732467651367e-01
8.723971843719482422e-01
7.836023883101006504e-07
3.875977694988250732e-01
8.421939015388488770e-01
-4.508861526846885681e-02
4.257202744483947754e-01
7.672457695007324219e-01
-6.739849597215652466e-02
3.948682248592376709e-01
6.916182041168212891e-01
-8.911461383104324341e-02
3.606215417385101318e-01
6.215424537658691406e-01
-1.074791774153709412e-01
4.241091310977935791e-01
6.086653470993041992e-01
-3.367432206869125366e-02
4.208332300186157227e-01
4.962355494499206543e-01
-7.092716544866561890e-02
4.082121849060058594e-01
4.201944470405578613e-01
-9.473101794719696045e-02
3.899062275886535645e-01
3.471060395240783691e-01
-1.085521429777145386e-01
3.787830173969268799e-01
5.957254767417907715e-01
-3.780434280633926392e-02
4.094124436378479004e-01
4.549005627632141113e-01
-7.782279700040817261e-02
4.256587922573089600e-01
3.673207759857177734e-01
-9.654445201158523560e-02
4.356514513492584229e-01
2.898754477500915527e-01
-1.018768772482872009e-01
3.300242424011230469e-01
6.138566732406616211e-01
-4.833180829882621765e-02
3.283631503582000732e-01
5.319678187370300293e-01
-1.098117679357528687e-01
3.342383801937103271e-01
6.282576918601989746e-01
-1.119540035724639893e-01
3.401762545108795166e-01
6.990939974784851074e-01
-9.343829751014709473e-02
2.797350883483886719e-01
6.568465828895568848e-01
-6.231085211038589478e-02
2.820745110511779785e-01
6.110731959342956543e-01
-1.109028831124305725e-01
2.978978753089904785e-01
6.804600358009338379e-01
-1.060772389173507690e-01
3.103373050689697266e-01
7.329467535018920898e-01
-8.908867835998535156e-02
