7.601785659790039062e-01
8.097428679466247559e-01
6.936742806828988250e-07
7.066844105720520020e-01
7.830875515937805176e-01
-3.783275187015533447e-02
6.812297105789184570e-01
7.162432074546813965e-01
-5.952297151088714600e-02
7.214362621307373047e-01
6.589736342430114746e-01
-7.952179759740829468e-02
7.650145888328552246e-01
6.187579631805419922e-01
-9.732821583747863770e-02
6.888671517372131348e-01
5.825530290603637695e-01
-3.808576986193656921e-02
7.021955251693725586e-01
4.860702157020568848e-01
-7.133717834949493408e-02
7.178048491477966309e-01
4.205632805824279785e-01
-9.374205023050308228e-02
7.319467067718505859e-01
3.621490001678466797e-01
-1.078928932547569275e-01
7.314084768295288086e-01
5.738899707794189453e-01
-4.033873975276947021e-02
7.136181592941284180e-01
4.545285999774932861e-01
-7.242209464311599731e-02
7.031860947608947754e-01
3.816477060317993164e-01
-9.007515758275985718e-02
6.947973370552062988e-01
3.148534297943115234e-01
-9.844511747360229492e-02
7.728955745697021484e-01
5.930783152580261230e-01
-4.697978496551513672e-02
7.785597443580627441e-01
5.421639084815979004e-01
-8.982077986001968384e-02
7.696197628974914551e-01
6.070180535316467285e-01
-9.455949813127517700e-02
7.597280740737915039e-01
6.550520062446594238e-01
-8.610413968563079834e-02
8.125869631767272949e-01
6.299092173576354980e-01
-5.707759410142898560e-02
8.104553818702697754e-01
6.212012171745300293e-01
-9.148496389389038086e-02
7.924243807792663574e-01
6.747350096702575684e-01
-9.298896789550781250e-02
7.760945558547973633e-01
7.117699384689331055e-01
-8.621842414140701294e-02
