7.147582769393920898e-01
6.983670592308044434e-01
6.001357633067527786e-07
6.579075455665588379e-01
7.182563543319702148e-01
-3.074773028492927551e-02
5.943575501441955566e-01
6.823227405548095703e-01
-4.855893552303314209e-02
5.900884270668029785e-01
6.015189886093139648e-01
-6.718805432319641113e-02
6.116721034049987793e-01
5.315735340118408203e-01
-8.451547473669052124e-02
5.424060821533203125e-01
5.635151267051696777e-01
-2.513510361313819885e-02
4.988479018211364746e-01
4.834105968475341797e-01
-5.538500845432281494e-02
4.759005010128021240e-01
4.230002462863922119e-01
-7.601913809776306152e-02
4.593821465969085693e-01
3.661395311355590820e-01
-8.996805548667907715e-02
5.729042291641235352e-01
5.206569433212280273e-01
-3.189590200781822205e-02
5.036396384239196777e-01
4.397870302200317383e-01
-6.391993165016174316e-02
4.683571457862854004e-01
3.925731778144836426e-01
-8.185065537691116333e-02
4.403568804264068604e-01
3.457311391830444336e-01
-9.046830981969833374e-02
6.171702146530151367e-01
4.997507333755493164e-01
-4.293952509760856628e-02
5.842570066452026367e-01
4.580067992210388184e-01
-8.933776617050170898e-02
6.065332889556884766e-01
5.323845148086547852e-01
-9.311354160308837891e-02
6.260262131690979004e-01
5.848109722137451172e-01
-8.331989496946334839e-02
6.681556105613708496e-01
4.989277720451354980e-01
-5.662444606423377991e-02
6.436399221420288086e-01
5.008728504180908203e-01
-9.423966705799102783e-02
6.557445526123046875e-01
5.664510130882263184e-01
-9.446162730455398560e-02
6.684564948081970215e-01
6.086518764495849609e-01
-8.655214309692382812e-02
