7.249726653099060059e-01
7.733778953552246094e-01
8.301227012452727649e-07
6.799137592315673828e-01
7.256629467010498047e-01
-4.245266690850257874e-02
6.716423630714416504e-01
6.488702893257141113e-01
-6.817543506622314453e-02
7.281003594398498535e-01
6.117109060287475586e-01
-9.191841632127761841e-02
7.859156131744384766e-01
5.875268578529357910e-01
-1.133600100874900818e-01
7.170237302780151367e-01
5.100805163383483887e-01
-4.252517595887184143e-02
7.580579519271850586e-01
4.153853058815002441e-01
-7.944562286138534546e-02
7.932647466659545898e-01
3.517341017723083496e-01
-1.039086803793907166e-01
8.252679109573364258e-01
2.942328453063964844e-01
-1.186335608363151550e-01
7.622358202934265137e-01
5.181235671043395996e-01
-4.436923936009407043e-02
7.757677435874938965e-01
3.867121934890747070e-01
-7.897836714982986450e-02
7.880287766456604004e-01
3.092774152755737305e-01
-9.517503529787063599e-02
8.000744581222534180e-01
2.384429574012756348e-01
-1.011712998151779175e-01
7.987338900566101074e-01
5.545507669448852539e-01
-5.134164169430732727e-02
8.197352886199951172e-01
5.149210691452026367e-01
-1.003374606370925903e-01
7.906357049942016602e-01
5.904018878936767578e-01
-1.026516109704971313e-01
7.638774514198303223e-01
6.426598429679870605e-01
-8.951347321271896362e-02
8.271470069885253906e-01
6.081522703170776367e-01
-6.223436817526817322e-02
8.332107067108154297e-01
6.039624810218811035e-01
-1.029511019587516785e-01
8.002418279647827148e-01
6.620327234268188477e-01
-1.030759513378143311e-01
7.714116573333740234e-01
6.999334096908569336e-01
-9.301918745040893555e-02
