5.620582699775695801e-01
9.620729684829711914e-01
8.835099265525059309e-07
5.946707725524902344e-01
8.862295150756835938e-01
-5.456542968750000000e-02
5.859836339950561523e-01
7.857093214988708496e-01
-8.098877221345901489e-02
5.284248590469360352e-01
7.459767460823059082e-01
-1.057507842779159546e-01
4.634752273559570312e-01
7.159159779548645020e-01
-1.268967986106872559e-01
4.935675859451293945e-01
6.530058383941650391e-01
-4.419035091996192932e-02
4.274326562881469727e-01
5.601367950439453125e-01
-8.446792513132095337e-02
3.752827942371368408e-01
5.061593055725097656e-01
-1.105197146534919739e-01
3.222903013229370117e-01
4.621011018753051758e-01
-1.263496875762939453e-01
4.468564987182617188e-01
6.873835325241088867e-01
-4.573481529951095581e-02
4.043555855751037598e-01
5.466806888580322266e-01
-9.244070202112197876e-02
3.686041533946990967e-01
4.686242640018463135e-01
-1.157933548092842102e-01
3.333223462104797363e-01
4.089603126049041748e-01
-1.238404065370559692e-01
4.138400554656982422e-01
7.523446083068847656e-01
-5.404033139348030090e-02
3.719448745250701904e-01
6.851031780242919922e-01
-1.215156093239784241e-01
4.291322529315948486e-01
7.580494880676269531e-01
-1.232986077666282654e-01
4.727699458599090576e-01
8.095374107360839844e-01
-1.035191193222999573e-01
3.948666155338287354e-01
8.374632596969604492e-01
-6.651903688907623291e-02
3.709571361541748047e-01
7.902709245681762695e-01
-1.198572218418121338e-01
4.217631220817565918e-01
8.268977999687194824e-01
-1.144533976912498474e-01
4.611847698688507080e-01
8.541123867034912109e-01
-9.617480635643005371e-02
