3.703854382038116455e-01
1.173765420913696289e+00
9.124061080001411028e-07
4.483778476715087891e-01
1.114767432212829590e+00
-4.494022950530052185e-02
4.835965037345886230e-01
1.012140154838562012e+00
-6.274697184562683105e-02
4.424274861812591553e-01
9.236308932304382324e-01
-8.165711909532546997e-02
3.924000859260559082e-01
8.493246436119079590e-01
-9.715333580970764160e-02
4.709072113037109375e-01
8.374082446098327637e-01
-1.612892933189868927e-02
4.581845104694366455e-01
7.044987678527832031e-01
-5.010979995131492615e-02
4.362582862377166748e-01
6.127398610115051270e-01
-7.289603352546691895e-02
4.080444574356079102e-01
5.283572673797607422e-01
-8.723617345094680786e-02
4.141347408294677734e-01
8.240202069282531738e-01
-2.111412398517131805e-02
4.440010786056518555e-01
6.709370613098144531e-01
-6.262882053852081299e-02
4.539768397808074951e-01
5.740011930465698242e-01
-8.359254151582717896e-02
4.554033875465393066e-01
4.937824010848999023e-01
-8.951137214899063110e-02
3.553318381309509277e-01
8.494364619255065918e-01
-3.394095599651336670e-02
3.452261388301849365e-01
7.493099570274353027e-01
-1.027575880289077759e-01
3.564119338989257812e-01
8.652197718620300293e-01
-1.059969738125801086e-01
3.697321414947509766e-01
9.513495564460754395e-01
-8.481158316135406494e-02
2.980667352676391602e-01
9.073141217231750488e-01
-5.004504323005676270e-02
2.923792898654937744e-01
8.462538719177246094e-01
-1.057304143905639648e-01
3.151580095291137695e-01
9.211079478263854980e-01
-1.020907536149024963e-01
3.364822566509246826e-01
9.813102483749389648e-01
-8.388602733612060547e-02
