3.126339614391326904e-01
9.340984225273132324e-01
7.674501034671266098e-07
3.778771162033081055e-01
8.878803849220275879e-01
-4.493459686636924744e-02
4.100006520748138428e-01
7.964293956756591797e-01
-6.229254230856895447e-02
3.771705031394958496e-01
7.136431932449340820e-01
-7.876994460821151733e-02
3.430075645446777344e-01
6.400372982025146484e-01
-9.163393825292587280e-02
3.997561931610107422e-01
6.424652934074401855e-01
-2.289473451673984528e-02
3.904392719268798828e-01
5.263932347297668457e-01
-5.250066891312599182e-02
3.726547360420227051e-01
4.456003904342651367e-01
-7.226385176181793213e-02
3.495015203952789307e-01
3.700023591518402100e-01
-8.422677218914031982e-02
3.512608408927917480e-01
6.287199854850769043e-01
-2.302905358374118805e-02
3.766593933105468750e-01
4.886034131050109863e-01
-5.591961741447448730e-02
3.900048434734344482e-01
4.057638049125671387e-01
-7.061024010181427002e-02
3.962579369544982910e-01
3.383829295635223389e-01
-7.391452789306640625e-02
3.007512986660003662e-01
6.475347876548767090e-01
-3.021401166915893555e-02
2.916700243949890137e-01
5.579506754875183105e-01
-8.744048327207565308e-02
3.013318777084350586e-01
6.552121043205261230e-01
-8.948180079460144043e-02
3.116549849510192871e-01
7.304964065551757812e-01
-7.127149403095245361e-02
2.510008215904235840e-01
6.915578246116638184e-01
-4.070721194148063660e-02
2.471971511840820312e-01
6.310764551162719727e-01
-8.736411482095718384e-02
2.670714259147644043e-01
6.984475851058959961e-01
-8.294106274843215942e-02
2.842012941837310791e-01
7.552736997604370117e-01
-6.652138382196426392e-02
