3.184316754341125488e-01
9.795701503753662109e-01
9.109906500270881224e-07
3.916493356227874756e-01
9.320513606071472168e-01
-5.429327487945556641e-02
4.328384399414062500e-01
8.296977877616882324e-01
-7.642336934804916382e-02
3.897488415241241455e-01
7.350022792816162109e-01
-9.718416631221771240e-02
3.473743796348571777e-01
6.500331759452819824e-01
-1.140211597084999084e-01
4.189808070659637451e-01
6.485087275505065918e-01
-3.171921521425247192e-02
4.110678434371948242e-01
5.128050446510314941e-01
-6.986035406589508057e-02
3.888322114944458008e-01
4.177866876125335693e-01
-9.465767443180084229e-02
3.592869639396667480e-01
3.296798765659332275e-01
-1.093922480940818787e-01
3.612180948257446289e-01
6.326950788497924805e-01
-3.211002424359321594e-02
3.946931958198547363e-01
4.705062210559844971e-01
-7.457400113344192505e-02
4.074496030807495117e-01
3.729060292243957520e-01
-9.384638071060180664e-02
4.113317430019378662e-01
2.916363775730133057e-01
-9.827014803886413574e-02
3.015407323837280273e-01
6.543986797332763672e-01
-4.051735252141952515e-02
2.907408475875854492e-01
5.498702526092529297e-01
-1.114032343029975891e-01
3.004795312881469727e-01
6.669325828552246094e-01
-1.135608106851577759e-01
3.122067749500274658e-01
7.552376985549926758e-01
-9.112986177206039429e-02
2.425449788570404053e-01
7.058923244476318359e-01
-5.276799574494361877e-02
2.385469675064086914e-01
6.377063393592834473e-01
-1.110930144786834717e-01
2.607451677322387695e-01
7.206609845161437988e-01
-1.058382242918014526e-01
2.801501750946044922e-01
7.865488529205322266e-01
-8.555969595909118652e-02
