2.591257691383361816e-01
9.637153148651123047e-01
6.619613373004540335e-07
3.214896023273468018e-01
9.269689917564392090e-01
-3.933222591876983643e-02
3.566785752773284912e-01
8.481290340423583984e-01
-5.465938150882720947e-02
3.284334242343902588e-01
7.727950811386108398e-01
-6.941816210746765137e-02
2.988064587116241455e-01
7.057436108589172363e-01
-8.135809004306793213e-02
3.519388437271118164e-01
7.096346020698547363e-01
-1.978361979126930237e-02
3.469454050064086914e-01
6.087421178817749023e-01
-4.716413095593452454e-02
3.328042924404144287e-01
5.365747213363647461e-01
-6.558718532323837280e-02
3.138463497161865234e-01
4.680772721767425537e-01
-7.681518048048019409e-02
3.073449432849884033e-01
6.927391886711120605e-01
-2.077519148588180542e-02
3.359145522117614746e-01
5.719268321990966797e-01
-5.161408334970474243e-02
3.502195477485656738e-01
5.000793933868408203e-01
-6.548962742090225220e-02
3.579597771167755127e-01
4.413343966007232666e-01
-6.858945637941360474e-02
2.590687572956085205e-01
7.056199312210083008e-01
-2.798072248697280884e-02
2.568486630916595459e-01
6.244444847106933594e-01
-8.130688220262527466e-02
2.604992389678955078e-01
7.160434126853942871e-01
-8.306539058685302734e-02
2.663768529891967773e-01
7.857866883277893066e-01
-6.614875048398971558e-02
2.105400264263153076e-01
7.424584031105041504e-01
-3.791408613324165344e-02
2.117165327072143555e-01
6.893917322158813477e-01
-8.175234496593475342e-02
2.266019284725189209e-01
7.547035217285156250e-01
-7.763560861349105835e-02
2.391076385974884033e-01
8.078638315200805664e-01
-6.233818456530570984e-02
