4.174456000328063965e-01
8.698566555976867676e-01
1.136785385824623518e-07
3.655796349048614502e-01
7.579497098922729492e-01
6.915256381034851074e-03
3.762695491313934326e-01
6.450093984603881836e-01
4.462610464543104172e-03
4.163276851177215576e-01
5.685656666755676270e-01
1.465609879232943058e-03
4.525974690914154053e-01
5.290180444717407227e-01
-1.905502285808324814e-03
4.236230552196502686e-01
6.144290566444396973e-01
-3.631957992911338806e-02
4.425497353076934814e-01
4.725969731807708740e-01
-4.604572802782058716e-02
4.472964406013488770e-01
4.229623973369598389e-01
-4.466440528631210327e-02
4.537737667560577393e-01
3.870294988155364990e-01
-4.145628213882446289e-02
4.714135825634002686e-01
6.269065737724304199e-01
-4.464568570256233215e-02
4.723523259162902832e-01
4.554081857204437256e-01
-5.833319947123527527e-02
4.658831059932708740e-01
3.639255464076995850e-01
-5.936887115240097046e-02
4.623034298419952393e-01
2.968775331974029541e-01
-5.786904320120811462e-02
5.107496976852416992e-01
6.455677747726440430e-01
-4.759963601827621460e-02
4.983183145523071289e-01
5.065845847129821777e-01
-6.035668030381202698e-02
4.730495512485504150e-01
5.103737115859985352e-01
-5.068103969097137451e-02
4.568468034267425537e-01
5.371848344802856445e-01
-3.907573223114013672e-02
5.366890430450439453e-01
6.662020087242126465e-01
-4.889993742108345032e-02
5.127479434013366699e-01
5.614732503890991211e-01
-5.217659100890159607e-02
4.874813258647918701e-01
5.639828443527221680e-01
-3.660930320620536804e-02
4.780699014663696289e-01
5.884989500045776367e-01
-2.129017002880573273e-02
