2.616932392120361328e-01
7.663950324058532715e-01
6.060705572963343002e-07
3.112382888793945312e-01
7.276940345764160156e-01
-3.726282343268394470e-02
3.325874507427215576e-01
6.655160188674926758e-01
-5.445744842290878296e-02
3.023901581764221191e-01
6.040584444999694824e-01
-7.012984901666641235e-02
2.743844687938690186e-01
5.480277538299560547e-01
-8.292412012815475464e-02
3.293183147907257080e-01
5.411965250968933105e-01
-2.075187303125858307e-02
3.216732740402221680e-01
4.570692181587219238e-01
-4.447301477193832397e-02
3.094449341297149658e-01
4.004018306732177734e-01
-6.096275895833969116e-02
2.952194511890411377e-01
3.462617993354797363e-01
-7.080905139446258545e-02
2.927082180976867676e-01
5.346053242683410645e-01
-2.009657956659793854e-02
3.083905279636383057e-01
4.263170361518859863e-01
-4.424786195158958435e-02
3.221891820430755615e-01
3.614189028739929199e-01
-5.562073364853858948e-02
3.332800567150115967e-01
3.079087436199188232e-01
-5.926517769694328308e-02
2.540495693683624268e-01
5.520827770233154297e-01
-2.519037574529647827e-02
2.528430819511413574e-01
4.894546866416931152e-01
-6.624560058116912842e-02
2.592765688896179199e-01
5.613545179367065430e-01
-6.759717315435409546e-02
2.643424570560455322e-01
6.148150563240051270e-01
-5.498890578746795654e-02
2.158235907554626465e-01
5.860528349876403809e-01
-3.320417553186416626e-02
2.181970626115798950e-01
5.399556159973144531e-01
-6.400785595178604126e-02
2.300227284431457520e-01
5.893157720565795898e-01
-5.888338759541511536e-02
2.374543994665145874e-01
6.275787949562072754e-01
-4.683560878038406372e-02
