4.082188308238983154e-01
8.277449607849121094e-01
5.349119369668642321e-09
3.792929947376251221e-01
7.164463400840759277e-01
1.753191649913787842e-02
4.002844393253326416e-01
6.253534555435180664e-01
1.632353290915489197e-02
4.446745216846466064e-01
5.718269348144531250e-01
1.305676717311143875e-02
4.828845560550689697e-01
5.408235788345336914e-01
1.291619800031185150e-02
4.180946350097656250e-01
5.921348929405212402e-01
-3.102777153253555298e-02
4.551930427551269531e-01
4.832577407360076904e-01
-3.992487117648124695e-02
4.646547734737396240e-01
5.062423348426818848e-01
-3.124285116791725159e-02
4.719837903976440430e-01
5.502810478210449219e-01
-1.942174695432186127e-02
4.627816081047058105e-01
6.061812639236450195e-01
-4.405437037348747253e-02
4.821020960807800293e-01
4.530666768550872803e-01
-5.357071384787559509e-02
4.885053932666778564e-01
3.792803883552551270e-01
-4.964276775717735291e-02
4.963875114917755127e-01
3.321602344512939453e-01
-4.510505124926567078e-02
5.029011368751525879e-01
6.341866850852966309e-01
-5.070279911160469055e-02
5.158104896545410156e-01
5.166366696357727051e-01
-5.570681393146514893e-02
4.941421151161193848e-01
5.335640907287597656e-01
-3.790514916181564331e-02
4.748627245426177979e-01
5.672028660774230957e-01
-2.229003980755805969e-02
5.335935354232788086e-01
6.716799139976501465e-01
-5.490694195032119751e-02
5.272108316421508789e-01
5.824566483497619629e-01
-4.719641804695129395e-02
5.070291161537170410e-01
5.908277630805969238e-01
-2.174993418157100677e-02
4.983259141445159912e-01
6.160061359405517578e-01
-7.307694177143275738e-04
