7.734515070915222168e-01
9.798455238342285156e-01
9.950234698408166878e-07
7.047800421714782715e-01
9.402887821197509766e-01
-5.902006849646568298e-02
6.745015382766723633e-01
8.406007289886474609e-01
-9.158508479595184326e-02
7.401559352874755859e-01
7.714352011680603027e-01
-1.208502277731895447e-01
8.107979297637939453e-01
7.273872494697570801e-01
-1.465764343738555908e-01
6.938514709472656250e-01
6.508868932723999023e-01
-5.726587772369384766e-02
7.161862850189208984e-01
5.152250528335571289e-01
-1.044781729578971863e-01
7.406270503997802734e-01
4.253976345062255859e-01
-1.357598751783370972e-01
7.610622048377990723e-01
3.444708883762359619e-01
-1.561612039804458618e-01
7.539232969284057617e-01
6.427938342094421387e-01
-5.862595140933990479e-02
7.379121780395507812e-01
4.732716381549835205e-01
-1.061959341168403625e-01
7.302705645561218262e-01
3.735828101634979248e-01
-1.301722973585128784e-01
7.237861156463623047e-01
2.793745398521423340e-01
-1.405183523893356323e-01
8.091303706169128418e-01
6.757844686508178711e-01
-6.710006296634674072e-02
8.255866765975952148e-01
6.084620952606201172e-01
-1.310117095708847046e-01
8.105625510215759277e-01
7.137359976768493652e-01
-1.345218122005462646e-01
7.922599911689758301e-01
7.808799147605895996e-01
-1.186868026852607727e-01
8.601840138435363770e-01
7.329219579696655273e-01
-8.106559514999389648e-02
8.659036755561828613e-01
7.160466909408569336e-01
-1.321583092212677002e-01
8.372853398323059082e-01
7.948040366172790527e-01
-1.333425492048263550e-01
8.092111945152282715e-01
8.421621322631835938e-01
-1.225755065679550171e-01
