7.193347811698913574e-01
9.921817779541015625e-01
9.342119255961733870e-07
6.531940698623657227e-01
9.549518823623657227e-01
-4.835663735866546631e-02
6.142561435699462891e-01
8.669356107711791992e-01
-7.844376564025878906e-02
6.661393046379089355e-01
8.030819892883300781e-01
-1.081724390387535095e-01
7.342219352722167969e-01
7.664392590522766113e-01
-1.350329518318176270e-01
6.327911019325256348e-01
6.777636408805847168e-01
-4.586794227361679077e-02
6.503189802169799805e-01
5.497575402259826660e-01
-8.975575864315032959e-02
6.693739295005798340e-01
4.624544382095336914e-01
-1.188237220048904419e-01
6.868146657943725586e-01
3.825274109840393066e-01
-1.382100731134414673e-01
6.891041398048400879e-01
6.649160385131835938e-01
-5.333456769585609436e-02
6.670021414756774902e-01
5.029953718185424805e-01
-9.793300181627273560e-02
6.540845632553100586e-01
4.080768227577209473e-01
-1.211027726531028748e-01
6.441192626953125000e-01
3.149887919425964355e-01
-1.317200660705566406e-01
7.448127269744873047e-01
6.939309239387512207e-01
-6.709576398134231567e-02
7.499241232872009277e-01
6.253924369812011719e-01
-1.291343122720718384e-01
7.330614328384399414e-01
7.296325564384460449e-01
-1.346209347248077393e-01
7.161759138107299805e-01
7.998524904251098633e-01
-1.210112869739532471e-01
7.974761128425598145e-01
7.506846785545349121e-01
-8.543930947780609131e-02
7.899653911590576172e-01
7.441397905349731445e-01
-1.351252347230911255e-01
7.608745098114013672e-01
8.185229897499084473e-01
-1.382412314414978027e-01
7.355430126190185547e-01
8.651363849639892578e-01
-1.295452564954757690e-01
