6.610658764839172363e-01
8.369929790496826172e-01
7.133779149626207072e-07
6.054241657257080078e-01
8.112766742706298828e-01
-3.214076533913612366e-02
5.653085708618164062e-01
7.405267953872680664e-01
-5.298554152250289917e-02
5.993399024009704590e-01
6.845651268959045410e-01
-7.488032430410385132e-02
6.508181095123291016e-01
6.509903073310852051e-01
-9.612940996885299683e-02
5.848195552825927734e-01
5.874412655830383301e-01
-3.585736453533172607e-02
5.952433943748474121e-01
4.826147258281707764e-01
-6.938457489013671875e-02
6.066222190856933594e-01
4.108556210994720459e-01
-9.184270352125167847e-02
6.175237894058227539e-01
3.458080291748046875e-01
-1.072665899991989136e-01
6.312137246131896973e-01
5.776575803756713867e-01
-4.375786706805229187e-02
6.170107722282409668e-01
4.473371505737304688e-01
-7.578020542860031128e-02
6.053711175918579102e-01
3.728201389312744141e-01
-9.311570227146148682e-02
5.959222316741943359e-01
3.023847937583923340e-01
-1.021998897194862366e-01
6.763815283775329590e-01
6.006963849067687988e-01
-5.559175461530685425e-02
6.667529344558715820e-01
5.412459373474121094e-01
-1.012512966990470886e-01
6.492810249328613281e-01
6.222313642501831055e-01
-1.059474423527717590e-01
6.394442915916442871e-01
6.820232272148132324e-01
-9.698235988616943359e-02
7.155328392982482910e-01
6.460288166999816895e-01
-7.034961879253387451e-02
6.893281340599060059e-01
6.431772708892822266e-01
-1.090641766786575317e-01
6.668830513954162598e-01
7.045485973358154297e-01
-1.124016046524047852e-01
6.560131907463073730e-01
7.474606037139892578e-01
-1.066269725561141968e-01
