5.684955120086669922e-01
1.059470295906066895e+00
8.347151378984563053e-07
5.044352412223815918e-01
1.009667754173278809e+00
-2.919856645166873932e-02
4.567603170871734619e-01
9.212547540664672852e-01
-5.306680127978324890e-02
4.857507646083831787e-01
8.727167844772338867e-01
-8.172467350959777832e-02
5.473420619964599609e-01
8.499465584754943848e-01
-1.101407259702682495e-01
4.859412014484405518e-01
7.567170858383178711e-01
-3.023923374712467194e-02
4.899244606494903564e-01
6.290378570556640625e-01
-6.804844737052917480e-02
4.982687234878540039e-01
5.526789426803588867e-01
-9.035185724496841431e-02
5.056158900260925293e-01
4.826360046863555908e-01
-1.032019704580307007e-01
5.367037057876586914e-01
7.467706203460693359e-01
-4.500389844179153442e-02
5.230949521064758301e-01
5.936600565910339355e-01
-8.521464467048645020e-02
5.021150112152099609e-01
5.064331293106079102e-01
-1.060293614864349365e-01
4.836679399013519287e-01
4.291804730892181396e-01
-1.130351349711418152e-01
5.895234346389770508e-01
7.688126564025878906e-01
-6.412695348262786865e-02
5.498022437095642090e-01
7.145012617111206055e-01
-1.212252080440521240e-01
5.350484848022460938e-01
8.162394762039184570e-01
-1.269396394491195679e-01
5.381642580032348633e-01
8.873338103294372559e-01
-1.117923930287361145e-01
6.363429427146911621e-01
8.179093003273010254e-01
-8.541844785213470459e-02
5.862588882446289062e-01
8.002664446830749512e-01
-1.235055327415466309e-01
5.649507641792297363e-01
8.733139634132385254e-01
-1.187150627374649048e-01
5.678865313529968262e-01
9.263325929641723633e-01
-1.043150573968887329e-01
