6.951231360435485840e-01
1.051094889640808105e+00
1.014059535009437241e-06
6.344200968742370605e-01
1.006250619888305664e+00
-5.955652892589569092e-02
6.045486927032470703e-01
9.271712303161621094e-01
-9.801414608955383301e-02
6.654015779495239258e-01
8.784910440444946289e-01
-1.338278949260711670e-01
7.385843992233276367e-01
8.521679639816284180e-01
-1.657901853322982788e-01
6.340999603271484375e-01
7.424190044403076172e-01
-6.250361353158950806e-02
6.624332070350646973e-01
6.082020401954650879e-01
-1.100824773311614990e-01
6.891365051269531250e-01
5.272933244705200195e-01
-1.434664726257324219e-01
7.124142646789550781e-01
4.506343007087707520e-01
-1.660185605287551880e-01
6.939616203308105469e-01
7.352623343467712402e-01
-6.603305041790008545e-02
6.854093670845031738e-01
5.652326941490173340e-01
-1.128884702920913696e-01
6.818639636039733887e-01
4.657152593135833740e-01
-1.383749842643737793e-01
6.801006793975830078e-01
3.662790060043334961e-01
-1.516212075948715210e-01
7.488797903060913086e-01
7.703465819358825684e-01
-7.609955966472625732e-02
7.557863593101501465e-01
6.928805112838745117e-01
-1.392297744750976562e-01
7.422851324081420898e-01
8.058738708496093750e-01
-1.379526406526565552e-01
7.296081781387329102e-01
8.797246813774108887e-01
-1.191863045096397400e-01
7.968930602073669434e-01
8.348031044006347656e-01
-9.199266135692596436e-02
7.999741435050964355e-01
7.857879996299743652e-01
-1.416011899709701538e-01
7.756203413009643555e-01
8.622352480888366699e-01
-1.358235925436019897e-01
7.552332878112792969e-01
9.197736382484436035e-01
-1.200273558497428894e-01
