3.969169557094573975e-01
8.074281215667724609e-01
2.976731536818988388e-07
3.469652831554412842e-01
7.053057551383972168e-01
5.585561972111463547e-03
3.571917414665222168e-01
6.042312383651733398e-01
2.781986258924007416e-03
3.986711502075195312e-01
5.519906878471374512e-01
-2.617029938846826553e-03
4.346630871295928955e-01
5.307491421699523926e-01
-8.775732479989528656e-03
3.892190456390380859e-01
5.560303926467895508e-01
-2.138212509453296661e-02
4.025689363479614258e-01
4.278296828269958496e-01
-3.478213399648666382e-02
4.085976481437683105e-01
3.522561192512512207e-01
-4.012797772884368896e-02
4.127593040466308594e-01
2.954081892967224121e-01
-4.154877364635467529e-02
4.354790449142456055e-01
5.679099559783935547e-01
-3.135259822010993958e-02
4.358353912830352783e-01
4.316358268260955811e-01
-4.286709427833557129e-02
4.327570199966430664e-01
3.533644080162048340e-01
-4.763632267713546753e-02
4.329305589199066162e-01
2.968656718730926514e-01
-4.875438287854194641e-02
4.758909046649932861e-01
5.928968787193298340e-01
-3.807858005166053772e-02
4.663266837596893311e-01
5.091814994812011719e-01
-4.718753695487976074e-02
4.457947909832000732e-01
5.280957221984863281e-01
-4.100011289119720459e-02
4.316239058971405029e-01
5.620755553245544434e-01
-3.246008977293968201e-02
5.046167373657226562e-01
6.234258413314819336e-01
-4.467866569757461548e-02
4.807325005531311035e-01
5.786092877388000488e-01
-4.508408159017562866e-02
4.619545638561248779e-01
5.933384895324707031e-01
-3.265905380249023438e-02
4.548267424106597900e-01
6.199029088020324707e-01
-1.983356103301048279e-02
