3.346541225910186768e-01
9.027677774429321289e-01
7.030772053440159652e-07
3.941778838634490967e-01
8.690825700759887695e-01
-3.938524425029754639e-02
4.282146394252777100e-01
7.916418313980102539e-01
-5.774194374680519104e-02
4.008176922798156738e-01
7.191658020019531250e-01
-7.601603865623474121e-02
3.707260489463806152e-01
6.553354263305664062e-01
-9.150644391775131226e-02
4.153920710086822510e-01
6.436936855316162109e-01
-2.800028026103973389e-02
4.101620316505432129e-01
5.393651723861694336e-01
-6.056919693946838379e-02
3.950022161006927490e-01
4.676750898361206055e-01
-8.127665519714355469e-02
3.737764060497283936e-01
4.013427793979644775e-01
-9.282031655311584473e-02
3.707779347896575928e-01
6.319718360900878906e-01
-3.069052472710609436e-02
3.983114063739776611e-01
5.027552843093872070e-01
-6.628810614347457886e-02
4.100694060325622559e-01
4.230215251445770264e-01
-8.234688639640808105e-02
4.149141311645507812e-01
3.562394976615905762e-01
-8.621471375226974487e-02
3.239136338233947754e-01
6.492611169815063477e-01
-3.891484439373016357e-02
3.242845237255096436e-01
5.716279149055480957e-01
-9.352330118417739868e-02
3.317672312259674072e-01
6.610289216041564941e-01
-9.386190026998519897e-02
3.382668495178222656e-01
7.305622100830078125e-01
-7.541462779045104980e-02
2.774595618247985840e-01
6.904584765434265137e-01
-5.003497377038002014e-02
2.809265255928039551e-01
6.399820446968078613e-01
-9.181288629770278931e-02
2.997447550296783447e-01
7.019385695457458496e-01
-8.496852964162826538e-02
3.132907748222351074e-01
7.540093660354614258e-01
-6.740929931402206421e-02
