4.816761016845703125e-01
1.022445559501647949e+00
9.101939326683350373e-07
5.505482554435729980e-01
9.791558980941772461e-01
-4.400780424475669861e-02
5.927412509918212891e-01
8.985887765884399414e-01
-6.688694655895233154e-02
5.764638185501098633e-01
8.267213702201843262e-01
-8.996075391769409180e-02
5.462439060211181641e-01
7.540802359580993652e-01
-1.102962419390678406e-01
5.792651772499084473e-01
7.225770354270935059e-01
-3.680568560957908630e-02
5.834171175956726074e-01
6.059968471527099609e-01
-7.197029888629913330e-02
5.753086805343627930e-01
5.233407020568847656e-01
-9.439720213413238525e-02
5.632825493812561035e-01
4.465477168560028076e-01
-1.079189255833625793e-01
5.259640812873840332e-01
7.109215259552001953e-01
-4.250685498118400574e-02
5.576193928718566895e-01
5.636327862739562988e-01
-8.146467059850692749e-02
5.863228440284729004e-01
4.765608310699462891e-01
-9.912894666194915771e-02
6.089652180671691895e-01
4.020555019378662109e-01
-1.048395633697509766e-01
4.682551622390747070e-01
7.347822189331054688e-01
-5.411711335182189941e-02
4.915066659450531006e-01
6.512541770935058594e-01
-1.163860857486724854e-01
5.062593817710876465e-01
7.615033388137817383e-01
-1.154620647430419922e-01
5.111255049705505371e-01
8.433141112327575684e-01
-9.479553252458572388e-02
4.138307571411132812e-01
7.869069576263427734e-01
-6.890055537223815918e-02
4.386172890663146973e-01
7.276027202606201172e-01
-1.165670305490493774e-01
4.633070230484008789e-01
7.996865510940551758e-01
-1.083130240440368652e-01
4.741622507572174072e-01
8.601727485656738281e-01
-8.934370428323745728e-02
