2.764396667480468750e-01
1.045007824897766113e+00
9.337344977211614605e-07
3.361479043960571289e-01
9.873997569084167480e-01
-5.709746852517127991e-02
3.523459136486053467e-01
8.899980187416076660e-01
-8.163730800151824951e-02
3.021771311759948730e-01
8.127421140670776367e-01
-1.041840985417366028e-01
2.505387365818023682e-01
7.398344278335571289e-01
-1.235447824001312256e-01
3.309662938117980957e-01
7.180175781250000000e-01
-3.862851485610008240e-02
3.031792938709259033e-01
5.938659906387329102e-01
-7.599154859781265259e-02
2.733463048934936523e-01
5.096064805984497070e-01
-1.011386290192604065e-01
2.400119900703430176e-01
4.297166764736175537e-01
-1.177348792552947998e-01
2.752839624881744385e-01
7.081838250160217285e-01
-3.867214918136596680e-02
2.901163101196289062e-01
5.499038696289062500e-01
-8.125570416450500488e-02
2.913109362125396729e-01
4.532846808433532715e-01
-1.030752807855606079e-01
2.870439887046813965e-01
3.721605539321899414e-01
-1.110421270132064819e-01
2.211575657129287720e-01
7.396070361137390137e-01
-4.662080481648445129e-02
1.947999894618988037e-01
6.435204744338989258e-01
-1.178343221545219421e-01
2.103008478879928589e-01
7.539452314376831055e-01
-1.234138309955596924e-01
2.276420295238494873e-01
8.374577760696411133e-01
-1.047312691807746887e-01
1.733717322349548340e-01
8.016415834426879883e-01
-5.846417322754859924e-02
1.459699422121047974e-01
7.309185266494750977e-01
-1.180154532194137573e-01
1.700914800167083740e-01
8.049635887145996094e-01
-1.157327294349670410e-01
1.956491917371749878e-01
8.684666156768798828e-01
-9.864988923072814941e-02
