3.659336864948272705e-01
9.299695491790771484e-01
7.123925342966686003e-07
4.288585484027862549e-01
8.868348598480224609e-01
-3.817375004291534424e-02
4.638352692127227783e-01
8.017019033432006836e-01
-5.430587008595466614e-02
4.392849802970886230e-01
7.262507677078247070e-01
-7.134515047073364258e-02
4.103706479072570801e-01
6.580860018730163574e-01
-8.533178269863128662e-02
4.464905858039855957e-01
6.467989087104797363e-01
-1.986250467598438263e-02
4.398711621761322021e-01
5.382675528526306152e-01
-5.120313167572021484e-02
4.246236085891723633e-01
4.641980528831481934e-01
-7.178456336259841919e-02
4.032785296440124512e-01
3.951970934867858887e-01
-8.340182155370712280e-02
4.013521969318389893e-01
6.368042230606079102e-01
-2.409198135137557983e-02
4.282325804233551025e-01
4.995018839836120605e-01
-5.934721231460571289e-02
4.399926662445068359e-01
4.164219200611114502e-01
-7.561738044023513794e-02
4.442938864231109619e-01
3.496541082859039307e-01
-7.916402071714401245e-02
3.535289466381072998e-01
6.577401757240295410e-01
-3.454634174704551697e-02
3.532803952693939209e-01
5.768731832504272461e-01
-9.074848890304565430e-02
3.645832836627960205e-01
6.687349677085876465e-01
-9.230615198612213135e-02
3.736633062362670898e-01
7.414795756340026855e-01
-7.375851273536682129e-02
3.063846826553344727e-01
7.041821479797363281e-01
-4.793316498398780823e-02
3.107973039150238037e-01
6.519327163696289062e-01
-9.119269996881484985e-02
3.313428461551666260e-01
7.156461477279663086e-01
-8.509061485528945923e-02
3.462963402271270752e-01
7.706277966499328613e-01
-6.768575310707092285e-02
