4.740702509880065918e-01
9.336332082748413086e-01
7.144938649616960902e-07
5.455654859542846680e-01
8.964068889617919922e-01
-4.324673488736152649e-02
5.878036022186279297e-01
8.165139555931091309e-01
-6.233318522572517395e-02
5.711931586265563965e-01
7.363303899765014648e-01
-8.058675378561019897e-02
5.571143627166748047e-01
6.569741368293762207e-01
-9.510130435228347778e-02
5.793727636337280273e-01
6.546466350555419922e-01
-2.768218889832496643e-02
5.823094248771667480e-01
5.440223217010498047e-01
-5.800313875079154968e-02
5.736491084098815918e-01
4.685183763504028320e-01
-7.815281301736831665e-02
5.611106753349304199e-01
3.965234756469726562e-01
-9.050680696964263916e-02
5.330755114555358887e-01
6.407846212387084961e-01
-2.941124141216278076e-02
5.629043579101562500e-01
5.050010681152343750e-01
-6.223306432366371155e-02
5.873168706893920898e-01
4.309378266334533691e-01
-7.705657929182052612e-02
6.045930385589599609e-01
3.693633973598480225e-01
-8.182790875434875488e-02
4.820035398006439209e-01
6.567071676254272461e-01
-3.758450597524642944e-02
4.987168908119201660e-01
5.736762285232543945e-01
-9.268915653228759766e-02
5.111711025238037109e-01
6.711651682853698730e-01
-9.335955977439880371e-02
5.143472552299499512e-01
7.434335947036743164e-01
-7.617685943841934204e-02
4.317404925823211670e-01
6.973074078559875488e-01
-4.901843518018722534e-02
4.554868936538696289e-01
6.401011347770690918e-01
-9.267860651016235352e-02
4.760397076606750488e-01
7.069015502929687500e-01
-8.755551278591156006e-02
4.831725060939788818e-01
7.612693309783935547e-01
-7.225743681192398071e-02
