2.855603694915771484e-01
9.771298170089721680e-01
8.116182357298384886e-07
3.500109314918518066e-01
9.252113699913024902e-01
-5.042203888297080994e-02
3.743513226509094238e-01
8.343898653984069824e-01
-7.192942500114440918e-02
3.234448432922363281e-01
7.564153671264648438e-01
-9.206517040729522705e-02
2.759855389595031738e-01
6.869717240333557129e-01
-1.088345870375633240e-01
3.531991541385650635e-01
6.679697632789611816e-01
-2.886136062443256378e-02
3.290791213512420654e-01
5.509449839591979980e-01
-6.361633539199829102e-02
3.011105060577392578e-01
4.700411260128021240e-01
-8.677514642477035522e-02
2.685427069664001465e-01
3.949195444583892822e-01
-1.010794043540954590e-01
2.996645569801330566e-01
6.587866544723510742e-01
-2.939281240105628967e-02
3.154179453849792480e-01
5.102920532226562500e-01
-6.783634424209594727e-02
3.175773620605468750e-01
4.195089638233184814e-01
-8.601970970630645752e-02
3.144418299198150635e-01
3.447154164314270020e-01
-9.106919169425964355e-02
2.482260018587112427e-01
6.867441534996032715e-01
-3.749166056513786316e-02
2.253504991531372070e-01
5.939318537712097168e-01
-1.019695699214935303e-01
2.372728735208511353e-01
6.940332651138305664e-01
-1.052687913179397583e-01
2.519231736660003662e-01
7.705754637718200684e-01
-8.599800616502761841e-02
2.008277326822280884e-01
7.440311908721923828e-01
-4.910992458462715149e-02
1.809603720903396606e-01
6.760869622230529785e-01
-1.024457588791847229e-01
2.028914242982864380e-01
7.459187507629394531e-01
-9.825854748487472534e-02
2.258990406990051270e-01
8.063559532165527344e-01
-8.027055859565734863e-02
