3.567703962326049805e-01
9.920453429222106934e-01
9.115350962929369416e-07
4.265664219856262207e-01
9.453802704811096191e-01
-5.067793652415275574e-02
4.639931917190551758e-01
8.451824188232421875e-01
-7.276006042957305908e-02
4.235968887805938721e-01
7.578985095024108887e-01
-9.498509019613265991e-02
3.777720332145690918e-01
6.799712181091308594e-01
-1.139095723628997803e-01
4.437876045703887939e-01
6.554135680198669434e-01
-2.976221218705177307e-02
4.317837953567504883e-01
5.192641019821166992e-01
-6.815448403358459473e-02
4.117510616779327393e-01
4.254871606826782227e-01
-9.325360506772994995e-02
3.855241537094116211e-01
3.402161300182342529e-01
-1.079204156994819641e-01
3.867934048175811768e-01
6.455757617950439453e-01
-3.378034755587577820e-02
4.155419170856475830e-01
4.826220870018005371e-01
-7.848953455686569214e-02
4.223957955837249756e-01
3.801842331886291504e-01
-1.006848141551017761e-01
4.209954738616943359e-01
2.948702871799468994e-01
-1.068659946322441101e-01
3.295419812202453613e-01
6.727484464645385742e-01
-4.522176831960678101e-02
3.180741965770721436e-01
5.703933238983154297e-01
-1.182391270995140076e-01
3.288070559501647949e-01
6.838797330856323242e-01
-1.223345026373863220e-01
3.410978317260742188e-01
7.723324298858642578e-01
-1.004059314727783203e-01
2.742234468460083008e-01
7.300056815147399902e-01
-6.015488877892494202e-02
2.633747756481170654e-01
6.601638793945312500e-01
-1.198844537138938904e-01
2.877808809280395508e-01
7.375515699386596680e-01
-1.154666766524314880e-01
3.109623193740844727e-01
8.047857880592346191e-01
-9.502722322940826416e-02
