3.305998742580413818e-01
9.298988580703735352e-01
7.156777428463101387e-07
3.953067958354949951e-01
8.876028060913085938e-01
-4.265098273754119873e-02
4.265519976615905762e-01
7.983654737472534180e-01
-6.079494580626487732e-02
3.899219632148742676e-01
7.193998694419860840e-01
-7.888739556074142456e-02
3.517816662788391113e-01
6.514455080032348633e-01
-9.430711716413497925e-02
4.084299504756927490e-01
6.388719677925109863e-01
-2.618720196187496185e-02
3.952678143978118896e-01
5.261378288269042969e-01
-5.898188799619674683e-02
3.745705485343933105e-01
4.475625753402709961e-01
-8.061000704765319824e-02
3.477432429790496826e-01
3.734457194805145264e-01
-9.382573515176773071e-02
3.584356009960174561e-01
6.273638010025024414e-01
-2.903002128005027771e-02
3.798767030239105225e-01
4.858580827713012695e-01
-6.584318727254867554e-02
3.867709934711456299e-01
4.011328220367431641e-01
-8.325299620628356934e-02
3.871750533580780029e-01
3.287396132946014404e-01
-8.828628063201904297e-02
3.093349337577819824e-01
6.490504145622253418e-01
-3.806549683213233948e-02
2.961204051971435547e-01
5.572260022163391113e-01
-9.781175851821899414e-02
3.077832162380218506e-01
6.541266441345214844e-01
-9.961936622858047485e-02
3.209000229835510254e-01
7.296496033668518066e-01
-8.097180724143981934e-02
2.622577250003814697e-01
6.986050605773925781e-01
-5.018081888556480408e-02
2.513341009616851807e-01
6.367256045341491699e-01
-9.911844134330749512e-02
2.743865251541137695e-01
7.032685875892639160e-01
-9.446312487125396729e-02
2.966227531433105469e-01
7.621051669120788574e-01
-7.716887444257736206e-02
