3.268554508686065674e-01
8.161406517028808594e-01
7.486297590730828233e-07
3.842755556106567383e-01
7.730316519737243652e-01
-4.279416799545288086e-02
4.158934354782104492e-01
6.942389011383056641e-01
-6.219562888145446777e-02
3.876604735851287842e-01
6.233245730400085449e-01
-8.014663308858871460e-02
3.539880514144897461e-01
5.592828392982482910e-01
-9.465731680393218994e-02
4.053989946842193604e-01
5.550271272659301758e-01
-3.032738529145717621e-02
3.985387384891510010e-01
4.527387619018554688e-01
-6.180860474705696106e-02
3.813225328922271729e-01
3.807019591331481934e-01
-8.253762125968933105e-02
3.597769141197204590e-01
3.130374252796173096e-01
-9.453587979078292847e-02
3.609907031059265137e-01
5.495036244392395020e-01
-3.102545440196990967e-02
3.834254145622253418e-01
4.193992912769317627e-01
-6.384595483541488647e-02
4.003915786743164062e-01
3.420398235321044922e-01
-7.715027034282684326e-02
4.116125404834747314e-01
2.801039516925811768e-01
-7.961754500865936279e-02
3.146942555904388428e-01
5.723655819892883301e-01
-3.809011727571487427e-02
3.169602453708648682e-01
5.013963580131530762e-01
-9.178856760263442993e-02
3.328723013401031494e-01
5.907751321792602539e-01
-9.275443106889724731e-02
3.434637486934661865e-01
6.566177606582641602e-01
-7.529387623071670532e-02
2.697755396366119385e-01
6.155327558517456055e-01
-4.830507189035415649e-02
2.819954752922058105e-01
5.688384771347045898e-01
-8.984863013029098511e-02
3.013488948345184326e-01
6.324484348297119141e-01
-8.390861749649047852e-02
3.125414252281188965e-01
6.801694631576538086e-01
-6.793944537639617920e-02
