2.705738544464111328e-01
9.873102903366088867e-01
8.880905966179852840e-07
3.410759568214416504e-01
9.305606484413146973e-01
-5.739539861679077148e-02
3.671703040599822998e-01
8.301123976707458496e-01
-7.975883036851882935e-02
3.111810982227325439e-01
7.443714141845703125e-01
-1.001781746745109558e-01
2.640415132045745850e-01
6.619471311569213867e-01
-1.164682433009147644e-01
3.485451042652130127e-01
6.444041728973388672e-01
-2.769499644637107849e-02
3.257072269916534424e-01
5.143299698829650879e-01
-6.280399858951568604e-02
2.986443042755126953e-01
4.248885810375213623e-01
-8.643193542957305908e-02
2.668296396732330322e-01
3.420375287532806396e-01
-1.010441631078720093e-01
2.913982570171356201e-01
6.317493319511413574e-01
-2.698173746466636658e-02
3.103845715522766113e-01
4.688914120197296143e-01
-6.650644540786743164e-02
3.144584894180297852e-01
3.699236214160919189e-01
-8.646018058061599731e-02
3.124620616436004639e-01
2.897641360759735107e-01
-9.217697381973266602e-02
2.355472594499588013e-01
6.593612432479858398e-01
-3.521892055869102478e-02
2.137421667575836182e-01
5.573060512542724609e-01
-1.057701185345649719e-01
2.244360446929931641e-01
6.688708662986755371e-01
-1.123669371008872986e-01
2.384540736675262451e-01
7.549912929534912109e-01
-9.303282946348190308e-02
1.836734563112258911e-01
7.170894742012023926e-01
-4.746375232934951782e-02
1.604319810867309570e-01
6.417688131332397461e-01
-1.070627868175506592e-01
1.816840469837188721e-01
7.182570695877075195e-01
-1.056147441267967224e-01
2.055380940437316895e-01
7.856389880180358887e-01
-8.809500932693481445e-02
