4.357734620571136475e-01
9.246864318847656250e-01
7.668892862966458779e-07
5.102295875549316406e-01
8.753389120101928711e-01
-4.680254310369491577e-02
5.488176345825195312e-01
7.814849615097045898e-01
-6.789695471525192261e-02
5.282381772994995117e-01
6.915787458419799805e-01
-8.962319791316986084e-02
4.999555349349975586e-01
6.069824099540710449e-01
-1.076500341296195984e-01
5.297193527221679688e-01
6.033794283866882324e-01
-2.710133604705333710e-02
5.230605006217956543e-01
4.788897931575775146e-01
-6.290207058191299438e-02
5.080822110176086426e-01
3.927078843116760254e-01
-8.670728653669357300e-02
4.902906417846679688e-01
3.121021091938018799e-01
-1.014472022652626038e-01
4.794764220714569092e-01
5.915215611457824707e-01
-3.125268220901489258e-02
5.013077855110168457e-01
4.370219707489013672e-01
-7.101862132549285889e-02
5.155602693557739258e-01
3.430092632770538330e-01
-9.073527902364730835e-02
5.252338051795959473e-01
2.643114924430847168e-01
-9.812092036008834839e-02
4.268585443496704102e-01
6.153110861778259277e-01
-4.266509041190147400e-02
4.284251928329467773e-01
5.169631242752075195e-01
-1.059622019529342651e-01
4.443055391311645508e-01
6.195639371871948242e-01
-1.076690331101417542e-01
4.550125002861022949e-01
7.016710042953491211e-01
-8.868591487407684326e-02
3.763276636600494385e-01
6.684039831161499023e-01
-5.777615308761596680e-02
3.818412423133850098e-01
5.993009805679321289e-01
-1.074448823928833008e-01
4.073747694492340088e-01
6.675961017608642578e-01
-1.019911468029022217e-01
4.248045682907104492e-01
7.299271225929260254e-01
-8.463554829359054565e-02
