7.174606323242187500e-01
1.062481880187988281e+00
1.052024458658706862e-06
6.553738713264465332e-01
1.002304792404174805e+00
-8.060073852539062500e-02
6.429518461227416992e-01
8.954510688781738281e-01
-1.231405884027481079e-01
7.317534685134887695e-01
8.373292684555053711e-01
-1.596316248178482056e-01
8.222547173500061035e-01
7.956975698471069336e-01
-1.912173777818679810e-01
6.696214675903320312e-01
6.851959824562072754e-01
-7.552190870046615601e-02
7.031444311141967773e-01
5.276523828506469727e-01
-1.269012391567230225e-01
7.310624718666076660e-01
4.275440573692321777e-01
-1.610807925462722778e-01
7.593503594398498535e-01
3.338801264762878418e-01
-1.852140277624130249e-01
7.343524098396301270e-01
6.758767962455749512e-01
-7.190509140491485596e-02
7.167006134986877441e-01
4.782307147979736328e-01
-1.219113543629646301e-01
7.144314050674438477e-01
3.677637279033660889e-01
-1.453364342451095581e-01
7.191883325576782227e-01
2.576942741870880127e-01
-1.572206020355224609e-01
7.891315817832946777e-01
7.196982502937316895e-01
-7.813452929258346558e-02
8.298564553260803223e-01
6.168854832649230957e-01
-1.567887514829635620e-01
8.114666938781738281e-01
7.443856000900268555e-01
-1.650278270244598389e-01
7.837798595428466797e-01
8.302074074745178223e-01
-1.497513353824615479e-01
8.398288488388061523e-01
7.957383394241333008e-01
-9.134265035390853882e-02
8.695131540298461914e-01
7.547265887260437012e-01
-1.623337119817733765e-01
8.330826759338378906e-01
8.371442556381225586e-01
-1.730050593614578247e-01
7.881370186805725098e-01
8.944998383522033691e-01
-1.666171550750732422e-01
