6.505420207977294922e-01
9.963070750236511230e-01
1.066057734533387702e-06
5.788276791572570801e-01
9.464824795722961426e-01
-5.760496854782104492e-02
5.445040464401245117e-01
8.486014604568481445e-01
-9.516694396734237671e-02
6.086167097091674805e-01
7.952114939689636230e-01
-1.311755180358886719e-01
6.875628829002380371e-01
7.666037678718566895e-01
-1.639219075441360474e-01
5.837681889533996582e-01
6.557352542877197266e-01
-6.374317407608032227e-02
6.196814775466918945e-01
5.176855325698852539e-01
-1.172238290309906006e-01
6.477133035659790039e-01
4.268833398818969727e-01
-1.510604023933410645e-01
6.728637814521789551e-01
3.425073623657226562e-01
-1.737005859613418579e-01
6.471089124679565430e-01
6.466103792190551758e-01
-7.040525972843170166e-02
6.429911851882934570e-01
4.670378267765045166e-01
-1.256790459156036377e-01
6.431750059127807617e-01
3.584091961383819580e-01
-1.536778807640075684e-01
6.459332108497619629e-01
2.492624819278717041e-01
-1.667682528495788574e-01
7.031605839729309082e-01
6.840576529502868652e-01
-8.386482298374176025e-02
7.155023813247680664e-01
6.166051626205444336e-01
-1.575363278388977051e-01
6.887900233268737793e-01
7.281772494316101074e-01
-1.668809056282043457e-01
6.642771959304809570e-01
8.018734455108642578e-01
-1.538034677505493164e-01
7.553765177726745605e-01
7.511572837829589844e-01
-1.023136526346206665e-01
7.406919598579406738e-01
7.675433754920959473e-01
-1.640584021806716919e-01
6.985676288604736328e-01
8.423238396644592285e-01
-1.741396486759185791e-01
6.618874073028564453e-01
8.843149542808532715e-01
-1.686607897281646729e-01
