5.172619223594665527e-01
9.515690803527832031e-01
9.280802828470768873e-07
4.471405148506164551e-01
9.145697951316833496e-01
-3.776262328028678894e-02
3.910170495510101318e-01
8.336300253868103027e-01
-6.623172014951705933e-02
4.244761168956756592e-01
7.770617604255676270e-01
-9.647838771343231201e-02
4.827513098716735840e-01
7.314199209213256836e-01
-1.256942898035049438e-01
4.145679175853729248e-01
6.392248272895812988e-01
-4.898653924465179443e-02
4.265515506267547607e-01
5.086914300918579102e-01
-9.371957927942276001e-02
4.384773075580596924e-01
4.207237064838409424e-01
-1.215097606182098389e-01
4.514067173004150391e-01
3.396354317665100098e-01
-1.386892348527908325e-01
4.733357727527618408e-01
6.225397586822509766e-01
-6.193893030285835266e-02
4.515668749809265137e-01
4.565604925155639648e-01
-1.044845506548881531e-01
4.308880269527435303e-01
3.567562997341156006e-01
-1.274109184741973877e-01
4.151538312435150146e-01
2.641409933567047119e-01
-1.379170864820480347e-01
5.321595668792724609e-01
6.490747928619384766e-01
-7.915970683097839355e-02
5.104660391807556152e-01
5.996099710464477539e-01
-1.366101950407028198e-01
4.885140061378479004e-01
7.030001878738403320e-01
-1.439070552587509155e-01
4.777127206325531006e-01
7.772353887557983398e-01
-1.327078044414520264e-01
5.830045342445373535e-01
7.055446505546569824e-01
-9.966816753149032593e-02
5.400961637496948242e-01
7.294237613677978516e-01
-1.444903314113616943e-01
5.105928182601928711e-01
8.058080673217773438e-01
-1.470512300729751587e-01
4.966340959072113037e-01
8.549182415008544922e-01
-1.383997946977615356e-01
