3.523889183998107910e-01
9.233894348144531250e-01
8.624996326034306549e-07
4.207342863082885742e-01
8.685182332992553711e-01
-4.680434986948966980e-02
4.554032683372497559e-01
7.676743268966674805e-01
-6.599169224500656128e-02
4.279586374759674072e-01
6.786606311798095703e-01
-8.552616089582443237e-02
3.964955806732177734e-01
5.998522043228149414e-01
-1.006609946489334106e-01
4.333680272102355957e-01
5.909317135810852051e-01
-2.485084161162376404e-02
4.226963520050048828e-01
4.634700417518615723e-01
-6.024440005421638489e-02
4.034734070301055908e-01
3.785328269004821777e-01
-8.301528543233871460e-02
3.787385523319244385e-01
3.000223934650421143e-01
-9.564851969480514526e-02
3.827185630798339844e-01
5.851673483848571777e-01
-2.825131639838218689e-02
4.057048261165618896e-01
4.247476756572723389e-01
-6.756862998008728027e-02
4.171950519084930420e-01
3.234796524047851562e-01
-8.600328862667083740e-02
4.230038523674011230e-01
2.404442131519317627e-01
-9.051289409399032593e-02
3.292315304279327393e-01
6.145671606063842773e-01
-3.907437250018119812e-02
3.281160891056060791e-01
5.217695236206054688e-01
-1.031473204493522644e-01
3.461239337921142578e-01
6.285992860794067383e-01
-1.043042987585067749e-01
3.589381873607635498e-01
7.096389532089233398e-01
-8.279683440923690796e-02
2.775715887546539307e-01
6.710880398750305176e-01
-5.355501174926757812e-02
2.842226624488830566e-01
6.078884005546569824e-01
-1.024282127618789673e-01
3.106010556221008301e-01
6.796966791152954102e-01
-9.461808949708938599e-02
3.282935023307800293e-01
7.393914461135864258e-01
-7.438340783119201660e-02
