3.779335618019104004e-01
8.786333799362182617e-01
7.177583256634534337e-07
4.439948201179504395e-01
8.462557196617126465e-01
-3.971223160624504089e-02
4.845110476016998291e-01
7.715297341346740723e-01
-5.713223665952682495e-02
4.728835225105285645e-01
7.000163793563842773e-01
-7.465199381113052368e-02
4.605666697025299072e-01
6.292488574981689453e-01
-8.876787871122360229e-02
4.807244241237640381e-01
6.196388602256774902e-01
-2.500613406300544739e-02
4.889762699604034424e-01
5.142396688461303711e-01
-5.466307327151298523e-02
4.853623807430267334e-01
4.406495094299316406e-01
-7.343699783086776733e-02
4.778518974781036377e-01
3.710497617721557617e-01
-8.428242802619934082e-02
4.385903179645538330e-01
6.073271036148071289e-01
-2.897010929882526398e-02
4.710789918899536133e-01
4.756229519844055176e-01
-6.197537109255790710e-02
4.940448701381683350e-01
3.940358161926269531e-01
-7.754528522491455078e-02
5.108426213264465332e-01
3.261328637599945068e-01
-8.230367302894592285e-02
3.918559551239013672e-01
6.236287355422973633e-01
-3.899093344807624817e-02
4.079212248325347900e-01
5.495036840438842773e-01
-9.321288019418716431e-02
4.159268140792846680e-01
6.415024399757385254e-01
-9.483777731657028198e-02
4.174238145351409912e-01
7.110658288002014160e-01
-7.801190018653869629e-02
3.444130420684814453e-01
6.628811955451965332e-01
-5.204135552048683167e-02
3.645000457763671875e-01
6.119237542152404785e-01
-9.347981214523315430e-02
3.803988397121429443e-01
6.762104034423828125e-01
-8.769945800304412842e-02
3.865284621715545654e-01
7.286847233772277832e-01
-7.204232364892959595e-02
