2.784870266914367676e-01
9.392266273498535156e-01
8.339417263414361514e-07
3.454574644565582275e-01
8.910380005836486816e-01
-4.891087859869003296e-02
3.787605762481689453e-01
7.952244877815246582e-01
-6.836207211017608643e-02
3.398495316505432129e-01
7.129611968994140625e-01
-8.711006492376327515e-02
2.973127365112304688e-01
6.407926082611083984e-01
-1.021263524889945984e-01
3.608855307102203369e-01
6.213585138320922852e-01
-2.615825831890106201e-02
3.480854332447052002e-01
4.969050288200378418e-01
-6.013865023851394653e-02
3.274567425251007080e-01
4.127387702465057373e-01
-8.254573494195938110e-02
3.013125956058502197e-01
3.343102335929870605e-01
-9.522633254528045654e-02
3.098807334899902344e-01
6.095982789993286133e-01
-2.761310711503028870e-02
3.330239057540893555e-01
4.570000767707824707e-01
-6.521944701671600342e-02
3.436979055404663086e-01
3.610944747924804688e-01
-8.311728388071060181e-02
3.485303819179534912e-01
2.821489870548248291e-01
-8.732496947050094604e-02
2.575074434280395508e-01
6.328806877136230469e-01
-3.668937832117080688e-02
2.475415021181106567e-01
5.451824069023132324e-01
-1.004515364766120911e-01
2.616147696971893311e-01
6.494883894920349121e-01
-1.047333180904388428e-01
2.752852439880371094e-01
7.294561266899108887e-01
-8.540237694978713989e-02
2.065739482641220093e-01
6.826443672180175781e-01
-4.936811327934265137e-02
2.011635601520538330e-01
6.200405359268188477e-01
-1.004945784807205200e-01
2.246175557374954224e-01
6.933450698852539062e-01
-9.603383392095565796e-02
2.452441900968551636e-01
7.558249831199645996e-01
-7.782620936632156372e-02
