4.091314375400543213e-01
9.199951887130737305e-01
7.892372764217725489e-07
4.816994965076446533e-01
8.777879476547241211e-01
-4.354007914662361145e-02
5.240005254745483398e-01
7.921371459960937500e-01
-6.354096531867980957e-02
5.081913471221923828e-01
7.135487794876098633e-01
-8.392909914255142212e-02
4.912920296192169189e-01
6.329362988471984863e-01
-1.005494669079780579e-01
5.085976123809814453e-01
6.243402957916259766e-01
-2.838100679218769073e-02
5.128604769706726074e-01
5.081716179847717285e-01
-6.179564073681831360e-02
5.062795877456665039e-01
4.280866384506225586e-01
-8.267585933208465576e-02
4.957683980464935303e-01
3.534136116504669189e-01
-9.484711289405822754e-02
4.625471830368041992e-01
6.137494444847106934e-01
-3.295841068029403687e-02
4.924353957176208496e-01
4.702787399291992188e-01
-7.092742621898651123e-02
5.135539770126342773e-01
3.808634281158447266e-01
-8.965194225311279297e-02
5.274958610534667969e-01
3.056603074073791504e-01
-9.612835943698883057e-02
4.116733074188232422e-01
6.345967650413513184e-01
-4.405885934829711914e-02
4.293078184127807617e-01
5.512995719909667969e-01
-1.050001904368400574e-01
4.437848627567291260e-01
6.534800529479980469e-01
-1.068173497915267944e-01
4.476976692676544189e-01
7.291211485862731934e-01
-8.820381015539169312e-02
3.611931204795837402e-01
6.812472343444824219e-01
-5.834303423762321472e-02
3.851512968540191650e-01
6.201385855674743652e-01
-1.048940941691398621e-01
4.069568514823913574e-01
6.891703605651855469e-01
-9.888174384832382202e-02
4.142754375934600830e-01
7.459836006164550781e-01
-8.171247690916061401e-02
