7.792879939079284668e-01
9.835868477821350098e-01
9.707566732686245814e-07
7.162555456161499023e-01
9.429918527603149414e-01
-6.035357713699340820e-02
6.967967748641967773e-01
8.530918359756469727e-01
-9.375077486038208008e-02
7.644326090812683105e-01
7.889634370803833008e-01
-1.229362338781356812e-01
8.333384394645690918e-01
7.469565868377685547e-01
-1.475351452827453613e-01
7.127830982208251953e-01
6.782400012016296387e-01
-5.714732035994529724e-02
7.371567487716674805e-01
5.540724992752075195e-01
-1.035558506846427917e-01
7.647588849067687988e-01
4.706910550594329834e-01
-1.345963925123214722e-01
7.888675928115844727e-01
3.946813941001892090e-01
-1.550460457801818848e-01
7.673742175102233887e-01
6.669472455978393555e-01
-5.625200271606445312e-02
7.492032051086425781e-01
5.084012746810913086e-01
-1.027622818946838379e-01
7.427700757980346680e-01
4.121183454990386963e-01
-1.257660388946533203e-01
7.393808364868164062e-01
3.186672925949096680e-01
-1.359043568372726440e-01
8.169144392013549805e-01
6.967340707778930664e-01
-6.259296834468841553e-02
8.375474214553833008e-01
6.347456574440002441e-01
-1.230523437261581421e-01
8.229869604110717773e-01
7.404201626777648926e-01
-1.232324391603469849e-01
8.022263646125793457e-01
8.031768798828125000e-01
-1.057671830058097839e-01
8.643931746482849121e-01
7.505693435668945312e-01
-7.494040578603744507e-02
8.751413226127624512e-01
7.331890463829040527e-01
-1.232506781816482544e-01
8.476841449737548828e-01
8.061177134513854980e-01
-1.236852109432220459e-01
8.170503377914428711e-01
8.463048934936523438e-01
-1.126955598592758179e-01
