7.235867381095886230e-01
9.026389122009277344e-01
5.150226343175745569e-07
6.585277915000915527e-01
8.569765090942382812e-01
-1.727186143398284912e-02
6.111381649971008301e-01
7.607775926589965820e-01
-2.979302406311035156e-02
6.282376646995544434e-01
6.824731230735778809e-01
-4.744953289628028870e-02
6.741390824317932129e-01
6.374514698982238770e-01
-6.454075127840042114e-02
6.428565979003906250e-01
6.205030679702758789e-01
-6.176176946610212326e-03
6.387171745300292969e-01
5.150407552719116211e-01
-3.148370236158370972e-02
6.426279544830322266e-01
4.490613043308258057e-01
-4.873599112033843994e-02
6.498478055000305176e-01
3.888317644596099854e-01
-6.026014685630798340e-02
6.845450997352600098e-01
6.139448285102844238e-01
-2.068035118281841278e-02
6.634300947189331055e-01
4.821873307228088379e-01
-4.709745571017265320e-02
6.463218927383422852e-01
4.134163856506347656e-01
-6.172298640012741089e-02
6.346325278282165527e-01
3.529299497604370117e-01
-6.802732497453689575e-02
7.295652031898498535e-01
6.345441937446594238e-01
-3.919922560453414917e-02
6.939610838890075684e-01
5.641021132469177246e-01
-8.344750106334686279e-02
6.751053333282470703e-01
6.449382901191711426e-01
-8.611313998699188232e-02
6.733936071395874023e-01
7.073475122451782227e-01
-7.445624470710754395e-02
7.704573869705200195e-01
6.798329353332519531e-01
-5.925383046269416809e-02
7.237037420272827148e-01
6.412769556045532227e-01
-9.304974973201751709e-02
7.032424807548522949e-01
7.049260139465332031e-01
-8.945201337337493896e-02
7.045477032661437988e-01
7.571347951889038086e-01
-7.867252826690673828e-02
