7.098357081413269043e-01
8.364849090576171875e-01
8.940630777942715213e-07
7.777985930442810059e-01
7.513105869293212891e-01
-5.731461569666862488e-03
7.930548787117004395e-01
6.397541761398315430e-01
-1.795194298028945923e-02
7.648186683654785156e-01
5.583614110946655273e-01
-2.704226970672607422e-02
7.289394736289978027e-01
5.158038735389709473e-01
-3.600505366921424866e-02
7.685065269470214844e-01
5.921471714973449707e-01
-6.073394045233726501e-02
7.616400122642517090e-01
4.413428902626037598e-01
-8.008524030447006226e-02
7.515102624893188477e-01
3.744817972183227539e-01
-8.670579642057418823e-02
7.386124730110168457e-01
3.203940093517303467e-01
-8.774845302104949951e-02
7.095925807952880859e-01
5.850489735603332520e-01
-6.182477995753288269e-02
7.309448122978210449e-01
4.198106527328491211e-01
-7.674708962440490723e-02
7.588693499565124512e-01
3.210516571998596191e-01
-7.553672045469284058e-02
7.790324091911315918e-01
2.534794211387634277e-01
-7.315190881490707397e-02
6.586277484893798828e-01
5.892337560653686523e-01
-5.806055665016174316e-02
6.938580870628356934e-01
4.679028391838073730e-01
-5.804656445980072021e-02
7.178040742874145508e-01
4.820642173290252686e-01
-4.033893346786499023e-02
7.259168028831481934e-01
5.220787525177001953e-01
-2.712530083954334259e-02
6.243406534194946289e-01
6.002539992332458496e-01
-5.541937425732612610e-02
6.677417755126953125e-01
5.241808891296386719e-01
-4.515323042869567871e-02
6.914792656898498535e-01
5.342555642127990723e-01
-2.357893809676170349e-02
6.976377367973327637e-01
5.627848505973815918e-01
-6.595645099878311157e-03
