5.454239249229431152e-01
8.916714191436767578e-01
3.998648310243879678e-07
4.726707339286804199e-01
7.992087602615356445e-01
-1.439445838332176208e-02
4.564740657806396484e-01
6.799497008323669434e-01
-2.630894817411899567e-02
4.791792333126068115e-01
5.835018157958984375e-01
-3.266285732388496399e-02
5.060166716575622559e-01
5.316538214683532715e-01
-3.804724290966987610e-02
5.314574241638183594e-01
6.396294236183166504e-01
-6.735792756080627441e-02
5.431615114212036133e-01
4.746800661087036133e-01
-8.439946919679641724e-02
5.531636476516723633e-01
3.909725248813629150e-01
-8.755386620759963989e-02
5.602781772613525391e-01
3.263226747512817383e-01
-8.624461293220520020e-02
5.869558453559875488e-01
6.414327621459960938e-01
-6.198769807815551758e-02
5.759412050247192383e-01
4.634901285171508789e-01
-7.963573932647705078e-02
5.681193470954895020e-01
3.612755239009857178e-01
-8.178937435150146484e-02
5.604037046432495117e-01
2.868363559246063232e-01
-8.027030527591705322e-02
6.276073455810546875e-01
6.527698040008544922e-01
-5.137190595269203186e-02
5.912566781044006348e-01
5.276291966438293457e-01
-6.337773054838180542e-02
5.610896348953247070e-01
5.228309035301208496e-01
-5.367920920252799988e-02
5.402058362960815430e-01
5.445449948310852051e-01
-4.174235463142395020e-02
6.488494277000427246e-01
6.662849187850952148e-01
-4.097436368465423584e-02
6.072952747344970703e-01
5.807595252990722656e-01
-4.630514979362487793e-02
5.770164132118225098e-01
5.745376944541931152e-01
-3.510617837309837341e-02
5.602949261665344238e-01
5.880097746849060059e-01
-2.204364165663719177e-02
