7.441696524620056152e-01
9.024745821952819824e-01
9.880783409244031645e-07
6.815140843391418457e-01
8.667084574699401855e-01
-5.525723099708557129e-02
6.487423181533813477e-01
7.852588295936584473e-01
-9.009676426649093628e-02
7.119730114936828613e-01
7.303683161735534668e-01
-1.211830750107765198e-01
7.802218198776245117e-01
6.862263679504394531e-01
-1.482100039720535278e-01
6.696286201477050781e-01
6.059092283248901367e-01
-6.092676892876625061e-02
6.939841508865356445e-01
4.827486872673034668e-01
-1.102190986275672913e-01
7.225767374038696289e-01
3.957108557224273682e-01
-1.440359801054000854e-01
7.486979365348815918e-01
3.169049024581909180e-01
-1.662727594375610352e-01
7.248454093933105469e-01
5.936594009399414062e-01
-6.209041923284530640e-02
7.032938599586486816e-01
4.410050511360168457e-01
-1.088185384869575500e-01
6.987338066101074219e-01
3.441124260425567627e-01
-1.323863416910171509e-01
6.967232823371887207e-01
2.488231062889099121e-01
-1.437510997056961060e-01
7.759960889816284180e-01
6.213063001632690430e-01
-6.973587721586227417e-02
7.920806407928466797e-01
5.928692817687988281e-01
-1.273495554924011230e-01
7.734097242355346680e-01
6.839263439178466797e-01
-1.317819207906723022e-01
7.489923834800720215e-01
7.401164770126342773e-01
-1.195262894034385681e-01
8.239082098007202148e-01
6.738396286964416504e-01
-8.290100842714309692e-02
8.278288245201110840e-01
6.902213096618652344e-01
-1.300940513610839844e-01
7.957726716995239258e-01
7.567024827003479004e-01
-1.347023397684097290e-01
7.589415311813354492e-01
7.909258604049682617e-01
-1.280930191278457642e-01
