3.528662621974945068e-01
7.019332647323608398e-01
-4.350196434188546846e-07
4.052413403987884521e-01
6.121071577072143555e-01
-4.372125864028930664e-02
4.014360308647155762e-01
4.747990369796752930e-01
-6.428574025630950928e-02
3.291761577129364014e-01
3.917421102523803711e-01
-8.171450346708297729e-02
2.716437578201293945e-01
3.347447514533996582e-01
-8.935797959566116333e-02
3.780288398265838623e-01
3.928998410701751709e-01
-2.440254762768745422e-02
3.988531827926635742e-01
3.157148361206054688e-01
-8.591840416193008423e-02
4.071969985961914062e-01
4.104489386081695557e-01
-1.156299710273742676e-01
4.052819013595581055e-01
4.896019995212554932e-01
-1.225786879658699036e-01
3.228635191917419434e-01
4.118799567222595215e-01
-2.557547762989997864e-02
3.346422612667083740e-01
2.879938185214996338e-01
-9.054469317197799683e-02
3.528208136558532715e-01
3.868330121040344238e-01
-1.035112291574478149e-01
3.626627922058105469e-01
4.717994928359985352e-01
-9.117251634597778320e-02
2.698738873004913330e-01
4.453183412551879883e-01
-3.655921295285224915e-02
2.963058948516845703e-01
3.998463153839111328e-01
-1.002121791243553162e-01
3.359195888042449951e-01
5.045058131217956543e-01
-9.152704477310180664e-02
3.522372543811798096e-01
5.687296390533447266e-01
-6.317844241857528687e-02
2.203408777713775635e-01
4.910131096839904785e-01
-5.081385001540184021e-02
2.547414898872375488e-01
4.491279721260070801e-01
-8.045627176761627197e-02
2.823079824447631836e-01
5.076076984405517578e-01
-6.454717367887496948e-02
2.835870087146759033e-01
5.387507081031799316e-01
-4.227485880255699158e-02
