8.686935305595397949e-01
7.194520235061645508e-01
-7.783030468999641016e-07
7.914584875106811523e-01
6.112266778945922852e-01
-2.981745265424251556e-02
7.883043885231018066e-01
4.280740022659301758e-01
-4.637274518609046936e-02
8.572514057159423828e-01
3.038339018821716309e-01
-6.535341590642929077e-02
9.114162325859069824e-01
2.056936770677566528e-01
-7.790340483188629150e-02
7.692418098449707031e-01
3.471133410930633545e-01
-1.957969972863793373e-03
7.521365284919738770e-01
2.698556780815124512e-01
-5.869342759251594543e-02
7.647595405578613281e-01
3.786435723304748535e-01
-9.717091917991638184e-02
7.869114279747009277e-01
4.734631180763244629e-01
-1.147133111953735352e-01
8.427724838256835938e-01
3.420223593711853027e-01
-1.383256725966930389e-02
8.187899589538574219e-01
1.816944330930709839e-01
-7.472233474254608154e-02
8.138608932495117188e-01
2.928448319435119629e-01
-1.000687032938003540e-01
8.297622799873352051e-01
3.927349746227264404e-01
-9.972032159566879272e-02
9.144946336746215820e-01
3.684789836406707764e-01
-3.389864787459373474e-02
9.121473431587219238e-01
2.614173293113708496e-01
-8.214078098535537720e-02
8.831678032875061035e-01
3.904939293861389160e-01
-6.813986599445343018e-02
8.720287084579467773e-01
4.767724275588989258e-01
-4.312765970826148987e-02
9.781020879745483398e-01
4.103384613990783691e-01
-5.835487321019172668e-02
9.632291793823242188e-01
3.426875472068786621e-01
-7.185623794794082642e-02
9.373888969421386719e-01
4.159255027770996094e-01
-4.812519252300262451e-02
9.304507970809936523e-01
4.570043683052062988e-01
-2.568207494914531708e-02
