7.649170160293579102e-01
6.617724299430847168e-01
-9.484753036304027773e-07
7.089598774909973145e-01
5.839420557022094727e-01
-5.614534486085176468e-03
7.058656215667724609e-01
4.717510342597961426e-01
-1.021657884120941162e-02
7.342455983161926270e-01
3.867307901382446289e-01
-2.124297246336936951e-02
7.638968825340270996e-01
3.177657127380371094e-01
-2.932193875312805176e-02
7.516278028488159180e-01
4.030265212059020996e-01
2.113647013902664185e-02
7.087236642837524414e-01
3.425451517105102539e-01
-1.982271857559680939e-02
6.775047183036804199e-01
4.118897914886474609e-01
-4.338554292917251587e-02
6.690131425857543945e-01
4.828918874263763428e-01
-4.980454966425895691e-02
7.833046317100524902e-01
4.034667015075683594e-01
8.748943917453289032e-03
7.234244346618652344e-01
3.263357281684875488e-01
-3.626579046249389648e-02
6.925907135009765625e-01
4.037522077560424805e-01
-4.896350204944610596e-02
6.889610886573791504e-01
4.765786230564117432e-01
-4.216796532273292542e-02
8.158363699913024902e-01
4.159268140792846680e-01
-1.016787346452474594e-02
7.448802590370178223e-01
3.745697140693664551e-01
-4.905503243207931519e-02
7.296183109283447266e-01
4.685426950454711914e-01
-4.111079126596450806e-02
7.420312166213989258e-01
5.342603325843811035e-01
-2.118410356342792511e-02
8.473070859909057617e-01
4.398199915885925293e-01
-3.081788681447505951e-02
7.754362225532531738e-01
4.091215729713439941e-01
-4.909529164433479309e-02
7.669815421104431152e-01
4.695577025413513184e-01
-3.793100640177726746e-02
7.847083210945129395e-01
5.108789801597595215e-01
-2.126895822584629059e-02
