7.981891036033630371e-01
6.912080049514770508e-01
-7.113324613783333916e-07
7.226617336273193359e-01
6.177915930747985840e-01
-1.772377453744411469e-02
7.037760019302368164e-01
4.796459972858428955e-01
-3.130776807665824890e-02
7.451620697975158691e-01
3.698100149631500244e-01
-4.889956116676330566e-02
7.830896973609924316e-01
2.827774286270141602e-01
-6.201278790831565857e-02
6.981678605079650879e-01
4.091199338436126709e-01
-5.456508952192962170e-04
6.682325005531311035e-01
3.448774814605712891e-01
-5.124778300523757935e-02
6.809166669845581055e-01
4.319271445274353027e-01
-8.172255754470825195e-02
7.002938389778137207e-01
5.048214197158813477e-01
-9.296049922704696655e-02
7.541829347610473633e-01
3.963434994220733643e-01
-1.419269666075706482e-02
7.150192856788635254e-01
2.757176756858825684e-01
-7.091446965932846069e-02
7.157743573188781738e-01
3.669088184833526611e-01
-8.940687030553817749e-02
7.310220599174499512e-01
4.545746147632598877e-01
-8.414261788129806519e-02
8.129248619079589844e-01
4.060837924480438232e-01
-3.413430228829383850e-02
7.838653326034545898e-01
3.504421114921569824e-01
-8.122187107801437378e-02
7.739925384521484375e-01
4.721201658248901367e-01
-6.718318164348602295e-02
7.724018096923828125e-01
5.491669178009033203e-01
-4.091438278555870056e-02
8.673637509346008301e-01
4.299936294555664062e-01
-5.675582587718963623e-02
8.315101861953735352e-01
3.958160281181335449e-01
-7.108485698699951172e-02
8.179697990417480469e-01
4.727327525615692139e-01
-4.801892861723899841e-02
8.174050450325012207e-01
5.149033665657043457e-01
-2.435909770429134369e-02
