3.930769562721252441e-01
7.247105240821838379e-01
-5.057249836681876332e-07
4.625346064567565918e-01
6.368112564086914062e-01
-4.424189776182174683e-02
4.713602662086486816e-01
4.838668704032897949e-01
-6.524868309497833252e-02
4.193925559520721436e-01
3.767766952514648438e-01
-8.434943109750747681e-02
3.645449578762054443e-01
3.017366528511047363e-01
-9.232341498136520386e-02
4.313387870788574219e-01
3.761508762836456299e-01
-2.051502466201782227e-02
4.972590506076812744e-01
3.167691528797149658e-01
-9.373833984136581421e-02
5.089415311813354492e-01
4.241645038127899170e-01
-1.307029575109481812e-01
4.983327984809875488e-01
5.129663944244384766e-01
-1.414362639188766479e-01
3.742812573909759521e-01
3.767918348312377930e-01
-2.418979443609714508e-02
4.382696151733398438e-01
2.747173607349395752e-01
-9.905024617910385132e-02
4.582636952400207520e-01
3.945941925048828125e-01
-1.132790073752403259e-01
4.587111771106719971e-01
4.880080819129943848e-01
-9.996617585420608521e-02
3.209565579891204834e-01
4.029470384120941162e-01
-3.980271518230438232e-02
3.941528797149658203e-01
3.951835036277770996e-01
-1.108881533145904541e-01
4.220654964447021484e-01
5.152898430824279785e-01
-1.038943901658058167e-01
4.187719225883483887e-01
5.764065980911254883e-01
-7.549917697906494141e-02
2.754819393157958984e-01
4.453763961791992188e-01
-5.938657745718955994e-02
3.505755662918090820e-01
4.493264555931091309e-01
-9.297183901071548462e-02
3.629045784473419189e-01
5.146964192390441895e-01
-8.215983211994171143e-02
3.373179137706756592e-01
5.337200164794921875e-01
-6.322602182626724243e-02
