3.602171540260314941e-01
6.776102185249328613e-01
-3.465616771336499369e-07
4.122215807437896729e-01
6.141884326934814453e-01
-3.402605652809143066e-02
4.196487963199615479e-01
5.043681263923645020e-01
-5.060639232397079468e-02
3.772565424442291260e-01
4.271452128887176514e-01
-6.548959761857986450e-02
3.362091779708862305e-01
3.718672990798950195e-01
-7.221038639545440674e-02
3.970643281936645508e-01
4.249276816844940186e-01
-1.764470525085926056e-02
4.366794526576995850e-01
3.851059377193450928e-01
-7.196057587862014771e-02
4.424610435962677002e-01
4.661865234375000000e-01
-9.928806871175765991e-02
4.355539083480834961e-01
5.316084027290344238e-01
-1.073027551174163818e-01
3.519673943519592285e-01
4.262429177761077881e-01
-2.007435448467731476e-02
3.904626965522766113e-01
3.524031937122344971e-01
-7.617711275815963745e-02
4.034876823425292969e-01
4.380469918251037598e-01
-8.708027750253677368e-02
4.051025211811065674e-01
5.063397884368896484e-01
-7.740831375122070312e-02
3.093276023864746094e-01
4.452209770679473877e-01
-3.128694370388984680e-02
3.566018342971801758e-01
4.406334161758422852e-01
-8.503548055887222290e-02
3.779329657554626465e-01
5.288982987403869629e-01
-8.006888628005981445e-02
3.781769275665283203e-01
5.744193792343139648e-01
-5.895349755883216858e-02
2.722764909267425537e-01
4.759773015975952148e-01
-4.545835778117179871e-02
3.250120282173156738e-01
4.782718122005462646e-01
-7.180564850568771362e-02
3.349717259407043457e-01
5.280306935310363770e-01
-6.389427185058593750e-02
3.187439143657684326e-01
5.436241626739501953e-01
-4.963432252407073975e-02
