7.901395559310913086e-01
7.104649543762207031e-01
-7.304079758796433453e-07
7.113206386566162109e-01
6.383470296859741211e-01
-2.885971777141094208e-02
7.014721632003784180e-01
4.742608070373535156e-01
-4.668265953660011292e-02
7.608668208122253418e-01
3.560778498649597168e-01
-6.655213981866836548e-02
8.140325546264648438e-01
2.676103711128234863e-01
-8.057332783937454224e-02
7.065055966377258301e-01
3.902703821659088135e-01
-1.340287085622549057e-02
6.787049770355224609e-01
3.334080576896667480e-01
-7.307084649801254272e-02
6.851443648338317871e-01
4.357052147388458252e-01
-1.084564179182052612e-01
7.034127712249755859e-01
5.199927687644958496e-01
-1.223453134298324585e-01
7.726413011550903320e-01
3.805744946002960205e-01
-2.362025156617164612e-02
7.394188046455383301e-01
2.532594799995422363e-01
-9.138422459363937378e-02
7.288910150527954102e-01
3.557922244071960449e-01
-1.134339272975921631e-01
7.405594587326049805e-01
4.548617899417877197e-01
-1.085805445909500122e-01
8.371647596359252930e-01
4.016711711883544922e-01
-4.087354242801666260e-02
8.097783327102661133e-01
3.534126579761505127e-01
-9.282442182302474976e-02
7.848420143127441406e-01
4.910709261894226074e-01
-7.331788539886474609e-02
7.762313485145568848e-01
5.729813575744628906e-01
-4.246843233704566956e-02
8.940262794494628906e-01
4.347666203975677490e-01
-6.222822144627571106e-02
8.580926060676574707e-01
4.109488725662231445e-01
-7.748463004827499390e-02
8.407042026519775391e-01
4.887737929821014404e-01
-5.167254805564880371e-02
8.408853411674499512e-01
5.207759141921997070e-01
-2.578148059546947479e-02
