7.913262844085693359e-01
9.877778887748718262e-01
-9.673132126408745535e-07
7.131631374359130859e-01
9.209867715835571289e-01
-3.539442270994186401e-02
6.937801241874694824e-01
7.381688952445983887e-01
-5.601816251873970032e-02
7.477521300315856934e-01
6.095700860023498535e-01
-7.807528227567672729e-02
7.992393970489501953e-01
5.078994631767272949e-01
-9.293163567781448364e-02
6.973454356193542480e-01
6.118234395980834961e-01
-1.988478191196918488e-02
6.482442617416381836e-01
5.706645250320434570e-01
-9.421309828758239746e-02
6.450794339179992676e-01
6.946513652801513672e-01
-1.369740813970565796e-01
6.656745672225952148e-01
7.980922460556030273e-01
-1.530070155858993530e-01
7.725049257278442383e-01
5.986379384994506836e-01
-3.151739761233329773e-02
7.124072313308715820e-01
4.837328195571899414e-01
-1.129043698310852051e-01
6.905694007873535156e-01
6.061809062957763672e-01
-1.361126452684402466e-01
7.002004384994506836e-01
7.173781394958496094e-01
-1.276005655527114868e-01
8.466415405273437500e-01
6.226389408111572266e-01
-5.209388211369514465e-02
7.873175144195556641e-01
6.155884861946105957e-01
-1.162480860948562622e-01
7.621430754661560059e-01
7.727097272872924805e-01
-9.667947143316268921e-02
7.599428892135620117e-01
8.589903116226196289e-01
-6.256847083568572998e-02
9.092242717742919922e-01
6.670142412185668945e-01
-7.759314030408859253e-02
8.486655950546264648e-01
6.810517311096191406e-01
-1.007478237152099609e-01
8.401913046836853027e-01
7.658042311668395996e-01
-7.597897201776504517e-02
8.568526506423950195e-01
7.923517227172851562e-01
-4.837838560342788696e-02
