7.469097375869750977e-01
7.958180904388427734e-01
-8.845251500133599620e-07
6.777754426002502441e-01
7.304621338844299316e-01
-2.289642952382564545e-02
6.651130914688110352e-01
5.861985087394714355e-01
-3.750566765666007996e-02
7.097997069358825684e-01
4.821375310420989990e-01
-5.489961802959442139e-02
7.526434659957885742e-01
4.001549184322357178e-01
-6.757989525794982910e-02
6.820913553237915039e-01
4.909969270229339600e-01
-4.832878708839416504e-03
6.393458247184753418e-01
4.404108822345733643e-01
-6.180491670966148376e-02
6.290091276168823242e-01
5.371233820915222168e-01
-9.418881684541702271e-02
6.372500658035278320e-01
6.204850077629089355e-01
-1.042275875806808472e-01
7.386556863784790039e-01
4.832397699356079102e-01
-1.487518288195133209e-02
6.885717511177062988e-01
3.812990784645080566e-01
-7.549659907817840576e-02
6.668508052825927734e-01
4.772908687591552734e-01
-9.235152602195739746e-02
6.682932972908020020e-01
5.672388076782226562e-01
-8.384151011705398560e-02
7.946544289588928223e-01
5.000066757202148438e-01
-3.222722187638282776e-02
7.387324571609497070e-01
4.791038632392883301e-01
-8.215257525444030762e-02
7.191168069839477539e-01
6.005606055259704590e-01
-6.965162605047225952e-02
7.202381491661071777e-01
6.717520952224731445e-01
-4.348907247185707092e-02
8.433848619461059570e-01
5.310014486312866211e-01
-5.265362933278083801e-02
7.825093269348144531e-01
5.218966603279113770e-01
-6.980033218860626221e-02
7.736616730690002441e-01
5.943233966827392578e-01
-5.018093436956405640e-02
7.884041070938110352e-01
6.250365376472473145e-01
-2.763339132070541382e-02
