3.562525212764739990e-01
6.546205878257751465e-01
-3.719663084211788373e-07
4.004499316215515137e-01
5.668405890464782715e-01
-3.797516971826553345e-02
3.936108350753784180e-01
4.506798982620239258e-01
-5.720739811658859253e-02
3.285525739192962646e-01
3.784708678722381592e-01
-7.465671747922897339e-02
2.752448320388793945e-01
3.298454284667968750e-01
-8.426067978143692017e-02
3.737868070602416992e-01
3.865570127964019775e-01
-1.885220780968666077e-02
3.862064480781555176e-01
3.179142177104949951e-01
-7.427167892456054688e-02
3.944985270500183105e-01
3.976222574710845947e-01
-1.028967052698135376e-01
3.955442905426025391e-01
4.662397503852844238e-01
-1.109307631850242615e-01
3.270623087882995605e-01
4.049578011035919189e-01
-2.086642943322658539e-02
3.302465677261352539e-01
2.897617220878601074e-01
-7.948029786348342896e-02
3.470212519168853760e-01
3.746009469032287598e-01
-9.353081136941909790e-02
3.584257364273071289e-01
4.508786201477050781e-01
-8.472175896167755127e-02
2.813258469104766846e-01
4.352636933326721191e-01
-3.165326267480850220e-02
2.989478707313537598e-01
3.851661086082458496e-01
-8.952804654836654663e-02
3.354263603687286377e-01
4.771288633346557617e-01
-8.359435200691223145e-02
3.520120978355407715e-01
5.369361639022827148e-01
-5.965371802449226379e-02
2.371979057788848877e-01
4.757044315338134766e-01
-4.531150311231613159e-02
2.637066841125488281e-01
4.347853064537048340e-01
-7.355825603008270264e-02
2.896996438503265381e-01
4.849890768527984619e-01
-6.091515347361564636e-02
2.934374511241912842e-01
5.145826339721679688e-01
-4.228752851486206055e-02
