5.190137028694152832e-01
7.548699378967285156e-01
-1.065577635017689317e-06
4.399965703487396240e-01
6.978849768638610840e-01
-2.300959452986717224e-02
4.174065291881561279e-01
5.619872212409973145e-01
-3.609915077686309814e-02
4.444633126258850098e-01
4.541814923286437988e-01
-5.176977813243865967e-02
4.651902616024017334e-01
3.608814477920532227e-01
-6.203313916921615601e-02
4.496005475521087646e-01
4.470685124397277832e-01
-4.945498658344149590e-04
3.814108371734619141e-01
4.246941208839416504e-01
-5.670185387134552002e-02
3.644391894340515137e-01
5.253319740295410156e-01
-8.679376542568206787e-02
3.716780245304107666e-01
6.018874645233154297e-01
-9.604538232088088989e-02
4.991727769374847412e-01
4.333005249500274658e-01
-1.084388419985771179e-02
4.069091081619262695e-01
3.610985577106475830e-01
-7.235887646675109863e-02
3.864100873470306396e-01
4.653335809707641602e-01
-8.943961560726165771e-02
3.941316604614257812e-01
5.515866875648498535e-01
-8.163370192050933838e-02
5.478101372718811035e-01
4.462302327156066895e-01
-2.885917946696281433e-02
4.536422789096832275e-01
4.624101817607879639e-01
-8.178590983152389526e-02
4.580438137054443359e-01
5.826455354690551758e-01
-7.193769514560699463e-02
4.801436662673950195e-01
6.447249650955200195e-01
-4.796417802572250366e-02
5.897215604782104492e-01
4.762599468231201172e-01
-5.008497089147567749e-02
5.025659799575805664e-01
4.987876713275909424e-01
-7.474555820226669312e-02
5.118365883827209473e-01
5.708888173103332520e-01
-6.134108826518058777e-02
5.396108031272888184e-01
5.937505364418029785e-01
-4.214937239885330200e-02
