3.300751149654388428e-01
8.598801493644714355e-01
-5.968300911263213493e-07
3.987667560577392578e-01
7.673260569572448730e-01
-5.123770982027053833e-02
4.069897830486297607e-01
6.027643680572509766e-01
-7.554364204406738281e-02
3.461462855339050293e-01
4.885941147804260254e-01
-9.734034538269042969e-02
2.870364487171173096e-01
4.061418771743774414e-01
-1.064754500985145569e-01
3.837502896785736084e-01
4.740538895130157471e-01
-2.269295789301395416e-02
4.285705983638763428e-01
4.157707393169403076e-01
-1.029255390167236328e-01
4.343419373035430908e-01
5.424726009368896484e-01
-1.418672949075698853e-01
4.251791536808013916e-01
6.373758912086486816e-01
-1.524369865655899048e-01
3.167623877525329590e-01
4.802177548408508301e-01
-2.662016451358795166e-02
3.628136813640594482e-01
3.715207874774932861e-01
-1.114747822284698486e-01
3.779655992984771729e-01
5.088462233543395996e-01
-1.265305429697036743e-01
3.797595798969268799e-01
6.066405773162841797e-01
-1.097718030214309692e-01
2.518209517002105713e-01
5.137732625007629395e-01
-4.399587213993072510e-02
3.077858388423919678e-01
5.060080289840698242e-01
-1.253668069839477539e-01
3.416619598865509033e-01
6.418005228042602539e-01
-1.157429292798042297e-01
3.479290604591369629e-01
7.069274187088012695e-01
-8.158718049526214600e-02
1.940563768148422241e-01
5.634089708328247070e-01
-6.579420715570449829e-02
2.531255483627319336e-01
5.685225129127502441e-01
-1.040039435029029846e-01
2.759866714477539062e-01
6.392204761505126953e-01
-9.005935490131378174e-02
2.665382027626037598e-01
6.551600694656372070e-01
-6.658097356557846069e-02
