3.580059409141540527e-01
6.941484212875366211e-01
-4.482763813484780258e-07
4.137478470802307129e-01
6.254538297653198242e-01
-4.153415560722351074e-02
4.217036366462707520e-01
5.013236403465270996e-01
-6.144865229725837708e-02
3.738923966884613037e-01
4.105612933635711670e-01
-7.852078229188919067e-02
3.274124562740325928e-01
3.448200821876525879e-01
-8.591682463884353638e-02
3.993912041187286377e-01
4.074961543083190918e-01
-2.515466697514057159e-02
4.407534599304199219e-01
3.579059541225433350e-01
-8.586032688617706299e-02
4.439612627029418945e-01
4.545196592807769775e-01
-1.141822785139083862e-01
4.335834681987762451e-01
5.289335250854492188e-01
-1.215070858597755432e-01
3.486423790454864502e-01
4.092354476451873779e-01
-2.664718776941299438e-02
3.856237530708312988e-01
3.160725235939025879e-01
-8.987905830144882202e-02
3.975960314273834229e-01
4.164063930511474609e-01
-1.000140979886054993e-01
3.985104262828826904e-01
4.940889179706573486e-01
-8.731327205896377563e-02
2.989501953125000000e-01
4.321461319923400879e-01
-3.803377598524093628e-02
3.458680808544158936e-01
4.204515814781188965e-01
-1.000235006213188171e-01
3.715911507606506348e-01
5.246447324752807617e-01
-9.282979369163513184e-02
3.736209869384765625e-01
5.789577364921569824e-01
-6.735907495021820068e-02
2.543535232543945312e-01
4.685119986534118652e-01
-5.276335403323173523e-02
3.060048222541809082e-01
4.668813645839691162e-01
-8.319430798292160034e-02
3.208791613578796387e-01
5.211744904518127441e-01
-7.314851135015487671e-02
3.066443204879760742e-01
5.372036099433898926e-01
-5.604327470064163208e-02
