3.549171090126037598e-01
8.223364353179931641e-01
-5.450431785902765114e-07
4.270606040954589844e-01
7.226809263229370117e-01
-5.050389841198921204e-02
4.304010868072509766e-01
5.620145797729492188e-01
-7.561399787664413452e-02
3.652877211570739746e-01
4.509161114692687988e-01
-9.825997054576873779e-02
3.072162270545959473e-01
3.694016933441162109e-01
-1.086642965674400330e-01
4.077075719833374023e-01
4.438581466674804688e-01
-2.620563283562660217e-02
4.571735858917236328e-01
3.816839158535003662e-01
-1.058603599667549133e-01
4.613051414489746094e-01
4.995819330215454102e-01
-1.448982506990432739e-01
4.505614042282104492e-01
5.932108163833618164e-01
-1.554614901542663574e-01
3.421751856803894043e-01
4.491674900054931641e-01
-3.026777878403663635e-02
3.863444626331329346e-01
3.314476609230041504e-01
-1.140527352690696716e-01
4.014028906822204590e-01
4.591313004493713379e-01
-1.299054324626922607e-01
4.056133627891540527e-01
5.609030127525329590e-01
-1.143659353256225586e-01
2.779815495014190674e-01
4.805724024772644043e-01
-4.730141162872314453e-02
3.344669342041015625e-01
4.676941931247711182e-01
-1.281294971704483032e-01
3.709419667720794678e-01
5.988727211952209473e-01
-1.203927099704742432e-01
3.816817104816436768e-01
6.697175502777099609e-01
-8.771997690200805664e-02
2.206905186176300049e-01
5.281317234039306641e-01
-6.856860220432281494e-02
2.800804972648620605e-01
5.257126688957214355e-01
-1.061461120843887329e-01
3.022376596927642822e-01
5.947921872138977051e-01
-9.280291199684143066e-02
2.942296862602233887e-01
6.165297031402587891e-01
-7.034911215305328369e-02
