4.129809439182281494e-01
8.774164915084838867e-01
-3.929480953956954181e-07
4.656798839569091797e-01
8.020107150077819824e-01
-3.125827386975288391e-02
4.688982963562011719e-01
6.891747713088989258e-01
-4.672109335660934448e-02
4.310746192932128906e-01
6.109848618507385254e-01
-6.136696413159370422e-02
3.885152041912078857e-01
5.546550750732421875e-01
-6.749364733695983887e-02
4.291806221008300781e-01
5.983990430831909180e-01
-1.101204194128513336e-02
4.823581278324127197e-01
5.609899163246154785e-01
-6.626372039318084717e-02
4.940379261970520020e-01
6.449282765388488770e-01
-9.632214903831481934e-02
4.889620542526245117e-01
7.148836255073547363e-01
-1.063329875469207764e-01
3.855889141559600830e-01
6.021402478218078613e-01
-1.462550461292266846e-02
4.413126707077026367e-01
5.369366407394409180e-01
-7.063615322113037109e-02
4.576486349105834961e-01
6.259817481040954590e-01
-8.285793662071228027e-02
4.590199589729309082e-01
6.958555579185485840e-01
-7.419934123754501343e-02
3.467567563056945801e-01
6.262606382369995117e-01
-2.730745263397693634e-02
4.096936285495758057e-01
6.289091110229492188e-01
-7.777059823274612427e-02
4.286966025829315186e-01
7.116641402244567871e-01
-7.352658361196517944e-02
4.246437847614288330e-01
7.525931000709533691e-01
-5.396481603384017944e-02
3.155877888202667236e-01
6.637800335884094238e-01
-4.331783950328826904e-02
3.765097260475158691e-01
6.714923977851867676e-01
-6.675349920988082886e-02
3.841511905193328857e-01
7.195426225662231445e-01
-5.988706275820732117e-02
3.641702234745025635e-01
7.336049675941467285e-01
-4.690509289503097534e-02
