3.041399419307708740e-01
8.838207721710205078e-01
-4.636853532247187104e-07
3.570990562438964844e-01
7.910282015800476074e-01
-4.224466904997825623e-02
3.472736477851867676e-01
6.619112491607666016e-01
-5.973441526293754578e-02
2.704876363277435303e-01
5.890463590621948242e-01
-7.456292212009429932e-02
2.194506675004959106e-01
5.295493602752685547e-01
-8.088460564613342285e-02
3.409736156463623047e-01
5.849673151969909668e-01
-1.033149193972349167e-02
3.474981486797332764e-01
5.321248769760131836e-01
-6.967009603977203369e-02
3.409426510334014893e-01
6.297051906585693359e-01
-1.022367253899574280e-01
3.391664624214172363e-01
7.046450376510620117e-01
-1.123305708169937134e-01
2.850021123886108398e-01
6.017802357673645020e-01
-1.069584023207426071e-02
2.878640294075012207e-01
4.929252862930297852e-01
-7.490203529596328735e-02
2.907285690307617188e-01
5.879509449005126953e-01
-9.202034026384353638e-02
2.995961010456085205e-01
6.657984852790832520e-01
-8.242238312959671021e-02
2.320136874914169312e-01
6.324956417083740234e-01
-2.124902233481407166e-02
2.371606528759002686e-01
5.842775702476501465e-01
-8.582067489624023438e-02
2.702844440937042236e-01
6.858550906181335449e-01
-8.147338032722473145e-02
2.919050455093383789e-01
7.453046441078186035e-01
-5.573132634162902832e-02
1.828596591949462891e-01
6.762414574623107910e-01
-3.468237444758415222e-02
1.952000707387924194e-01
6.381129026412963867e-01
-7.175374776124954224e-02
2.275929749011993408e-01
7.016538381576538086e-01
-6.108558923006057739e-02
2.451147735118865967e-01
7.332912683486938477e-01
-4.040272533893585205e-02
