3.422501385211944580e-01
8.165234327316284180e-01
-3.874461640407389496e-07
3.899831473827362061e-01
7.372093200683593750e-01
-3.678180649876594543e-02
3.845244944095611572e-01
6.237484812736511230e-01
-5.360913649201393127e-02
3.241294324398040771e-01
5.557067394256591797e-01
-6.793943792581558228e-02
2.788097560405731201e-01
5.049742460250854492e-01
-7.479939609766006470e-02
3.729569613933563232e-01
5.555613636970520020e-01
-1.663696020841598511e-02
3.899944126605987549e-01
5.029013156890869141e-01
-6.940332055091857910e-02
3.896915316581726074e-01
5.852264165878295898e-01
-9.696895629167556763e-02
3.859595060348510742e-01
6.527134776115417480e-01
-1.048568710684776306e-01
3.254204094409942627e-01
5.691552758216857910e-01
-1.775850169360637665e-02
3.360085487365722656e-01
4.723205268383026123e-01
-7.255077362060546875e-02
3.445065021514892578e-01
5.566668510437011719e-01
-8.484002202749252319e-02
3.504664003849029541e-01
6.275230050086975098e-01
-7.567293196916580200e-02
2.792295217514038086e-01
5.965631604194641113e-01
-2.753085456788539886e-02
2.952787280082702637e-01
5.583401322364807129e-01
-8.213471621274948120e-02
3.260333538055419922e-01
6.463467478752136230e-01
-7.568329572677612305e-02
3.410675227642059326e-01
6.999894380569458008e-01
-5.254579707980155945e-02
2.354896068572998047e-01
6.354771256446838379e-01
-3.996056690812110901e-02
2.559705078601837158e-01
5.998641252517700195e-01
-6.836903840303421021e-02
2.817539870738983154e-01
6.529986262321472168e-01
-5.613883584737777710e-02
2.893066108226776123e-01
6.813327074050903320e-01
-3.752903640270233154e-02
