3.574922084808349609e-01
8.870013952255249023e-01
-5.292735636430734303e-07
4.180200099945068359e-01
7.952537536621093750e-01
-4.910134151577949524e-02
4.139928817749023438e-01
6.509440541267395020e-01
-7.116360217332839966e-02
3.342822194099426270e-01
5.659186244010925293e-01
-8.939636498689651489e-02
2.795779109001159668e-01
4.971838593482971191e-01
-9.782398492097854614e-02
4.009805619716644287e-01
5.457791090011596680e-01
-2.363121695816516876e-02
4.134741127490997314e-01
5.022175312042236328e-01
-9.457518905401229858e-02
4.090295433998107910e-01
6.142782568931579590e-01
-1.328916698694229126e-01
4.067120552062988281e-01
7.001852989196777344e-01
-1.452534943819046021e-01
3.359233438968658447e-01
5.625811815261840820e-01
-2.510902285575866699e-02
3.449760973453521729e-01
4.544773697853088379e-01
-1.015357449650764465e-01
3.523900210857391357e-01
5.701039433479309082e-01
-1.204787939786911011e-01
3.644676804542541504e-01
6.643492579460144043e-01
-1.090914234519004822e-01
2.753935754299163818e-01
5.973605513572692871e-01
-3.777734562754631042e-02
2.912054657936096191e-01
5.700840353965759277e-01
-1.119760721921920776e-01
3.297573626041412354e-01
6.881294846534729004e-01
-1.062123402953147888e-01
3.552405536174774170e-01
7.552301883697509766e-01
-7.716692984104156494e-02
2.205862104892730713e-01
6.465942263603210449e-01
-5.419435724616050720e-02
2.431849390268325806e-01
6.319646239280700684e-01
-9.497892856597900391e-02
2.774290442466735840e-01
7.028303742408752441e-01
-8.381172269582748413e-02
2.961314320564270020e-01
7.307698726654052734e-01
-6.191093847155570984e-02
