2.984271049499511719e-01
7.498983144760131836e-01
-3.497177942790585803e-07
3.388694524765014648e-01
6.826709508895874023e-01
-3.619020804762840271e-02
3.294018507003784180e-01
5.862973928451538086e-01
-5.261158570647239685e-02
2.745599746704101562e-01
5.306060314178466797e-01
-6.616821885108947754e-02
2.345912754535675049e-01
4.872789680957794189e-01
-7.276325672864913940e-02
3.186975121498107910e-01
5.159630179405212402e-01
-1.653758622705936432e-02
3.321426510810852051e-01
4.781027138233184814e-01
-6.671631336212158203e-02
3.336180150508880615e-01
5.545521974563598633e-01
-9.447964280843734741e-02
3.326672315597534180e-01
6.185196638107299805e-01
-1.033106669783592224e-01
2.750648260116577148e-01
5.308988094329833984e-01
-1.582331024110317230e-02
2.821149528026580811e-01
4.568975865840911865e-01
-6.756393611431121826e-02
2.913670837879180908e-01
5.338824391365051270e-01
-8.038285374641418457e-02
2.998467385768890381e-01
5.964050889015197754e-01
-7.295299321413040161e-02
2.343948036432266235e-01
5.584201216697692871e-01
-2.343012206256389618e-02
2.482089102268218994e-01
5.371572971343994141e-01
-7.400494068861007690e-02
2.772623300552368164e-01
6.130893230438232422e-01
-6.990969926118850708e-02
2.933134436607360840e-01
6.572446227073669434e-01
-5.006188899278640747e-02
1.976075470447540283e-01
5.956850647926330566e-01
-3.383503481745719910e-02
2.168429642915725708e-01
5.753846168518066406e-01
-6.081404536962509155e-02
2.404977977275848389e-01
6.215991377830505371e-01
-5.190632864832878113e-02
2.486218512058258057e-01
6.420620679855346680e-01
-3.626677021384239197e-02
