3.891027569770812988e-01
7.140992283821105957e-01
-3.024157706477126339e-07
3.909956216812133789e-01
6.002761721611022949e-01
-3.730885311961174011e-02
3.265458345413208008e-01
5.124644637107849121e-01
-5.528122186660766602e-02
2.447501122951507568e-01
5.011854767799377441e-01
-7.153166830539703369e-02
1.808743625879287720e-01
4.973421692848205566e-01
-7.998478412628173828e-02
2.874960303306579590e-01
4.791142642498016357e-01
-1.558492425829172134e-02
2.746256589889526367e-01
4.033297300338745117e-01
-7.010884582996368408e-02
3.127509951591491699e-01
4.643391072750091553e-01
-9.983941167593002319e-02
3.406375646591186523e-01
5.242826938629150391e-01
-1.085936129093170166e-01
2.550386786460876465e-01
5.278034210205078125e-01
-1.688649505376815796e-02
2.170137166976928711e-01
4.260106682777404785e-01
-7.342256605625152588e-02
2.625255882740020752e-01
4.798498153686523438e-01
-8.803155273199081421e-02
3.007886707782745361e-01
5.342137813568115234e-01
-8.020684123039245605e-02
2.269171476364135742e-01
5.891819596290588379e-01
-2.712731622159481049e-02
2.257898449897766113e-01
5.268559455871582031e-01
-8.401427417993545532e-02
2.954099178314208984e-01
5.779049992561340332e-01
-7.825075089931488037e-02
3.346728086471557617e-01
6.202772259712219238e-01
-5.433895066380500793e-02
2.070342898368835449e-01
6.567245721817016602e-01
-4.013703390955924988e-02
2.127290666103363037e-01
5.939301848411560059e-01
-6.818174570798873901e-02
2.581959068775177002e-01
6.165229082107543945e-01
-5.486650392413139343e-02
2.760105431079864502e-01
6.429370641708374023e-01
-3.544912859797477722e-02
