3.704425096511840820e-01
8.023699522018432617e-01
-4.869899612458539195e-07
4.377444982528686523e-01
7.159827947616577148e-01
-4.342431575059890747e-02
4.521347284317016602e-01
5.709858536720275879e-01
-6.324394792318344116e-02
4.049364328384399414e-01
4.621685743331909180e-01
-8.231227099895477295e-02
3.612151145935058594e-01
3.773322403430938721e-01
-9.081140905618667603e-02
4.345031678676605225e-01
4.700059890747070312e-01
-9.573990479111671448e-03
4.795218408107757568e-01
4.134500324726104736e-01
-7.882035523653030396e-02
4.787930548191070557e-01
5.177584290504455566e-01
-1.144457831978797913e-01
4.635390341281890869e-01
6.039140820503234863e-01
-1.237264648079872131e-01
3.797293901443481445e-01
4.722210764884948730e-01
-1.348188798874616623e-02
4.307477176189422607e-01
3.614980876445770264e-01
-8.651588112115859985e-02
4.347318708896636963e-01
4.733832776546478271e-01
-1.023434624075889587e-01
4.264630377292633057e-01
5.657225847244262695e-01
-8.897931873798370361e-02
3.238358497619628906e-01
4.922149777412414551e-01
-2.963289059698581696e-02
3.731110095977783203e-01
4.699268043041229248e-01
-1.027056723833084106e-01
3.942086696624755859e-01
5.929428339004516602e-01
-9.616965055465698242e-02
3.944348394870758057e-01
6.599340438842773438e-01
-6.574040651321411133e-02
2.706995904445648193e-01
5.251190662384033203e-01
-4.923344776034355164e-02
3.253732025623321533e-01
5.092523694038391113e-01
-8.354098349809646606e-02
3.371668756008148193e-01
5.766172409057617188e-01
-6.888642162084579468e-02
3.206359446048736572e-01
6.010168194770812988e-01
-4.580819979310035706e-02
