3.024659752845764160e-01
7.008487582206726074e-01
-3.662680114757677075e-07
3.659440577030181885e-01
6.598713397979736328e-01
-3.534371405839920044e-02
3.940823376178741455e-01
5.625520348548889160e-01
-5.117847770452499390e-02
3.612159490585327148e-01
4.734956026077270508e-01
-6.466975808143615723e-02
3.417342305183410645e-01
4.030794501304626465e-01
-7.124163210391998291e-02
4.065823554992675781e-01
4.990017414093017578e-01
-1.374061871320009232e-02
4.340541064739227295e-01
4.687616229057312012e-01
-6.345722824335098267e-02
4.031650125980377197e-01
5.385580062866210938e-01
-9.025445580482482910e-02
3.784572184085845947e-01
5.941896438598632812e-01
-9.824386984109878540e-02
3.614874482154846191e-01
4.849095940589904785e-01
-1.404754072427749634e-02
3.997600376605987549e-01
4.102873504161834717e-01
-6.652539968490600586e-02
3.767440915107727051e-01
4.832981526851654053e-01
-7.944758236408233643e-02
3.587072789669036865e-01
5.460528135299682617e-01
-7.106927037239074707e-02
3.145780563354492188e-01
4.830672144889831543e-01
-2.254548296332359314e-02
3.343296051025390625e-01
4.569143652915954590e-01
-7.483947277069091797e-02
3.305103778839111328e-01
5.474641323089599609e-01
-6.954773515462875366e-02
3.269509673118591309e-01
6.011191606521606445e-01
-4.747638478875160217e-02
2.664144039154052734e-01
4.921967089176177979e-01
-3.339255601167678833e-02
2.892431616783142090e-01
4.690839350223541260e-01
-6.131278350949287415e-02
2.942743301391601562e-01
5.305278301239013672e-01
-4.963329061865806580e-02
2.938756346702575684e-01
5.606649518013000488e-01
-3.102993965148925781e-02
