3.169113099575042725e-01
8.285083770751953125e-01
-5.477584750224195886e-07
3.684104681015014648e-01
7.069640159606933594e-01
-5.416719615459442139e-02
3.402931094169616699e-01
5.456050634384155273e-01
-7.713174819946289062e-02
2.365374863147735596e-01
4.718651771545410156e-01
-9.588970988988876343e-02
1.655001789331436157e-01
4.075560569763183594e-01
-1.027514487504959106e-01
3.202086091041564941e-01
4.573330879211425781e-01
-2.357084117829799652e-02
3.199678063392639160e-01
3.617382049560546875e-01
-9.636810421943664551e-02
3.270945250988006592e-01
4.813231825828552246e-01
-1.320774853229522705e-01
3.333808779716491699e-01
5.745257735252380371e-01
-1.415546983480453491e-01
2.554671466350555420e-01
4.920539557933807373e-01
-2.398984692990779877e-02
2.392942309379577637e-01
3.417659997940063477e-01
-1.050206050276756287e-01
2.621677219867706299e-01
4.615334868431091309e-01
-1.243399679660797119e-01
2.864323258399963379e-01
5.549256801605224609e-01
-1.109965071082115173e-01
1.940922886133193970e-01
5.415415763854980469e-01
-3.653476387262344360e-02
1.968339085578918457e-01
4.747752249240875244e-01
-1.172695234417915344e-01
2.554153203964233398e-01
5.955979824066162109e-01
-1.097342446446418762e-01
2.890333831310272217e-01
6.625609397888183594e-01
-7.677017897367477417e-02
1.376789361238479614e-01
6.037481427192687988e-01
-5.272453650832176208e-02
1.527678966522216797e-01
5.506451129913330078e-01
-9.699194878339767456e-02
2.003060579299926758e-01
6.201657056808471680e-01
-8.241025358438491821e-02
2.218023985624313354e-01
6.508271098136901855e-01
-5.698577687144279480e-02
