7.012017965316772461e-01
8.941240310668945312e-01
-8.409671181652811356e-07
6.305426359176635742e-01
8.097227811813354492e-01
-2.774454094469547272e-02
6.429188251495361328e-01
6.425013542175292969e-01
-4.313411936163902283e-02
7.175216674804687500e-01
5.466279983520507812e-01
-6.044644117355346680e-02
7.853143811225891113e-01
4.787685573101043701e-01
-7.139870524406433105e-02
6.719404458999633789e-01
5.309266448020935059e-01
-9.052905254065990448e-03
6.349395513534545898e-01
4.943882822990417480e-01
-7.338290661573410034e-02
6.187772154808044434e-01
6.078471541404724121e-01
-1.127679273486137390e-01
6.228373646736145020e-01
7.027443647384643555e-01
-1.282774657011032104e-01
7.423288226127624512e-01
5.387924909591674805e-01
-1.948991976678371429e-02
7.067165374755859375e-01
4.368866682052612305e-01
-8.946909755468368530e-02
6.722427010536193848e-01
5.456030368804931641e-01
-1.104353144764900208e-01
6.636089086532592773e-01
6.476119756698608398e-01
-1.029470860958099365e-01
8.040910363197326660e-01
5.774818062782287598e-01
-3.805746510624885559e-02
7.548704147338867188e-01
5.713459253311157227e-01
-9.060007333755493164e-02
7.067038416862487793e-01
6.990059614181518555e-01
-7.448120415210723877e-02
6.840745210647583008e-01
7.737289071083068848e-01
-4.540733247995376587e-02
8.502110838890075684e-01
6.300255656242370605e-01
-6.140067800879478455e-02
7.986034154891967773e-01
6.460829377174377441e-01
-7.771516591310501099e-02
7.732935547828674316e-01
7.152390480041503906e-01
-5.716861039400100708e-02
7.731432318687438965e-01
7.406681776046752930e-01
-3.399529680609703064e-02
