6.555544734001159668e-01
7.897981405258178711e-01
-8.876000947566353716e-07
6.060583591461181641e-01
7.116111516952514648e-01
-2.168931253254413605e-02
6.213498711585998535e-01
5.921474695205688477e-01
-3.392899781465530396e-02
6.735365390777587891e-01
5.224553346633911133e-01
-4.784553498029708862e-02
7.192143201828002930e-01
4.695326983928680420e-01
-5.685616657137870789e-02
6.776539683341979980e-01
4.941846132278442383e-01
-4.668936599045991898e-03
6.257721185684204102e-01
4.504045844078063965e-01
-5.646323412656784058e-02
5.913394093513488770e-01
5.286890864372253418e-01
-8.575937896966934204e-02
5.811236500740051270e-01
6.017618775367736816e-01
-9.514224529266357422e-02
7.253501415252685547e-01
5.135726928710937500e-01
-1.261550094932317734e-02
6.681653857231140137e-01
4.333509206771850586e-01
-6.732048839330673218e-02
6.258450746536254883e-01
5.100870728492736816e-01
-8.334201574325561523e-02
6.090532541275024414e-01
5.835152864456176758e-01
-7.728245109319686890e-02
7.630687355995178223e-01
5.537765622138977051e-01
-2.754345349967479706e-02
6.793052554130554199e-01
5.422527194023132324e-01
-7.399455457925796509e-02
6.441412568092346191e-01
6.345393061637878418e-01
-6.692960113286972046e-02
6.382161974906921387e-01
6.908547282218933105e-01
-4.685775190591812134e-02
7.882442474365234375e-01
6.042227149009704590e-01
-4.540088772773742676e-02
7.115409374237060547e-01
5.939947962760925293e-01
-6.565237045288085938e-02
6.954833865165710449e-01
6.525723934173583984e-01
-5.423803627490997314e-02
7.078275680541992188e-01
6.816360354423522949e-01
-3.746676445007324219e-02
