6.838462352752685547e-01
8.233910799026489258e-01
-6.659895461780251935e-07
6.215478777885437012e-01
7.304626703262329102e-01
-3.654900193214416504e-02
6.486650705337524414e-01
5.657598376274108887e-01
-5.599107220768928528e-02
7.344675064086914062e-01
4.814605116844177246e-01
-7.141944020986557007e-02
8.021496534347534180e-01
4.137907922267913818e-01
-8.269385248422622681e-02
6.388801336288452148e-01
4.745833277702331543e-01
-3.619660064578056335e-02
6.409878134727478027e-01
4.274461269378662109e-01
-8.390116691589355469e-02
6.396800279617309570e-01
5.362840890884399414e-01
-1.126374527812004089e-01
6.476873755455017090e-01
6.200314164161682129e-01
-1.254049092531204224e-01
7.113463282585144043e-01
4.868406057357788086e-01
-3.887758031487464905e-02
7.191004157066345215e-01
3.762040436267852783e-01
-9.302670508623123169e-02
6.989014148712158203e-01
4.964966475963592529e-01
-1.078024804592132568e-01
6.927859783172607422e-01
5.974800586700439453e-01
-1.013876497745513916e-01
7.739197611808776855e-01
5.249425768852233887e-01
-4.685935378074645996e-02
7.775249481201171875e-01
4.567960202693939209e-01
-9.295603632926940918e-02
7.394732832908630371e-01
5.794220566749572754e-01
-8.273296803236007690e-02
7.185189127922058105e-01
6.578285098075866699e-01
-6.211469322443008423e-02
8.202756047248840332e-01
5.697625875473022461e-01
-5.796018242835998535e-02
7.897019982337951660e-01
5.554720163345336914e-01
-8.080058544874191284e-02
7.560983300209045410e-01
6.357836723327636719e-01
-6.770725548267364502e-02
7.471318840980529785e-01
6.747269034385681152e-01
-5.147291719913482666e-02
