6.160017848014831543e-01
7.634280920028686523e-01
-6.208576905919471756e-07
5.651970505714416504e-01
6.859824061393737793e-01
-1.933221332728862762e-02
5.808675289154052734e-01
5.607064366340637207e-01
-3.131683170795440674e-02
6.406984925270080566e-01
4.875749051570892334e-01
-4.537282139062881470e-02
6.926735043525695801e-01
4.347358047962188721e-01
-5.510902032256126404e-02
5.928753018379211426e-01
4.957920908927917480e-01
-7.183915004134178162e-03
5.795960426330566406e-01
4.415782690048217773e-01
-5.011357367038726807e-02
5.675750374794006348e-01
5.194740891456604004e-01
-7.481955736875534058e-02
5.684245824813842773e-01
5.894830226898193359e-01
-8.321926742792129517e-02
6.432025432586669922e-01
5.032714009284973145e-01
-1.566582918167114258e-02
6.360363364219665527e-01
3.982492685317993164e-01
-6.274086982011795044e-02
6.121881008148193359e-01
4.695523381233215332e-01
-7.761177420616149902e-02
6.048170328140258789e-01
5.469143986701965332e-01
-7.237122952938079834e-02
6.889414191246032715e-01
5.315395593643188477e-01
-2.935689501464366913e-02
6.708326339721679688e-01
4.984470605850219727e-01
-6.481887400150299072e-02
6.347534060478210449e-01
5.931735634803771973e-01
-5.230543762445449829e-02
6.192741990089416504e-01
6.526740789413452148e-01
-3.073899075388908386e-02
7.268573641777038574e-01
5.682628750801086426e-01
-4.608374461531639099e-02
6.968184709548950195e-01
5.470532178878784180e-01
-5.372582003474235535e-02
6.739671826362609863e-01
6.013226509094238281e-01
-3.437661007046699524e-02
6.710194349288940430e-01
6.277682781219482422e-01
-1.533705741167068481e-02
