3.703956007957458496e-01
6.806882023811340332e-01
-4.326907117047085194e-07
4.341914951801300049e-01
6.333253979682922363e-01
4.217868298292160034e-02
4.630222618579864502e-01
5.566767454147338867e-01
6.407582014799118042e-02
4.638356268405914307e-01
4.904059767723083496e-01
7.828171551227569580e-02
4.431172907352447510e-01
4.524538218975067139e-01
9.009858220815658569e-02
4.782286882400512695e-01
4.881033897399902344e-01
3.820556402206420898e-02
4.448840320110321045e-01
4.016335606575012207e-01
5.477562174201011658e-02
4.150769412517547607e-01
4.054389595985412598e-01
6.520267575979232788e-02
4.040550291538238525e-01
4.237343668937683105e-01
7.090546190738677979e-02
4.507071971893310547e-01
4.539571702480316162e-01
2.028645575046539307e-02
4.230991303920745850e-01
3.538374304771423340e-01
3.586314618587493896e-02
3.951743245124816895e-01
3.672671020030975342e-01
4.579640552401542664e-02
3.822708725929260254e-01
3.965986669063568115e-01
5.156400799751281738e-02
4.124854207038879395e-01
4.314449727535247803e-01
7.069956511259078979e-03
3.867034316062927246e-01
3.476471900939941406e-01
2.407643385231494904e-02
3.678180575370788574e-01
3.660639226436614990e-01
3.294978663325309753e-02
3.627685606479644775e-01
3.927633166313171387e-01
3.492561727762222290e-02
3.672766089439392090e-01
4.217273592948913574e-01
-2.234396059066057205e-03
3.519002199172973633e-01
3.538693487644195557e-01
1.395794376730918884e-02
3.399858772754669189e-01
3.693422675132751465e-01
2.888367511332035065e-02
3.373153507709503174e-01
3.954432010650634766e-01
3.823092207312583923e-02
