5.824741721153259277e-01
6.987661123275756836e-01
-6.122003810560272541e-07
5.418540835380554199e-01
6.305937767028808594e-01
-1.521593704819679260e-02
5.528687238693237305e-01
5.220478773117065430e-01
-2.515777945518493652e-02
6.005259156227111816e-01
4.565022289752960205e-01
-3.762539476156234741e-02
6.429069042205810547e-01
4.077070355415344238e-01
-4.675294831395149231e-02
5.704262256622314453e-01
4.646525084972381592e-01
-1.611267914995551109e-03
5.555134415626525879e-01
4.137042164802551270e-01
-4.156123474240303040e-02
5.387307405471801758e-01
4.789336919784545898e-01
-6.442379206418991089e-02
5.345900654792785645e-01
5.407782793045043945e-01
-7.140251249074935913e-02
6.122666001319885254e-01
4.730329215526580811e-01
-1.014400273561477661e-02
6.004802584648132324e-01
3.795007765293121338e-01
-5.348977819085121155e-02
5.741619467735290527e-01
4.388681054115295410e-01
-6.658243387937545776e-02
5.626642107963562012e-01
5.043909549713134766e-01
-6.083501875400543213e-02
6.516982316970825195e-01
4.979248344898223877e-01
-2.378719486296176910e-02
6.243433952331542969e-01
4.636766910552978516e-01
-5.914881825447082520e-02
5.933480858802795410e-01
5.438826084136962891e-01
-5.062758922576904297e-02
5.830346345901489258e-01
5.960115194320678711e-01
-3.177204728126525879e-02
6.844136714935302734e-01
5.305039882659912109e-01
-3.950167447328567505e-02
6.487001180648803711e-01
5.013995766639709473e-01
-5.002177879214286804e-02
6.304004788398742676e-01
5.497937202453613281e-01
-3.441109135746955872e-02
6.341325640678405762e-01
5.768307447433471680e-01
-1.742113381624221802e-02
