6.339837908744812012e-01
9.618210196495056152e-01
-6.553149205501540564e-07
5.912756919860839844e-01
8.854234218597412109e-01
-2.001971937716007233e-02
6.156399846076965332e-01
7.555450201034545898e-01
-3.075355291366577148e-02
6.796137690544128418e-01
6.897100210189819336e-01
-4.291993752121925354e-02
7.347948551177978516e-01
6.434662342071533203e-01
-5.020664632320404053e-02
6.337044239044189453e-01
6.796873807907104492e-01
-6.535924971103668213e-03
6.224239468574523926e-01
6.332911252975463867e-01
-4.867348819971084595e-02
6.037463545799255371e-01
7.128490209579467773e-01
-7.296541333198547363e-02
6.011796593666076660e-01
7.817401885986328125e-01
-8.249741792678833008e-02
6.871886253356933594e-01
6.922680735588073730e-01
-1.492335367947816849e-02
6.791154742240905762e-01
5.950826406478881836e-01
-6.207993254065513611e-02
6.488699913024902344e-01
6.690127849578857422e-01
-7.612566649913787842e-02
6.392598152160644531e-01
7.433133125305175781e-01
-7.082800567150115967e-02
7.328143715858459473e-01
7.283358573913574219e-01
-2.864899672567844391e-02
7.080734372138977051e-01
7.013390660285949707e-01
-6.361006945371627808e-02
6.644195914268493652e-01
7.947493791580200195e-01
-4.883144423365592957e-02
6.460796594619750977e-01
8.495395183563232422e-01
-2.667748369276523590e-02
7.670795917510986328e-01
7.724503278732299805e-01
-4.576313868165016174e-02
7.300562262535095215e-01
7.609614133834838867e-01
-5.408006533980369568e-02
7.060265541076660156e-01
8.120194673538208008e-01
-3.537855297327041626e-02
7.068052291870117188e-01
8.325653076171875000e-01
-1.711810939013957977e-02
