8.851887583732604980e-01
9.370156526565551758e-01
-3.570080480130854994e-07
8.552486896514892578e-01
8.196205496788024902e-01
-2.124129235744476318e-02
8.818278908729553223e-01
6.971344947814941406e-01
-2.959595248103141785e-02
9.426800012588500977e-01
6.376871466636657715e-01
-4.253685846924781799e-02
9.952165484428405762e-01
5.965620279312133789e-01
-5.377410724759101868e-02
8.870221972465515137e-01
6.282602548599243164e-01
1.661474071443080902e-02
8.979963660240173340e-01
5.593686103820800781e-01
-2.881301939487457275e-02
9.043946862220764160e-01
6.237363815307617188e-01
-6.457722187042236328e-02
8.986203074455261230e-01
7.003170847892761230e-01
-7.892322540283203125e-02
9.442365765571594238e-01
6.427622437477111816e-01
9.942130185663700104e-03
9.590367674827575684e-01
5.459023118019104004e-01
-3.360493853688240051e-02
9.502872228622436523e-01
6.180434226989746094e-01
-6.098107621073722839e-02
9.336714744567871094e-01
6.982519626617431641e-01
-6.477654725313186646e-02
9.931457042694091797e-01
6.822620034217834473e-01
-4.108379129320383072e-03
1.000917196273803711e+00
6.240868568420410156e-01
-4.835454374551773071e-02
9.642242193222045898e-01
7.119562029838562012e-01
-5.569612979888916016e-02
9.300796985626220703e-01
7.824887633323669434e-01
-4.456121101975440979e-02
1.028574228286743164e+00
7.356726527214050293e-01
-2.019273117184638977e-02
1.015494227409362793e+00
7.086221575736999512e-01
-4.590758681297302246e-02
9.823812842369079590e-01
7.639324665069580078e-01
-4.091450199484825134e-02
9.568372964859008789e-01
8.088194131851196289e-01
-2.717496454715728760e-02
