5.359089374542236328e-01
9.378376007080078125e-01
-8.908216955205716658e-07
4.823694229125976562e-01
8.622119426727294922e-01
-2.737713232636451721e-02
4.987227320671081543e-01
7.135547995567321777e-01
-4.164911061525344849e-02
5.611564517021179199e-01
6.334266066551208496e-01
-5.743955075740814209e-02
6.191897988319396973e-01
5.783250331878662109e-01
-6.734149903059005737e-02
5.356119275093078613e-01
6.160875558853149414e-01
-7.848806679248809814e-03
4.997633993625640869e-01
5.687991976737976074e-01
-6.815741956233978271e-02
4.716875851154327393e-01
6.651338934898376465e-01
-1.027871668338775635e-01
4.672678112983703613e-01
7.528607249259948730e-01
-1.139296069741249084e-01
5.928736329078674316e-01
6.318517327308654785e-01
-1.642961055040359497e-02
5.590060353279113770e-01
5.317558050155639648e-01
-8.026055991649627686e-02
5.172806382179260254e-01
6.224947571754455566e-01
-9.620890766382217407e-02
5.028288960456848145e-01
7.104100584983825684e-01
-8.580099046230316162e-02
6.424205899238586426e-01
6.721247434616088867e-01
-3.350196033716201782e-02
5.869825482368469238e-01
6.532765030860900879e-01
-8.351553231477737427e-02
5.430231094360351562e-01
7.606775760650634766e-01
-7.019480317831039429e-02
5.297964811325073242e-01
8.236947059631347656e-01
-4.344234615564346313e-02
6.800739169120788574e-01
7.234341502189636230e-01
-5.454458296298980713e-02
6.208608746528625488e-01
7.160589694976806641e-01
-6.971810758113861084e-02
5.982071757316589355e-01
7.783918976783752441e-01
-5.050687119364738464e-02
6.072902083396911621e-01
8.047752976417541504e-01
-2.867090702056884766e-02
