5.604255199432373047e-01
7.914912700653076172e-01
-9.335209369965014048e-07
5.021123886108398438e-01
6.969850659370422363e-01
-2.672852389514446259e-02
5.184649229049682617e-01
5.381138920783996582e-01
-4.201726242899894714e-02
5.872296094894409180e-01
4.464287459850311279e-01
-5.983568727970123291e-02
6.522610187530517578e-01
3.819863796234130859e-01
-7.185719162225723267e-02
5.540421009063720703e-01
4.505333006381988525e-01
-3.717901417985558510e-03
5.206317901611328125e-01
3.887692093849182129e-01
-6.509865075349807739e-02
4.962866902351379395e-01
4.877533614635467529e-01
-1.005228385329246521e-01
4.910354316234588623e-01
5.776234865188598633e-01
-1.111619025468826294e-01
6.115710139274597168e-01
4.657063484191894531e-01
-1.306491997092962265e-02
5.819209218025207520e-01
3.479813933372497559e-01
-7.811226695775985718e-02
5.411856174468994141e-01
4.381706118583679199e-01
-9.632370620965957642e-02
5.238255858421325684e-01
5.287134051322937012e-01
-8.693449199199676514e-02
6.644369363784790039e-01
5.028579235076904297e-01
-3.107744641602039337e-02
6.191653609275817871e-01
4.610469341278076172e-01
-8.391366899013519287e-02
5.738260149955749512e-01
5.732588768005371094e-01
-7.099064439535140991e-02
5.591589808464050293e-01
6.446680426597595215e-01
-4.267467185854911804e-02
7.077192068099975586e-01
5.510742664337158203e-01
-5.277652665972709656e-02
6.573268771171569824e-01
5.128908157348632812e-01
-6.852509081363677979e-02
6.311229467391967773e-01
5.803592205047607422e-01
-4.678507149219512939e-02
6.368771791458129883e-01
6.169414520263671875e-01
-2.226398698985576630e-02
