3.138079345226287842e-01
9.797549247741699219e-01
-5.050421236774127465e-07
3.805173933506011963e-01
8.798286318778991699e-01
-4.795368388295173645e-02
3.764121234416961670e-01
7.332627773284912109e-01
-7.119038701057434082e-02
3.095476627349853516e-01
6.459839940071105957e-01
-9.138694405555725098e-02
2.528461813926696777e-01
5.743851661682128906e-01
-1.005905419588088989e-01
3.310334384441375732e-01
6.079273819923400879e-01
-2.113781124353408813e-02
3.930957913398742676e-01
5.812743306159973145e-01
-9.983094036579132080e-02
4.055094718933105469e-01
6.954943537712097168e-01
-1.440455019474029541e-01
4.019741714000701904e-01
7.933159470558166504e-01
-1.604453474283218384e-01
2.612576186656951904e-01
6.195887923240661621e-01
-2.421272359788417816e-02
3.202015757560729980e-01
5.532121658325195312e-01
-1.071237400174140930e-01
3.442097306251525879e-01
6.844486594200134277e-01
-1.271995455026626587e-01
3.536003232002258301e-01
7.863041162490844727e-01
-1.162127479910850525e-01
2.010806500911712646e-01
6.616981029510498047e-01
-3.987660259008407593e-02
2.740873396396636963e-01
6.804292201995849609e-01
-1.136948168277740479e-01
3.103592097759246826e-01
7.939863204956054688e-01
-1.088739484548568726e-01
3.157951831817626953e-01
8.494818210601806641e-01
-8.184979856014251709e-02
1.518309861421585083e-01
7.255711555480957031e-01
-6.037601456046104431e-02
2.281622439622879028e-01
7.550346851348876953e-01
-9.801807999610900879e-02
2.514005303382873535e-01
8.138924837112426758e-01
-9.137147665023803711e-02
2.370925247669219971e-01
8.213372230529785156e-01
-7.427699863910675049e-02
