2.885425984859466553e-01
7.637844681739807129e-01
-3.970465911606879672e-07
3.396172821521759033e-01
6.816582083702087402e-01
-3.469876199960708618e-02
3.369564712047576904e-01
5.643694400787353516e-01
-5.006618425250053406e-02
2.874397933483123779e-01
4.901426434516906738e-01
-6.401190906763076782e-02
2.475136369466781616e-01
4.268342256546020508e-01
-6.937060505151748657e-02
2.941267192363739014e-01
4.887141883373260498e-01
-1.146483980119228363e-02
3.386882245540618896e-01
4.407269358634948730e-01
-6.727357953786849976e-02
3.526981472969055176e-01
5.256896018981933594e-01
-9.518735855817794800e-02
3.502041995525360107e-01
5.985601544380187988e-01
-1.032573282718658447e-01
2.464833855628967285e-01
4.995973706245422363e-01
-1.335839927196502686e-02
2.916574776172637939e-01
4.181184172630310059e-01
-7.200589030981063843e-02
3.141771554946899414e-01
5.144591331481933594e-01
-8.301980793476104736e-02
3.186896145343780518e-01
5.868809223175048828e-01
-7.250326871871948242e-02
2.038919329643249512e-01
5.276184678077697754e-01
-2.482207678258419037e-02
2.598919868469238281e-01
5.097683668136596680e-01
-8.266761898994445801e-02
2.871603965759277344e-01
6.032165884971618652e-01
-7.622640579938888550e-02
2.861697077751159668e-01
6.499286293983459473e-01
-5.291538313031196594e-02
1.664649546146392822e-01
5.698655247688293457e-01
-3.891699016094207764e-02
2.229423373937606812e-01
5.539062619209289551e-01
-6.817204505205154419e-02
2.400404065847396851e-01
6.099886894226074219e-01
-5.781973153352737427e-02
2.239978760480880737e-01
6.309444308280944824e-01
-4.076124355196952820e-02
