2.739986479282379150e-01
8.436561822891235352e-01
-5.667676532539189793e-07
3.374899923801422119e-01
7.717060446739196777e-01
-6.089698150753974915e-02
3.425955176353454590e-01
6.284886002540588379e-01
-8.566726744174957275e-02
2.605803012847900391e-01
5.380362272262573242e-01
-1.040748581290245056e-01
2.084791958332061768e-01
4.638246893882751465e-01
-1.118351072072982788e-01
3.461730778217315674e-01
5.110784769058227539e-01
-2.564940601587295532e-02
3.507362306118011475e-01
5.007815361022949219e-01
-1.045950055122375488e-01
3.373599350452423096e-01
6.195355057716369629e-01
-1.491979956626892090e-01
3.310468494892120361e-01
7.045327425003051758e-01
-1.657972633838653564e-01
2.741183042526245117e-01
5.124378800392150879e-01
-2.170969545841217041e-02
2.809332311153411865e-01
4.339998960494995117e-01
-1.053635776042938232e-01
2.736195027828216553e-01
5.560984015464782715e-01
-1.278288066387176514e-01
2.791562974452972412e-01
6.473130583763122559e-01
-1.179572045803070068e-01
2.085596323013305664e-01
5.353403091430664062e-01
-3.143895417451858521e-02
2.096738517284393311e-01
5.331969857215881348e-01
-1.120991632342338562e-01
2.356250435113906860e-01
6.585307717323303223e-01
-1.093804836273193359e-01
2.622261047363281250e-01
7.201036214828491211e-01
-8.153732120990753174e-02
1.486854553222656250e-01
5.771858096122741699e-01
-4.616792500019073486e-02
1.558508872985839844e-01
6.012433767318725586e-01
-9.484519064426422119e-02
1.892912387847900391e-01
6.783034205436706543e-01
-9.121716767549514771e-02
2.195532321929931641e-01
6.960341334342956543e-01
-7.318353652954101562e-02
