3.897387683391571045e-01
7.454557418823242188e-01
-4.947724505655060057e-07
4.433993995189666748e-01
6.501060724258422852e-01
-4.620425775647163391e-02
4.343097507953643799e-01
4.986582398414611816e-01
-6.738933920860290527e-02
3.555032312870025635e-01
4.083879292011260986e-01
-8.541728556156158447e-02
2.912583947181701660e-01
3.471871614456176758e-01
-9.305374324321746826e-02
4.053598940372467041e-01
4.075086116790771484e-01
-2.651668712496757507e-02
4.258903563022613525e-01
3.188129067420959473e-01
-8.975955098867416382e-02
4.385921955108642578e-01
4.230454564094543457e-01
-1.192692965269088745e-01
4.381862580776214600e-01
5.081343650817871094e-01
-1.261003166437149048e-01
3.483273983001708984e-01
4.292515516281127930e-01
-2.861396409571170807e-02
3.546121418476104736e-01
2.892782688140869141e-01
-9.592388570308685303e-02
3.791974186897277832e-01
3.967489302158355713e-01
-1.091254502534866333e-01
3.940805494785308838e-01
4.880223870277404785e-01
-9.649750590324401855e-02
2.929273545742034912e-01
4.689021408557891846e-01
-4.093221202492713928e-02
3.192500174045562744e-01
4.065825939178466797e-01
-1.080839037895202637e-01
3.700278103351593018e-01
5.210166573524475098e-01
-9.823726862668991089e-02
3.925076425075531006e-01
5.942784547805786133e-01
-6.863655894994735718e-02
2.416390329599380493e-01
5.220513939857482910e-01
-5.679199472069740295e-02
2.753396630287170410e-01
4.705425202846527100e-01
-9.031335264444351196e-02
3.095578253269195557e-01
5.328792333602905273e-01
-7.474415749311447144e-02
3.156982958316802979e-01
5.684686899185180664e-01
-5.242080241441726685e-02
