4.008092582225799561e-01
6.432912349700927734e-01
-2.539258616707229521e-07
4.395490288734436035e-01
5.685282349586486816e-01
-3.333637863397598267e-02
4.304375052452087402e-01
4.604791700839996338e-01
-4.882187023758888245e-02
3.737672567367553711e-01
3.994699418544769287e-01
-6.278683245182037354e-02
3.268112540245056152e-01
3.578790426254272461e-01
-6.955949962139129639e-02
4.031324684619903564e-01
4.054441452026367188e-01
-1.341229211539030075e-02
4.228965938091278076e-01
3.391498029232025146e-01
-6.140928715467453003e-02
4.375354945659637451e-01
4.048031270503997803e-01
-8.613993227481842041e-02
4.407981634140014648e-01
4.660365283489227295e-01
-9.249706566333770752e-02
3.621293008327484131e-01
4.216691851615905762e-01
-1.432978361845016479e-02
3.778235912322998047e-01
3.230267465114593506e-01
-6.448497623205184937e-02
3.996741175651550293e-01
3.942517936229705811e-01
-7.554442435503005981e-02
4.100554585456848145e-01
4.594784379005432129e-01
-6.684342026710510254e-02
3.230338394641876221e-01
4.485433101654052734e-01
-2.337587252259254456e-02
3.538451194763183594e-01
4.051673412322998047e-01
-7.352283596992492676e-02
3.858896493911743164e-01
4.864751100540161133e-01
-6.759896874427795410e-02
3.945626616477966309e-01
5.393057465553283691e-01
-4.573871195316314697e-02
2.872170805931091309e-01
4.843100011348724365e-01
-3.489653766155242920e-02
3.261176347732543945e-01
4.436866044998168945e-01
-5.902118235826492310e-02
3.468721210956573486e-01
4.923290312290191650e-01
-4.700434580445289612e-02
3.403097093105316162e-01
5.229982733726501465e-01
-2.958366088569164276e-02
