3.844443261623382568e-01
6.367979049682617188e-01
-3.843821900773036759e-07
4.485194385051727295e-01
5.516889691352844238e-01
3.541707061231136322e-03
4.608052074909210205e-01
4.671844840049743652e-01
-2.112108981236815453e-03
4.608786702156066895e-01
4.012143015861511230e-01
-1.242361497133970261e-02
4.629028737545013428e-01
3.445067703723907471e-01
-1.750344596803188324e-02
3.812668323516845703e-01
3.809671401977539062e-01
3.821788355708122253e-03
4.688249230384826660e-01
3.579710423946380615e-01
-2.840815857052803040e-02
4.766726791858673096e-01
4.241724610328674316e-01
-4.528541862964630127e-02
4.616123735904693604e-01
4.663331210613250732e-01
-5.235700681805610657e-02
3.709258437156677246e-01
3.896777331829071045e-01
-1.073310896754264832e-02
4.828986525535583496e-01
3.790218532085418701e-01
-3.913919255137443542e-02
4.819889962673187256e-01
4.534496068954467773e-01
-4.079294577240943909e-02
4.616056978702545166e-01
4.894411563873291016e-01
-3.663972020149230957e-02
3.742541372776031494e-01
4.120274782180786133e-01
-2.897949889302253723e-02
4.865488111972808838e-01
4.363428950309753418e-01
-5.494973808526992798e-02
4.777654707431793213e-01
5.045527219772338867e-01
-4.866619780659675598e-02
4.541798830032348633e-01
5.294574499130249023e-01
-3.898390755057334900e-02
3.879461288452148438e-01
4.440727829933166504e-01
-4.783124849200248718e-02
4.770691394805908203e-01
4.659458994865417480e-01
-6.139601394534111023e-02
4.776315093040466309e-01
5.114926099777221680e-01
-5.790155380964279175e-02
4.618786871433258057e-01
5.248609781265258789e-01
-5.220560729503631592e-02
