7.662130594253540039e-01
7.810026407241821289e-01
-1.110455855268810410e-06
7.020637392997741699e-01
6.876644492149353027e-01
-2.996365772560238838e-03
7.051409482955932617e-01
5.704829096794128418e-01
-8.458064869046211243e-03
7.286958694458007812e-01
4.867202043533325195e-01
-1.906462199985980988e-02
7.490696310997009277e-01
4.179118871688842773e-01
-2.567525766789913177e-02
7.804386019706726074e-01
4.783341884613037109e-01
1.168213877826929092e-02
7.115142941474914551e-01
4.175447821617126465e-01
-2.636997215449810028e-02
6.697989106178283691e-01
4.959231019020080566e-01
-4.863816872239112854e-02
6.593276262283325195e-01
5.707610249519348145e-01
-5.616832524538040161e-02
8.050829768180847168e-01
4.820812344551086426e-01
-5.750944837927818298e-04
7.065676450729370117e-01
4.467340111732482910e-01
-3.995164483785629272e-02
6.755747199058532715e-01
5.364933609962463379e-01
-5.008842796087265015e-02
6.765184402465820312e-01
6.003097891807556152e-01
-4.656143486499786377e-02
8.222301602363586426e-01
5.023254156112670898e-01
-1.814781874418258667e-02
7.185409069061279297e-01
4.937383532524108887e-01
-4.904571548104286194e-02
7.077656984329223633e-01
5.835745334625244141e-01
-4.068645834922790527e-02
7.221035361289978027e-01
6.400955319404602051e-01
-2.654549665749073029e-02
8.297350406646728516e-01
5.358022451400756836e-01
-3.783438727259635925e-02
7.418228983879089355e-01
5.394779443740844727e-01
-5.360564962029457092e-02
7.398330569267272949e-01
5.998407602310180664e-01
-4.672537371516227722e-02
7.588959336280822754e-01
6.351892352104187012e-01
-3.550829738378524780e-02
